αωE	0.1	0.2	0.3	0.4	0.5	0.6	0.7	0.8	0.9	1.0	1.1	1.2	1.3	1.4	1.5	1.6	1.7	1.8	1.9	2.0
12.0	-14.625380399317354	-14.792464638974234	-14.959286832925734	-15.12583888442272	-15.292111875205805	-15.458095989033552	-15.62378042897818	-15.789153328481259	-15.95420165590848	-16.118911112793217	-16.283266026026688	-16.447249234401777	-16.61084197056821	-16.774023739443837	-16.936772194969627	-17.099063017546474	-17.260869795236747	-17.422163912632982	-17.582914452192448	-17.743088113776405
11.9	-14.464293474009285	-14.63150995842916	-14.798468346821949	-14.965160561639742	-15.131577683660733	-15.297709871762184	-15.463546275945848	-15.629074943554844	-15.794282718381375	-15.95915513281686	-16.123676293275963	-16.28782875929936	-16.45159341741	-16.614949350832788	-16.77787370707432	-16.94034156588007	-17.10232581091301	-17.263797009418102	-17.424723305147566	-17.585070330889046
11.8	-14.30382432793595	-14.471175795935054	-14.63827328718115	-14.805108749988186	-14.971673270340794	-15.13795698769939	-15.303949003494104	-15.469637282191655	-15.635008544583606	-15.80004815340294	-15.964739991467837	-16.129066332749776	-16.293007707455136	-16.45654276229589	-16.61964811806371	-16.782298227218206	-16.94446523512328	-17.106118849597678	-17.26722622459145	-17.42775186501089
11.7	-14.14398149988963	-14.311470782676718	-14.478710385997726	-14.645692291292036	-14.812407596525638	-14.978846427801159	-15.144997843043114	-15.310849727578127	-15.47638868120221	-15.641599896785358	-15.806467030574403	-15.970972064575655	-16.1350951621175	-16.29881451783532	-16.462106204317408	-16.624944018334823	-16.787299330607528	-16.949140944224094	-17.11043496812883	-17.271144713472452
11.6	-13.984773733839592	-14.152403759386264	-14.319788589707183	-14.486920247289518	-14.653789849520685	-14.820387515860514	-14.986702266421648	-15.152721911702447	-15.318432932996831	-15.483820353468133	-15.648867599998049	-15.813556356169322	-15.977866407488548	-16.141775480158465	-16.30525907577007	-16.468290305069115	-16.63083972510247	-16.79287518536552	-16.954361690046348	-17.115261285039875
11.5	-13.826209986188424	-13.993983783865641	-14.161517067016877	-14.328801907819248	-14.495829451250387	-14.66258981756635	-14.829071995459238	-14.995263725553109	-15.161151373686145	-15.326719793887943	-15.49195218110411	-15.65682991399365	-15.821332388905397	-15.985436846408604	-16.149118192889127	-16.312348820616766	-16.475098430981745	-16.637333867087644	-16.79901896356788	-16.960114423299764
11.4	-13.668299433372308	-13.836220138877735	-14.003905217130818	-14.17134679942782	-14.338536067307277	-14.505463150059313	-14.67211701212051	-14.838485329914477	-15.004554357495046	-15.170308780811485	-15.335731560573965	-15.500803764001049	-15.665504386546367	-15.829810165044197	-15.993695384933527	-16.157131685241424	-16.320087866459474	-16.482529708137484	-16.644419804938202	-16.805717431971424
11.3	-13.511051479834514	-13.679122340431253	-13.84696267839372	-14.014564694429332	-14.181919616489072	-14.349017592018164	-14.51584756922339	-14.682397166807206	-14.848652531418029	-15.014598182531692	-15.180216844652058	-15.345489267054937	-15.510394032152746	-15.6749073539813	-15.839002869624117	-16.00265142755605	-16.165820878524972	-16.32847587651506	-16.49057769952412	-16.65208410235487
11.2	-13.354475766391886	-13.522700146482833	-13.690699337382323	-13.85846562044594	-14.025990280858778	-14.193263494318654	-14.360274201786233	-14.527009971624917	-14.693456848257949	-14.859599186932023	-15.025419474368569	-15.190898135449928	-15.3560133269876	-15.520740720127623	-15.685053274374653	-15.848921007543424	-16.012310767798994	-16.175186016142746	-16.337506630218883	-16.499228743149875
11.1	-13.198582179021066	-13.366963566086177	-13.53512533847536	-13.703059870465282	-13.870758516365985	-14.038211491307386	-14.205407739053797	-14.372334786025291	-14.538978580507838	-14.705323316497562	-14.871351241828677	-15.037042450637024	-15.20237466115676	-15.36732298045423	-15.53185965925164	-15.695953841508647	-15.859571315528786	-16.02267427587215	-16.185221108258503	-16.347166212914033
11.0	-13.043380858090963	-13.211922869017503	-13.38025109393418	-13.548358013450539	-13.71623506407133	-13.883872512737362	-14.051259317256346	-14.218382971638189	-14.385229335149276	-14.55178244435865	-14.71802430767086	-14.883934682274123	-15.049490834433556	-15.21466728476982	-15.379435541854644	-15.543763829183114	-15.707616812969864	-15.870955341102476	-16.03373620694409	-16.19591195546308
10.9	-12.888882208071024	-13.057588595908868	-13.226087294531034	-13.394370905543973	-13.562430962019796	-13.73025779641982	-13.897840393162966	-14.065166224662129	-14.232221069450041	-14.398988811465877	-14.565451219809091	-14.731587708737976	-14.89737507874688	-15.06278724038572	-15.227794924335846	-15.392365383231539	-15.556462093438512	-15.72004446832429	-15.883067598455812	-16.045482038560237
10.8	-12.735096907750524	-12.903971568925598	-13.07264492076321	-13.241109701908336	-13.409357557812644	-13.577378901647577	-13.745162758495692	-13.912696591426602	-14.079966107853437	-14.246955045003943	-14.413644933588184	-14.580014839250754	-14.74604108251502	-14.91169693888564	-15.076952322808975	-15.241773461450663	-15.406122567362186	-15.569957522950219	-15.733231594205703	-15.895893196289471
10.7	-12.582035920997022	-12.751082903026482	-12.91993525469745	-13.088585869253972	-13.257026521934076	-13.425247723455396	-13.59323855527849	-13.760986485007884	-13.928477160061654	-14.09569417816789	-14.2626188334984	-14.429229837795674	-14.595503017032176	-14.761410985245696	-14.926922799435474	-15.09200360199194	-15.256614260704698	-15.42071102084892	-15.5842451891639	-15.747162875565161
10.6	-12.429710508099443	-12.598934017847895	-12.767969892490019	-12.93681119910536	-13.105449861892758	-13.273876507786674	-13.44208029220382	-13.610048702995265	-13.777767340429826	-13.945219671439364	-14.112386756615066	-14.279246949020411	-14.445775565145464	-14.611944529586864	-14.777721997519347	-14.943071961993015	-15.107953857203059	-15.272322174065629	-15.436126110671948	-15.599309287296178
10.5	-12.278132237732251	-12.447536650257735	-12.616760757634633	-12.785797821864826	-12.954639937245005	-13.12327786764504	-13.291700862107955	-13.45989644651673	-13.627850188799531	-13.795545435519553	-13.962963017951175	-14.13008092635441	-14.296873952494156	-14.463313301884494	-14.62936617999479	-14.794995360064211	-14.960158744924192	-15.124808941289778	-15.288892872337899	-15.4523514627997
10.4	-12.127312999586486	-12.296902867630362	-12.466320114994058	-12.635558221737892	-12.804609475574583	-12.97346480031742	-13.142113560658373	-13.310543340646053	-13.478739692919987	-13.64668585609564	-13.81436243793792	-13.981747062601052	-14.148813981625842	-14.315533650011751	-14.481872271752685	-14.647791323150505	-14.813247067734004	-14.978190083724437	-15.142564833704109	-15.306309316149195
10.3	-11.977265017717315	-12.147045081894593	-12.316660585677727	-12.48610525259118	-12.655371589511297	-12.824450705765194	-12.993332106366953	-13.162003456328957	-13.3304503126217	-13.498655820642757	-13.666600372278669	-13.834261223303052	-14.001612069351975	-14.16862258155423	-14.335257906327108	-14.501478138378321	-14.667237782374455	-14.832485227123643	-14.997162266492678	-15.161203713244815
10.2	-11.828000864662897	-11.997976064417674	-12.167795162833169	-12.337452154821253	-12.506939794878718	-12.676249406290857	-12.845370662058095	-13.014291333983426	-13.182997005931757	-13.351470747491817	-13.51969274445878	-13.687639883227337	-13.855285287765298	-14.022597809906857	-14.18954147755238	-14.356074910603333	-14.522150721966582	-14.687714930898663	-14.852706428369302	-15.017056548514825
10.1	-11.679533476389693	-11.849708961789553	-12.019737228426159	-12.189612573320808	-12.359328030073659	-12.528875167601534	-12.69824385793681	-12.867422008949497	-13.036395257345323	-13.205146617426674	-13.373656081236291	-13.541900166370233	-13.709851409411094	-13.877477805251987	-14.044742196909867	-14.2116016265061	-14.378006666908172	-14.543900765356549	-14.709219645328275	-14.87389083029566
10.0	-11.531876168132072	-11.702257312580457	-11.872500571093727	-12.042600576639625	-12.212550676790901	-12.382342721403713	-12.551966816419451	-12.721411038988464	-12.890661108498556	-13.059700008115051	-13.228507551490832	-13.3970598899505	-13.565328957189362	-13.733281851125113	-13.900880157416788	-14.06807922624089	-14.234827424316352	-14.401065398331989	-14.56672540399475	-14.73173077609822
9.9	-11.385042651195683	-11.55563506515178	-11.726099405160632	-11.896430677445931	-12.066622582219267	-12.236667289682678	-12.40655517891312	-12.576274534058182	-12.74581119152468	-12.915148131722955	-13.084265008868401	-13.253137612936735	-13.42173725966766	-13.590030107404537	-13.757976405070272	-13.92552968383799	-14.092635917390256	-14.259232692713491	-14.425248455372108	-14.590601919150002
9.8	-11.23904705080269	-11.409856596609512	-11.580548390922228	-11.75111785440982	-11.921559082852685	-12.091864610837657	-12.262025134753127	-12.432029188624906	-12.601862765416989	-12.771508876120027	-12.940947038733677	-13.110152689753088	-13.279096512609435	-13.447743680721528	-13.616053019060097	-13.78397609780041	-13.951456286344866	-14.118427816659596	-14.284814931839342	-14.450531227807843
9.7	-11.093903925063959	-11.264936732997398	-11.435862656308323	-11.606677575641267	-11.777376030075285	-11.947950967867587	-12.118393452538527	-12.288692316809378	-12.458833755773533	-12.628800850149025	-12.798573010030916	-12.968125329923213	-13.137427847675427	-13.30644470348431	-13.475133202210952	-13.643442793635963	-13.811314002910137	-13.97867736866216	-14.145452479534958	-14.311547239661149
9.6	-10.949628285176026	-11.12089077083941	-11.292057820053003	-11.46312582383398	-11.634089817702936	-11.80494321882897	-11.975677514139637	-12.146281890711233	-12.316742798358911	-12.48704343351366	-12.657163132760706	-12.827076664556984	-12.996753409445862	-13.166156422954684	-13.335241383423895	-13.503955440439631	-13.672236000818073	-13.840009520060368	-14.007190408659476	-14.173680212385866
9.5	-10.806235616943546	-10.977734500152557	-11.149150016514454	-11.320479123283441	-11.491717411684235	-11.66285882981737	-11.833895351692156	-12.00481658230923	-12.175609286989994	-12.346256831937007	-12.516738521913323	-12.687028820760224	-12.857096442144849	-13.026903302122248	-13.196403334276111	-13.365541184114525	-13.534250825238951	-13.702454178161611	-13.870059864698595	-14.036962293649504
9.4	-10.663741903750385	-10.835484229066214	-11.007155922302161	-11.178754568970607	-11.350276382195169	-11.52171591076096	-11.69306568794049	-11.864315809398898	-12.035453426340688	-12.206462138360598	-12.377321268859887	-12.548005005267992	-12.718481387743454	-12.888711134508497	-13.058646302431463	-13.228228800421137	-13.39738880480918	-13.566043173812957	-13.73409402412184	-13.901427712580723
9.3	-10.522163651103241	-10.694156810197558	-10.866092784892729	-11.037969857926473	-11.209784938391483	-11.381533254357148	-11.553207980349923	-11.72479978610806	-11.89629629036591	-12.06768140110067	-12.23893452140296	-12.410029598875338	-12.580933997488946	-12.751607175525134	-12.921999165145943	-13.092048871814269	-13.261682250761707	-13.430810478122673	-13.599328318752326	-13.7671129954529
9.2	-10.381517912898808	-10.55376966895469	-10.725978453433772	-10.898143323123115	-11.070261966121986	-11.242330378533568	-11.414342469475606	-11.586289578621539	-11.75815988717435	-11.929937700056357	-12.101602573938031	-12.273128263585328	-12.444481459379205	-12.615620293642555	-12.786492606968219	-12.957033993024519	-13.127165688784158	-13.29679245409848	-13.465800693726694	-13.634057208199176
9.1	-10.241822319573213	-10.414340833957318	-10.586831411967253	-10.75929397017072	-10.931727068951151	-11.10412757287533	-11.276490232158503	-11.448807166862197	-11.621067231337436	-11.793255232288114	-11.96535096949041	-12.137328064832674	-12.309152544709402	-12.480781145444025	-12.652159326799463	-12.823219011641745	-12.993876130669392	-13.164028150299542	-13.333551904744182	-13.50230222802263
9.0	-10.103095108316896	-10.275888969791325	-10.448670815329866	-10.621441517139303	-10.794200612891586	-10.966945949531487	-11.13967324021644	-11.312375513011988	-11.485042424818529	-11.65765940856305	-11.830206615789276	-12.002657611704711	-12.174977777603713	-12.34712237971384	-12.519034280879907	-12.690641311673112	-12.861853394696658	-13.032559645248847	-13.202625861070754	-13.371893045419432
8.9	-9.965355155563003	-10.138433412339726	-10.311516528026871	-10.484606437872191	-10.65770377531105	-10.830807499200816	-11.00391442542003	-11.17701863792829	-11.350110747948902	-11.52317696281496	-11.696197918048357	-11.86914721881012	-12.041989632478177	-12.214678877129638	-12.387154970141419	-12.559341150334314	-12.731140486134835	-12.902432453379635	-13.073070021367748	-13.242878095942464
8.8	-9.828622011977746	-10.00199420696812	-10.175389166418023	-10.34881000921373	-10.522258598553007	-10.6957351529009	-10.869237751689328	-11.042761706720489	-11.21629876218454	-11.389836076914877	-11.563354931777946	-11.736829094400795	-11.910222765749097	-12.083488033984125	-12.256561782892293	-12.42936206141209	-12.60178405249115	-12.773696005732797	-12.944935849547706	-13.115309617228432
8.7	-9.69291594021416	-9.866592149879125	-10.04031014460232	-10.214074362639876	-10.38788804890193	-10.561752850351358	-10.735668295628678	-10.909631125015741	-11.083634426763501	-11.257666523722328	-11.431709539808097	-11.605737560616774	-11.779714289942094	-11.953590101327164	-12.127298407261366	-12.300751342734857	-12.473834932403546	-12.646404221459868	-12.818279336922577	-12.989244019910329
8.6	-9.558257955732081	-9.732248832996305	-9.906301724450424	-10.08042254086015	-10.254616081632582	-10.428885615957102	-10.603232336741248	-10.777654647773026	-10.952147231879325	-11.12669983213362	-11.301295658830968	-11.475909313420031	-11.65050410086303	-11.825028593366975	-11.999412332634511	-12.173560651083951	-12.34734882274004	-12.520616189243128	-12.693161593756603	-12.864742248925054
8.5	-9.424669871017576	-9.59898669279192	-9.773387070300144	-9.94787856005445	-10.12246771301737	-10.297159643569287	-10.471957458945935	-10.64686150292509	-10.82186835162328	-10.99696947882249	-11.172149482277382	-11.34738373209121	-11.522635271959695	-11.697850785897732	-11.872955466102775	-12.047846735977975	-12.222387095950856	-12.396396980484644	-12.569649505807254	-12.741870090997352
8.4	-9.292174343593505	-9.46682906353465	-9.641590308917996	-9.816467478524018	-9.991469100327516	-10.166602391437822	-10.341872665372007	-10.517282532664998	-10.692830820780117	-10.868511112668708	-11.044309768384812	-11.220203251349448	-11.396154534882035	-11.572108330789423	-11.747984899689667	-11.923672355231759	-12.09901780948843	-12.273818617206564	-12.447816435518359	-12.620698349477866
8.3	-9.160794928266101	-9.33580023550881	-9.510936595428205	-9.68621547267572	-9.86164763106592	-10.037242689067037	-10.213008508856534	-10.388950355889376	-10.565069740657956	-10.7413628196204	-10.91781818511973	-11.094413813632894	-11.271112872240613	-11.447858023934216	-11.624563878401018	-11.80110743162731	-11.9773169614976	-12.15296121396717	-12.32774291586961	-12.501302751743495
8.2	-9.030556134119214	-9.205925518847867	-9.38145218603323	-9.557149921430666	-9.733032022918918	-9.909110858058492	-10.085397241145344	-10.261899556220557	-10.438622520597159	-10.615565440180395	-10.79271972754033	-10.970065425484023	-11.14756625879763	-11.325162779965277	-11.502763040489798	-11.680230533843147	-11.85737006165197	-12.033914297928042	-12.209517224408502	-12.383763368101977
8.1	-8.901483486853797	-9.077231313728632	-9.253164518499306	-9.42929950035972	-9.60565243622571	-9.782238849502908	-9.959072984545227	-10.136166901231876	-10.313529163783748	-10.491162938570534	-10.66906322876867	-10.847212851348322	-11.025576602658015	-11.204092889541316	-11.382662033993151	-11.561130799514657	-11.739274100506524	-11.916778269664437	-12.093235613654738	-12.268163198898268
8.0	-8.773603597161058	-8.949745187808617	-9.126102301560135	-9.302694287110743	-9.479540601158439	-9.656660401091138	-9.834071930753728	-10.011791600114405	-10.189832608715035	-10.368202884881407	-10.546901993852664	-10.725916492106702	-10.90521296161947	-11.08472767358333	-11.264351664834335	-11.443910468870529	-11.623140006510724	-11.801665868257178	-11.979001778848957	-12.154585440310498
7.9	-8.646944235938891	-8.823495961941667	-9.000295614617308	-9.177365880021659	-9.354729962306836	-9.532411217909525	-9.71043257289057	-9.888815609214406	-10.067579141467519	-10.246737003093331	-10.426294597856957	-10.606243517198045	-10.78655314725426	-10.967157708463207	-11.147936814306139	-11.328688269535462	-11.509095651864921	-11.688703283588694	-11.866924829000922	-12.04310883174592
7.8	-8.521534417299433	-8.698513805405609	-8.875776019393411	-9.05334753222701	-9.231255844004897	-9.409529181923622	-9.588195978499607	-9.767283997898135	-9.94681889932742	-10.126821891702415	-10.307305907920696	-10.488269353316793	-10.669685890741329	-10.851487898063676	-11.033540500365039	-11.215603989063691	-11.397289338119547	-11.578030096877772	-11.757114598724852	-11.933800582957835
7.7	-8.397404490490423	-8.574830342112374	-8.75257668554111	-8.930674304093925	-9.109155640573672	-9.288054596536707	-9.467406113668279	-9.64724539145151	-9.827606494202803	-10.008519923471173	-10.19000841794346	-10.37207968870768	-10.554713849588582	-10.737841847016512	-10.921309689256741	-11.104824671945124	-11.287893279573801	-11.469796344727435	-11.64967278269638	-11.82670696020024
7.6	-8.274586242057994	-8.452478769568796	-8.630732532650931	-8.809383237501514	-8.988469036751534	-9.168030474470138	-9.3481102317071	-9.52875251380735	-9.710001795918517	-9.891900411578543	-10.07448403161967	-10.25777324799262	-10.441757923127414	-10.626368318557956	-10.811423865506306	-10.996552870016096	-11.181105462299506	-11.364153588388028	-11.544678715337412	-11.72184290417163
7.5	-8.153113009845411	-8.331493992729895	-8.51028039165913	-8.689513556358898	-8.869238265043453	-9.049502879753787	-9.230359344476762	-9.41186286179484	-9.594070933324321	-9.777041150142066	-9.960826509257958	-10.145465764949702	-10.330963703845143	-10.517251203868213	-10.704108057031643	-10.891036794733907	-11.077145454533815	-11.261235582291079	-11.4421707839638	-11.619183709509116
7.4	-8.033019810739114	-8.211912775353962	-8.391259189375921	-8.571106898914145	-8.75150840868808	-8.932521338143514	-9.114208801130694	-9.296639555942619	-9.479887599187133	-9.66403050097714	-9.849144935474708	-10.035295910012955	-10.22251162582329	-10.41072577576972	-10.599653074228605	-10.788579350459267	-10.976234227087975	-11.16112594508078	-11.342128896362226	-11.518662469714094
7.3	-7.914343484482213	-8.093773912071393	-8.273710160787724	-8.454207588947373	-8.635327761631153	-8.817139335269927	-8.999719008859499	-9.18315243340826	-9.367534790504694	-9.55297030609496	-9.739568831559957	-9.927434606696906	-10.116634014066193	-10.307107038838081	-10.498446452296795	-10.689532456214728	-10.87854296825644	-11.063820225353684	-11.244467107793298	-11.420175250076735
7.2	-7.797122856387466	-7.97711842514625	-8.157677095016398	-8.338862955016372	-8.520748260634415	-8.703414929013537	-8.886956345018959	-9.071479481258777	-9.25710719334325	-9.443980103136344	-9.63225607576141	-9.822100703806376	-10.013646373003635	-10.206843362833384	-10.401011169697053	-10.594235438376195	-10.78411024959718	-10.969204872940779	-11.149042537401694	-11.32359241005707
7.1	-7.681398922431377	-7.861989790917097	-8.043206622451267	-8.225123709766015	-8.407826009941711	-8.591411513205829	-8.775994332960893	-8.961708762167572	-9.148714559251847	-9.337203508763963	-9.527405990160904	-9.71958990869279	-9.91401248521509	-10.110626112889573	-10.307994235610025	-10.502840622265957	-10.692780110225197	-10.877073567837641	-11.055677009287054	-11.228771940124073
7.0	-7.567215061061942	-7.748434202219251	-7.9303485527766835	-8.11304440526564	-8.296621926570518	-8.48119878579425	-8.666915190626826	-8.85394107729612	-9.042486680859708	-9.232818461686868	-9.425282943958813	-9.62033602463045	-9.818508721333632	-10.019589638029299	-10.219853739853413	-10.41512086689833	-10.604234442719179	-10.787172201411256	-10.964180977945357	-11.135570928715318
6.9	-7.45461727714104	-7.63650087485396	-7.819156276637477	-8.002683985939772	-8.187202545592255	-8.372853999581537	-8.559811922099831	-8.748293779214746	-8.938581103701132	-9.131054981004123	-9.326264711209909	-9.52507360180692	-9.728794905121699	-9.93503895029815	-10.136223532972245	-10.330541669528724	-10.518096223927348	-10.699243419446866	-10.874371399632064	-11.043853338082954
6.8	-7.343654484900112	-7.526242408543688	-7.7096872478923615	-7.8941064687574585	-8.079641041888497	-8.266463613852904	-8.454791228721632	-8.644906472358239	-8.837195892589738	-9.03222951547572	-9.230964469019135	-9.435559920967897	-9.648534363796404	-9.85625217199031	-10.056107660360102	-10.24852520393032	-10.434013511376786	-10.613053037328712	-10.786081430734011	-10.953494175490386
6.7	-7.234378838713484	-7.4177152160769015	-7.602003569371265	-7.787381792324965	-7.9740185516015725	-8.16212553250605	-8.351977711900092	-8.543950017180393	-8.738592758071698	-8.936823697628366	-9.140712034507498	-9.361378978692063	-9.575695794192193	-9.781200583038094	-9.978622072149982	-10.168598465365683	-10.35169171931928	-10.528399302318421	-10.699163836078988	-10.864381025679265
6.6	-7.126846123121245	-7.310980038890117	-7.49617271368945	-7.682586894717311	-7.8704259196649335	-8.059952232295394	-8.251520223656875	-8.445641826428705	-8.643144881389114	-8.845732595259403	-9.07537629046783	-9.295386539888732	-9.50627338359726	-9.708657674840945	-9.90317245049798	-10.090406940589931	-10.270894199614945	-10.44511254716026	-10.61349077897661	-10.776413982440355
6.5	-7.021116217130686	-7.206102573802777	-7.392268423468197	-7.579807108325589	-7.768966072331752	-7.960075303547823	-8.153602040834246	-8.350274632007533	-8.551460188584599	-8.791410264134036	-9.016144893610253	-9.231885575810242	-9.438997842389679	-9.63797884067535	-9.829366715754775	-10.013687484631937	-10.191432387990373	-10.363051115110189	-10.528951974328614	-10.689504758595435
6.4	-6.917253652871878	-7.103154244994657	-7.290371854767395	-7.479138006026492	-7.669757341357659	-7.862652360080542	-8.058458493219693	-8.258279630328163	-8.464907614832772	-8.738463269754602	-8.95854066000798	-9.170041901570986	-9.373310356855715	-9.568782789716398	-9.756934847880107	-9.938241438999668	-10.113155077999847	-10.28209654363958	-10.445452335316293	-10.603575463126482
6.3	-6.815328295871051	-7.002213169243854	-7.190573058021872	-7.380687910507492	-7.5729383046114584	-7.767878216233461	-7.966411100774405	-8.170409089098783	-8.462530120667232	-8.686577717925404	-8.902141911497058	-9.10946796777674	-9.308892892739095	-9.500819622571953	-9.685681842391713	-9.863915258555984	-10.03593956153844	-10.202149173620413	-10.362909656084824	-10.518557316320178
6.2	-6.715416184675529	-6.903365383678905	-7.092972940216477	-7.284581415528152	-7.478675184047869	-7.676004517112361	-7.877946238741174	-8.188344468553295	-8.416163644688623	-8.635549589249782	-8.846715312181606	-9.04993314969933	-9.245538539614019	-9.433913159459806	-9.615461012065634	-9.79058746785682	-9.95968490004714	-10.123124501235651	-10.281252546214061	-10.434389436401403
6.1	-6.61760058318438	-6.806706438683872	-6.997685935538035	-7.190964524127493	-7.387173883170027	-7.5873785439422505	-7.793967497043927	-8.147325596215516	-8.37040278949987	-8.585246919304163	-8.792109499979695	-8.991282511333107	-9.183101182557449	-9.367932479122173	-9.546158279083466	-9.718159917129825	-9.884306943973128	-10.044950260944873	-10.200418673539458	-10.351017752965204
6.0	-6.521973322979479	-6.712343512947816	-6.904843759725928	-7.100012523583089	-7.298701309280144	-7.502535862440319	-7.879976701245855	-8.106732164250559	-8.325174562172705	-8.535576177918465	-8.73821717506785	-8.933403979739387	-9.121471748866755	-9.302776389817804	-9.477682489586604	-9.646551826740515	-9.809734656691928	-9.967564127052203	-10.120353302900583	-10.268394061463994
5.9	-6.42863655080142	-6.620398299868166	-6.81460090132809	-7.011942849557007	-7.213628082935269	-7.422523415298426	-7.844468255516862	-8.06652419346834	-8.280423178771397	-8.486467077263507	-8.684957766972387	-8.876212313792806	-9.060565483269523	-9.238364268405473	-9.409959170301851	-9.57569564073482	-9.73590738216072	-9.890911908440911	-10.041008093497341	-10.186475213237268
5.8	-6.337705058368886	-6.531011078845671	-6.727143064404167	-6.927038003864251	-7.132532916267269	-7.583438598655947	-7.809233792368244	-8.026669237585946	-8.236104402718112	-8.437864584906695	-8.632268269071755	-8.819640273227897	-9.000314494578625	-9.1746303150266	-9.342926343233737	-9.505534073026789	-9.662772791172147	-9.814946126770607	-9.962340112507464	-10.105222427287783
5.7	-6.249309477875336	-6.444346695795993	-6.6427010204252745	-6.845691874791207	-7.056589070558621	-7.553144621786543	-7.774254918315139	-7.987140355119746	-8.192182166928223	-8.389724281450672	-8.58009789519823	-8.763633325790419	-8.940663089640669	-9.111519769288236	-9.27653162341652	-9.436017956614451	-9.590285317887218	-9.739624890172836	-9.884311025657707	-10.024600707589984
5.6	-6.1636008174813846	-6.360603810155682	-6.561575441793609	-6.768524793936593	-7.297978953115429	-7.5230302793267185	-7.739515765734298	-7.947914764059786	-8.148626420981838	-8.342009460330402	-8.528404736465859	-8.70814626935425	-8.881564697512395	-9.048986316971138	-9.210730146821815	-9.367104645538577	-9.518404954025563	-9.664910994476287	-9.806886431109902	-9.944578350093629
5.5	-6.08075717669734	-6.2800301832179155	-6.484187590202253	-6.696828902225657	-7.2727305353645235	-7.493086607355346	-7.705002484977395	-7.908972910813355	-8.105411687898568	-8.294689214236389	-8.477153554029412	-8.653140968521432	-8.822979756522498	-8.98699025299472	-9.145483053177426	-9.29875680550507	-9.447096307050082	-9.590771200249904	-9.73003530898132	-9.865126525145142
5.4	-6.000994237502523	-6.202950389077159	-6.411207487219958	-7.022928324775275	-7.247598306105717	-7.463305567160048	-7.6707028670465505	-7.870297803396881	-8.062516057066038	-8.247737117126128	-8.426314258682833	-8.598584777703815	-8.764874212967836	-8.925497143420994	-9.0807563504546	-9.23094148330617	-9.376327855650633	-9.517175646507052	-9.653729564168508	-9.786218922977357
5.3	-5.9245828542669265	-6.1298233487300875	-6.34407624785162	-7.002637617412425	-7.222577883579598	-7.433679903128835	-7.6366060568570155	-7.831874520177204	-8.01992045823448	-8.201130284398678	-8.37586082695367	-8.54444940682011	-8.707218423952856	-8.864476827561703	-9.016520048534368	-9.163629379945306	-9.30607135452263	-9.444097371390937	-9.57794364463151	-9.707831451830048
5.2	-5.851881583456326	-6.06139242143289	-6.7575358983303495	-6.9824187064430605	-7.197665230217737	-7.4042030289867515	-7.602702331080819	-7.793689839238279	-7.977608123780239	-8.154848683243733	-8.325770506082796	-8.490710083317387	-8.649986336244845	-8.803902658373723	-8.952747486966182	-9.096794275126939	-9.23630135348121	-9.371511917250398	-9.502654220933874	-9.629941979993088
5.1	-5.783406391985407	-5.999361095699911	-6.7421769511469405	-6.962269550506863	-7.172856611939752	-7.3748689355471	-7.568982923117203	-7.755731953027681	-7.9355641812147795	-8.108874614230938	-8.276023216758691	-8.43734491895102	-8.593154859014941	-8.743750913859623	-8.889414805451954	-9.030412565965397	-9.166994805145455	-9.299397002808128	-9.427839915732717	-9.552530114558277
5.0	-5.720023734433853	-6.50073287937301	-6.726858410938957	-6.942188229791233	-7.1481485637764095	-7.345672115049696	-7.535439883156639	-7.7179902447817845	-7.89377533829666	-8.063192313530877	-8.226601095142051	-8.384334421881329	-8.536703376112682	-8.684000333789571	-8.826500521136136	-8.96446289310312	-9.098130741977904	-9.227732249084749	-9.35348107420257	-9.475577010923567
4.9	-6.255854606309922	-6.490337250588693	-6.711579433357097	-6.922172935036258	-7.123537860608127	-7.316607498466329	-7.502065964845955	-7.680455110659746	-7.852229635548137	-8.01778764223459	-8.177488135430622	-8.331661114361198	-8.480613360899003	-8.624631749980137	-8.763985187086142	-8.898925834587022	-9.029690008186119	-9.156498948720419	-9.279559568178643	-9.39906520813641
4.8	-6.250518715369705	-6.479960393767728	-6.696339211217321	-6.902221957858755	-7.0990214921104196	-7.287670403070885	-7.468854532436621	-7.643117816326793	-7.810916248846346	-7.9726478399157354	-8.128669906550492	-8.279309228677022	-8.424868067870655	-8.565627787573966	-8.701851113368999	-8.833783652892032	-8.961655035435259	-9.085679870588422	-9.206058628223214	-9.322978486020551
4.7	-6.245188163910756	-6.469602039469063	-6.681136971995326	-6.882333682200348	-7.074596641136681	-7.258856488226815	-7.4357994839275365	-7.605970379927632	-7.769825329886552	-7.9277613264698195	-8.080133324524478	-8.227264462144719	-8.369452282734471	-8.506972621000099	-8.640082137009474	-8.769020084084413	-8.894009653858111	-9.015259093310636	-9.132962698936298	-9.247301740732706
4.6	-6.239862908049481	-6.459261926473986	-6.665971975546894	-6.8625065767384745	-7.050260664980432	-7.230161717820449	-7.402895186855096	-7.569005475571205	-7.728947875745641	-7.8831175408351335	-8.03186646735227	-8.175513777373585	-8.314352117627022	-8.448651772606386	-8.578663430565753	-8.704620160731277	-8.826738931739957	-8.945221862600189	-9.060257313715457	-9.172020875969396
4.5	-6.234542904686663	-6.448939801398348	-6.650843512028772	-6.84273918812649	-7.026011079038273	-7.2015823281194535	-7.370136424197699	-7.532216352965895	-7.688275621123407	-7.838706808305606	-7.983858422827787	-8.124045237722303	-8.259554841664919	-8.390651944992957	-8.517581341538973	-8.640570062083652	-8.759829038679314	-8.875554468372755	-8.987928985870953	-9.097122707512943
4.4	-6.229228111485463	-6.4386354183294445	-6.635750899998197	-6.823030134950935	-7.001845542496737	-7.173114800097756	-7.337518348452508	-7.495596769920859	-7.647800948481647	-7.794520230301624	-7.936099162211789	-8.07284787046208	-8.205048739474837	-8.332960880252212	-8.456823256641805	-8.576856986489624	-8.693267128107845	-8.806244138358274	-8.915965113561198	-9.022594879189304
4.3	-6.223918486850264	-6.428348538485587	-6.620693484671957	-6.803378102311909	-6.977761845734569	-7.144755835466554	-7.305036442377301	-7.459140935206161	-7.6075168124707515	-7.750549591990452	-7.88857943444141	-8.021911552004509	-8.15082299212155	-8.27556724090455	-8.396377486288543	-8.513469042069747	-8.627041235883372	-8.737278945564153	-8.844353896461293	-8.948425788624727
4.2	-6.218613989906322	-6.418078929896588	-6.605670636328352	-6.7837818369470675	-6.953757899187261	-7.116502335802675	-7.272686485214924	-7.422843459833605	-7.567416675880336	-7.706787284246017	-7.84129067682742	-7.971226910883981	-8.09686757614259	-8.218460508487555	-8.336233165670134	-8.450395152505058	-8.561140192312681	-8.668647727429422	-8.77308426243739	-8.874604521446628
4.1	-6.2133145804801675	-6.407826367103552	-6.590681748837428	-6.764240142831723	-6.929831723464661	-7.088351384282872	-7.240464523463164	-7.386699315243315	-7.5274944549730565	-7.663226237240886	-7.794224939117915	-7.920785245162195	-8.043173177352337	-8.161630896629894	-8.276380169535223	-8.387624975416504	-8.495553545462812	-8.600340014897029	-8.702145802790866	-8.801120792786977
4.0	-6.208020219080742	-6.397590630876518	-6.575726238306708	-6.744751877197483	-6.9059814405477375	-7.06030022962417	-7.2083668454405245	-7.350703797199557	-7.487744472524632	-7.619859863558538	-7.747374818494783	-7.870578451649812	-7.989731116793233	-8.105069276101757	-8.216809038378303	-8.32514883130203	-8.430271494014255	-8.532345969941481	-8.63152871487282	-8.727964895122472
3.9	-6.202730866881223	-6.387371507948615	-6.560803541831079	-6.725315946920077	-6.882205265919042	-7.032346271902534	-7.176389959043238	-7.314852494441797	-7.448161417243117	-7.576682009161422	-7.700733403585668	-7.820598964888182	-7.936533286753679	-8.048767109838703	-8.15751091418385	-8.26295764137858	-8.365284828222363	-8.464656330338023	-8.561223751062407	-8.655127651631824
3.8	-6.197446485701506	-6.377168790765517	-6.5459131163368856	-6.7059313052339355	-6.8585015015045645	-7.004487049979378	-7.144530572201847	-7.279141261323702	-7.408740308507712	-7.533686910890104	-7.654294225966612	-7.770839704251666	-7.88357209518733	-7.992716396325941	-8.09847748422497	-8.201042872976958	-8.300584877803118	-8.397262360661149	-8.491222173260933	-8.582600374371909
3.7	-6.192167037991325	-6.366982277249119	-6.531054437511366	-6.6865969487368435	-6.834868529323568	-6.976720230311331	-7.112785575634783	-7.243566193817957	-7.369476465573443	-7.490869159430103	-7.6080512179317425	-7.721294027852563	-7.830840417189908	-7.936909620034125	-8.03970093168962	-8.139396491376093	-8.236163465760043	-8.330155808663964	-8.42151571218397	-8.510374826676077
3.6	-6.186892486813966	-6.356811770574382	-6.516226998809586	-6.667311914652883	-6.81130480575861	-6.949043596955595	-7.081152027566806	-7.208123608378662	-7.330365480548619	-7.448223666885612	-7.561998675540235	-7.671955692180627	-7.7783315524406955	-7.881339707836858	-7.981173892125513	-8.078010917154575	-8.17201286733128	-8.26332886632409	-8.352096530841777	-8.438443189262841
3.5	-6.1816227958305525	-6.346657078958469	-6.501430310531873	-6.648075278326026	-6.787808856370766	-6.921455042613322	-7.049627140136803	-7.17281002324324	-7.291403194578156	-7.405745638258194	-7.516131226133758	-7.622818816605378	-7.726039187713681	-7.82599999052972	-7.922889414868705	-8.01687898829103	-8.108125773367926	-8.196774134951664	-8.282957191687885	-8.366798029614689
3.4	-6.176357929284892	-6.336518015461289	-6.48666389896551	-6.6288861509202235	-6.7643792711958675	-6.893952560577894	-7.018208267264886	-7.137622141827668	-7.252585676765852	-7.363430546253911	-7.470443799662161	-7.573877852024536	-7.673957363720502	-7.770884168722061	-7.864840928760837	-7.955993926369908	-8.044495257562657	-8.130484593846202	-8.214090626990624	-8.295432274247087
3.3	-6.171097851988832	-6.326394397796704	-6.471927305585104	-6.609743677304846	-6.7410147004664625	-6.866534237475144	-6.986892893785644	-7.102556837926695	-7.213909205448662	-7.3212741089423155	-7.4249316032702275	-7.525127553065782	-7.6220804456731015	-7.715986282494599	-7.807022211573358	-7.895349306351001	-7.981114747036393	-8.06445357206436	-8.145490112045033	-8.22433918353871
3.2	-6.165842529308126	-6.316286048153655	-6.457220086306622	-6.590647034106927	-6.717713850711757	-6.839198246699279	-6.955678625684573	-7.067611142477429	-7.175370251500272	-7.2792722698708765	-7.379590098690615	-7.476562953348381	-7.57040309705537	-7.661300684314575	-7.749427362649345	-7.834939029444534	-7.917977995864352	-7.998674722923715	-8.077149240895377	-8.15351232883728
3.1	-6.160591927148777	-6.3061927930265815	-6.442541810790611	-6.57159542791383	-6.694475481194134	-6.811942842462011	-6.924563181299481	-7.032782231682836	-7.136965463393409	-7.237421180303237	-7.334414982062643	-7.428179343391745	-7.518920256175326	-7.606822014780571	-7.6920507783491905	-7.774757298702591	-7.855079061183668	-7.933142000920202	-8.009061904282964	-8.082945571592393
3.0	-6.155346011943839	-6.29611446305451	-6.4278920617905335	-6.552588093611898	-6.671298400646217	-6.784766354384054	-6.893544383369061	-6.998067416322882	-7.098691653792796	-7.195717183302357	-7.289402165857213	-7.379972250823404	-7.467627115136555	-7.552545180835102	-7.63488712994879	-7.714798596994738	-7.792412281575709	-7.867849640781335	-7.941222269571734	-8.012633044298115
2.9	-6.150104750640662	-6.286050892868258	-6.413270434542592	-6.533624292848286	-6.6481814642770445	-6.75766718256776	-6.8626201518278585	-6.963464132106809	-7.060545787485543	-7.154156799422798	-7.244547762637684	-7.331937422592535	-7.4165191009227245	-7.498465336137322	-7.577931343690473	-7.655057667083266	-7.729972257458949	-7.802792138414517	-7.873624762436153	-7.942569133055224
2.8	-6.144868110688552	-6.276001920945253	-6.398676536193729	-6.514703312604597	-6.625123571019793	-6.73064379309791	-6.831788497261036	-6.928969930941385	-7.022524970484515	-7.11273671381181	-7.199848070427379	-7.28407080893938	-7.365591858334609	-7.444577863333334	-7.521178582729964	-7.595529493553295	-7.667753833264044	-7.737964233541566	-7.806264050123312	-7.8727484615862435
2.7	-6.139636060026839	-6.265967389471474	-6.384109985264821	-6.495824463872228	-6.6021236609968454	-6.703694713924561	-6.801047514944188	-6.894582473007732	-6.984626440164085	-7.071453764548382	-7.1552995594881015	-7.236368548907443	-7.314841234556807	-7.390878357999025	-7.464624230758547	-7.536209286386495	-7.605752081193277	-7.673360893837469	-7.739135026124603	-7.803165876556305
2.6	-6.1344085670733275	-6.2559471442090455	-6.369570411146376	-6.476987080420357	-6.579180713180907	-6.676818531087717	-6.770395379403503	-6.860299519554212	-6.94684755630758	-7.030304932073793	-7.11089886034214	-7.188826957215845	-7.264263265162892	-7.337362614061762	-7.408263877109878	-7.47709246599534	-7.54396228639217	-7.608977300414336	-7.672232796112361	-7.733816434070326
2.5	-6.129185600713126	-6.245941034375337	-6.355057453624248	-6.458190517648548	-6.55629374323331	-6.65001388524866	-6.739830339440054	-6.826118926325394	-6.909185792962397	-6.98928732958767	-7.066642752893699	-7.141442512334702	-7.213854161394176	-7.284026610533713	-7.352093303186349	-7.4181746495588365	-7.482379933383093	-7.544808834511292	-7.605552665014324	-7.664695387231881
2.4	-6.123967130287823	-6.235948912517456	-6.340570762433162	-6.439434151516696	-6.53346180150283	-6.623279468497031	-6.709350713569156	-6.792038637557679	-6.871638731012768	-6.948398194300754	-7.022528156525351	-7.094211845627759	-7.163610298569521	-7.230866499411746	-7.296108470061519	-7.35945163852098	-7.421000693629375	-7.480851065267824	-7.539090125113609	-7.595798174662195
2.3	-6.118753125585009	-6.225970634402886	-6.326109996835999	-6.42071737754582	-6.510683971170208	-6.5966140214064595	-6.678954885831916	-6.758056680481097	-6.834204051392093	-6.907634879450021	-6.978552121061783	-7.0471317314446225	-7.113528205502439	-7.177878594617814	-7.240305507133472	-7.300919407130597	-7.359820414114587	-7.41709973847283	-7.472840845074931	-7.527120409889068
2.2	-6.11354355682813	-6.216006058910025	-6.3116748252269765	-6.4020396098838805	-6.487959366525157	-6.57001633031473	-6.648641301941324	-6.72417116027452	-6.7968795288667	-6.866994846994141	-6.934711818507129	-7.000199078060229	-7.063604554817683	-7.125059361869799	-7.184680701719664	-7.242574091916137	-7.298835106835422	-7.353550766194038	-7.406800659809036	-7.458657871525394
2.1	-6.108338394666644	-6.206055047924719	-6.297264924757039	-6.383400280431323	-6.465287131364125	-6.543485224807226	-6.618408465729759	-6.6903802554279475	-6.759663026331578	-6.826475660917631	-6.891004535474144	-6.953410919372559	-7.013836154073166	-7.072405409386454	-7.129230489497221	-7.184411982001759	-7.2380409391185845	-7.2902002172035605	-7.340965561097108	-7.390406494165668
2.0	-6.103137610166498	-6.196117466241457	-6.282879980979904	-6.364798838021585	-6.442666437498249	-6.5170195753847775	-6.588254935868683	-6.656682213471218	-6.722552489565907	-6.7860749810810495	-6.847427666233719	-6.906764407278424	-6.9642199376047	-7.019913479341922	-7.073951445704232	-7.126429510182142	-7.1774342246824325	-7.227044308124648	-7.275331688905508	-7.322362359936415
1.9	-6.097941174800878	-6.186193181468929	-6.268519687517326	-6.346234747652287	-6.420096483362095	-6.49061829129913	-6.55817932283464	-6.623075347033249	-6.685545942402529	-6.7457905575621515	-6.80397870632193	-6.8602568046635835	-6.9147529590209444	-6.9675804399953485	-7.018840277027497	-7.06862324468295	-7.117011415373083	-7.164079395233152	-7.209895323328648	-7.254521690643218
1.8	-6.09274906044125	-6.176282063939747	-6.25418374574229	-6.327707489763146	-6.397576492714687	-6.464280318541071	-6.528180286098633	-6.589558030200135	-6.648641482270888	-6.70562022543955	-6.760655246649389	-6.813885478939863	-6.865432384284702	-6.915403278429933	-6.96389381411081	-7.010989881542207	-7.0567690935124645	-7.1013019668542885	-7.1446528771044235	-7.186880840462889
1.7	-6.087561239348665	-6.166383986624067	-6.2398718644789195	-6.309216559557127	-6.375105713425223	-6.438004637967806	-6.498256531518432	-6.556128695143981	-6.611837276077708	-6.665561899976066	-6.7174549680641045	-6.767647896082476	-6.816255485323981	-6.863379093843186	-6.909109004625366	-6.953526237555051	-6.996703964802709	-7.038708636301715	-7.079600888652367	-7.119436289134523
1.6	-6.082377684165328	-6.156498825046907	-6.2255837597179955	-6.290761466361555	-6.352683416336591	-6.411790263557637	-6.468406808915671	-6.522785828997525	-6.575131556393696	-6.625613572163866	-6.6743756363246725	-6.721541615114237	-6.767219634122821	-6.811505091336862	-6.8544829068502935	-6.896229243730596	-6.9368128517371535	-6.976296135311459	-7.0147360155898175	-7.052184635607816
1.5	-6.077198367906405	-6.14662645720898	-6.211319154347089	-6.272341733026279	-6.330308894200476	-6.385636240781149	-6.438629909821411	-6.489527970952328	-6.538522617918096	-6.585773304597749	-6.631415097445517	-6.675564283000503	-6.718322297247342	-6.759778576160641	-6.800012683717088	-6.839095939215149	-6.877092687473474	-6.914061307928116	-6.950055028685865	-6.985122592111035
1.4	-6.072023263952083	-6.136766763510826	-6.197077777894351	-6.2539568953561835	-6.307981460678444	-6.359541645079259	-6.408924665375679	-6.456353709560678	-6.502008814195999	-6.546039227646665	-6.588571273380099	-6.629713629913404	-6.669561030767499	-6.708196948368645	-6.74569559727659	-6.782123465640883	-6.817540510129126	-6.8520011048050495	-6.885554806216831	-6.918246978604753
1.3	-6.06685234603985	-6.126919626680092	-6.182859366285077	-6.235606501575634	-6.285700449403911	-6.3335055804393825	-6.379289944367874	-6.4232616802234554	-6.465588554566021	-6.506409535896729	-6.54584215801173	-6.583987464833763	-6.620933475539127	-6.65675769785228	-6.691529003551578	-6.725309061863252	-6.758153457463272	-6.790112577884193	-6.821232328690577	-6.851554717590573
1.2	-6.0616855882570055	-6.11708493170179	-6.1686636616103	-6.217290111822573	-6.263465213100362	-6.30752717806186	-6.349724651406321	-6.39025056284807	-6.429260301318285	-6.4668824848419275	-6.503225813424867	-6.538383671460679	-6.572437352814768	-6.605458399716637	-6.6375103477417845	-6.6686500590542	-6.698928761912941	-6.728392875424324	-6.757084673910061	-6.785042829247059
1.1	-6.056522965033379	-6.107262565751366	-6.154490411906623	-6.199007297670239	-6.241275122751631	-6.281605595109509	-6.320227725206386	-6.357319079662151	-6.393022567044738	-6.427456387801108	-6.460720366432561	-6.492900204402165	-6.524070460154898	-6.554296709971162	-6.583637159751616	-6.612143876121555	-6.639863745954442	-6.666839237349806	-6.693109012349358	-6.718708426867551
1.0	-6.0513644511342575	-6.0974524181304774	-6.1403393709466085	-6.180757641674628	-6.21912956682039	-6.25574001353388	-6.290798136987605	-6.324465993170136	-6.356873912165653	-6.388129613042079	-6.418324005338312	-6.447535085622921	-6.4758306676141615	-6.503270361508156	-6.529907050013747	-6.555788015427823	-6.580955817763701	-6.60544899089435	-6.629302602817862	-6.65254871257691
0.9	-6.046210021653515	-6.087654380205277	-6.126210298039135	-6.162540736945956	-6.197027950511379	-6.229929638972316	-6.261434888971198	-6.291690104241171	-6.320812942617785	-6.3489005810955765	-6.376034976912681	-6.402286401127785	-6.4277159141797355	-6.45237716034538	-6.476317705584407	-6.499580058784289	-6.522202467151871	-6.544219546516791	-6.565662788390588	-6.586560973306279
0.8	-6.041059652006926	-6.077868345347144	-6.112102957839067	-6.144356186742526	-6.174969695076163	-6.2041736997105374	-6.2321370129701394	-6.258990250317804	-6.284838307691062	-6.309767762243545	-6.33385158356705	-6.35715229786148	-6.379724204441214	-6.401614982111316	-6.422866886488587	-6.443517663698569	-6.463601261754649	-6.4831483940679835	-6.502186992584526	-6.520742577006766
0.7	-6.035913317925673	-6.068094208875709	-6.098017120165737	-6.126203604085562	-6.152954237156496	-6.1784714457058785	-6.202903569064711	-6.226365303736021	-6.248948698001954	-6.270729674167704	-6.29177218070856	-6.312130980807187	-6.331853605473344	-6.350981768753722	-6.369552422295357	-6.387598559855828	-6.405149843455792	-6.422233099189784	-6.438872715762724	-6.455090969084656
0.6	-6.030770995450026	-6.058331868004054	-6.083952559829721	-6.1080826113936295	-6.130981028163643	-6.152822147666766	-6.173733644357065	-6.193814170148011	-6.213142843592821	-6.231784879745711	-6.249795174261866	-6.267220710268183	-6.284102243914855	-6.300475525453923	-6.316372208905413	-6.33182054581571	-6.346845925027109	-6.361471299928837	-6.375717531749457	-6.3896036690422315
0.5	-6.0256326609232005	-6.048581221786011	-6.069909056467413	-6.0899928401354115	-6.109049533691174	-6.127225096184415	-6.14462635179895	-6.161335787039851	-6.177419512147478	-6.192931984983416	-6.207919018344638	-6.222419799318192	-6.236468303228034	-6.2500943177309445	-6.263324205534627	-6.276181485908646	-6.288687286968724	-6.300860703549382	-6.312719084641209	-6.324278267309625
0.4	-6.020498290985378	-6.038842171065426	-6.055886394382979	-6.071933930499687	-6.087159232958985	-6.101679600913028	-6.115580829087243	-6.128929122337004	-6.141777507314196	-6.154169637072789	-6.1661422130849814	-6.177726611407493	-6.188950021125245	-6.199836268721036	-6.210406431878772	-6.2206793073166855	-6.230671774534932	-6.240399083530638	-6.249875085799532	-6.259112422254363
0.3	-6.015367862567885	-6.029114618427325	-6.041884362397279	-6.053905531081444	-6.06530961828649	-6.076184989795147	-6.086596237622417	-6.096593173091171	-6.106215667128061	-6.115496522566027	-6.124463302570049	-6.133139558113003	-6.141545687149786	-6.149699556619439	-6.157616965446	-6.165311997325308	-6.17279729493217	-6.18008427673563	-6.187183311013028	-6.194103857356347
0.2	-6.010241352887533	-6.019398468150876	-6.02790275370335	-6.035907298583148	-6.043500194593053	-6.050740608329042	-6.05767176152545	-6.064326964242587	-6.0707328625253885	-6.076911365657227	-6.082880872916035	-6.08865709702157	-6.094253640399614	-6.099682412272423	-6.104953939044796	-6.110077600733819	-6.115061814676812	-6.119914180739367	-6.1246415978167335	-6.129250358537011
0.1	-6.005118739441109	-6.009693626164062	-6.01394136572812	-6.017938897530235	-6.02173047892392	-6.0253458188753015	-6.028806606709133	-6.032129547452371	-6.035327995943538	-6.0384129265637325	-6.0413935504506595	-6.044277729736734	-6.04707226738349	-6.04978311690867	-6.052415538416196	-6.054974217413055	-6.057463357101546	-6.059886751305314	-6.0622478429581435	-6.064549771632307
