v(ω₀)|α↓|ω→	0.1 ω₀	0.2 ω₀	0.3 ω₀	0.4 ω₀	0.5 ω₀	0.6 ω₀	0.7 ω₀	0.8 ω₀	0.9 ω₀	1.0 ω₀	1.1 ω₀	1.2 ω₀	1.3 ω₀	1.4 ω₀	1.5 ω₀	1.6 ω₀	1.7 ω₀	1.8 ω₀	1.9 ω₀	2.0 ω₀
0.1	0.3021077078240929	0.5920521759935984	0.8705896130200155	1.1378439319874762	1.3944086066102996	1.6410566225362326	1.8785983256414809	2.1078160341395193	2.3294363566421965	2.544120968468529	2.7524662809469094	2.955047881682021	3.1522655658231704	3.34458597872435	3.532392899113981	3.7160306351473316	3.895808702555378	4.072005962972344	4.244874252575095	4.414641548561373
0.2	0.3075646923602598	0.5994970005157019	0.8795280033061562	1.1479678087439238	1.405491658223784	1.6529234575178224	1.8911200638873629	2.120872593177897	2.3429380106377544	2.557994938226312	2.766653232969383	2.9694585228922157	3.166898188518344	3.3594076257547467	3.547376235445432	3.7311529008218707	3.911050876076708	4.087352089484594	4.260310901942249	4.430157376381355
0.3	0.31359030995730597	0.6074520343171858	0.8889498615137001	1.1585549911835518	1.4170195592299044	1.6652223852507024	1.9040370428051119	2.1343057517859534	2.3567983062659037	2.5722103733094452	2.7811653144640274	2.984219514730402	3.181868965274689	3.374555986893898	3.5626755746642096	3.746581150561734	3.9265896662253157	4.1029860737048836	4.276027215701462	4.4459451990451795
0.4	0.32030374059471345	0.6159858710241597	0.8989058653215398	1.1696462098105747	1.4290294178199652	1.6779706103476402	1.9173910050135534	2.1481559479673926	2.371056830498869	2.5868063484651436	2.796041348847816	2.9993289408555377	3.1971736803515696	3.390024757638371	3.5782827011673426	3.762305408620423	3.94241346633136	4.118894789271402	4.292008644084497	4.461989127214945
0.5	0.32786248133995766	0.6251809201822319	0.9094545729980195	1.1812874731918896	1.441552242443539	1.6912075800125812	1.9312078758926352	2.1624453367915355	2.385732636339046	2.6017993199639373	2.8112955898992573	3.014799166931323	3.212823066067789	3.405823246000763	3.5942056719316717	3.7783326257964123	3.958528243005136	4.135083322047774	4.308259480458394	4.478292737494454
0.6	0.3364791548218624	0.6351371183755316	0.9206640377051424	1.193532462299717	1.4546343620356703	1.7049681562789922	1.9455172001177037	2.1771992816628614	2.4008477087576203	2.617208490203845	2.8269449148520676	3.0306451046910867	3.228830356561033	3.421963242220118	3.610455025137074	3.794672247203449	3.97494248115031	4.151559308582538	4.324786607809757	4.494862240145986
0.7	0.346447641648852	0.645976888371771	0.932613836413014	1.2064373317738462	1.468322920449143	1.719291126488293	1.9603515927015849	2.192445626768956	2.416426091907116	2.633054811501577	2.843007719797935	3.0468830097675457	3.2452099961160057	3.4384576437696603	3.6270423267423726	3.8113346843596534	3.9916655848171505	4.168331268421675	4.341597764827041	4.51170468094423
0.8	0.35818456721599523	0.6578518382255409	0.9453976333032478	1.2200719175289687	1.4826709352669492	1.7342195401612208	1.97574689258605	2.208214729791165	2.432493836882821	2.6493608710083985	2.8595037560544663	3.0635302791268573	3.2619774043375562	3.455320193035167	3.643979884155788	3.82833100745279	4.008707550027301	4.185408259051651	4.358701184166394	4.528827563733167
0.9	0.3722960689109242	0.6709519124979654	0.9591264415724636	1.2345143572098947	1.4977381771509592	1.7498012368967335	1.9917424891135886	2.2245396632966794	2.44907912080072	2.6661509531081604	2.8764541520359006	3.080605442995012	3.2791489452909968	3.4725654286405963	3.661280683261407	3.845672870623206	4.026078880202439	4.2027997828656565	4.376105492030677	4.5462387434415765
1.0	0.3896846660513541	0.6855180228080082	0.9739333883190733	1.2498549387706632	1.5135922502063734	1.7660894984298035	2.0083817366686176	2.2414564865357507	2.466212427524877	2.6834511594853168	2.8938814914810793	3.09812821336905	3.296741954358045	3.4902086961547414	3.6789583868321487	3.8633725008231017	4.043790567455153	4.220515762357654	4.393819678357462	4.563946392089321
1.1	0.4117113219636962	0.7018596255669398	0.9899766944511632	1.2661985216812588	1.530309893773821	1.7831438219647433	2.0257124432732025	2.259004566865975	2.4839267648653935	2.7012895583668577	2.911809916804978	3.1161195554783636	3.314774786995613	3.508266180342168	3.697027354551885	3.8814427086225116	4.061854096339475	4.23856653838854	4.411853090760455	4.581958989272643
1.2	0.44039760236987086	0.7203792878535438	1.0074504111290863	1.2836675378778966	1.54797854625316	1.8010308287816232	2.0437874357429884	2.277226947836406	2.5022579122144353	2.719696355019461	2.9302652483667524	3.1346017720207024	3.33326687842474	3.5267549472956214	3.7155026723569082	3.899896908087734	4.080281456626327	4.25696287756173	4.430215437750873	4.600285322153632
1.3	0.4785187032223369	0.7416071461582092	1.0265909507688062	1.3024057214757851	1.5666982247739765	1.8198253294962123	2.062665209714491	2.296170766332862	2.5212446980997765	2.73870408141604	2.949275116663884	3.1535985966085476	3.3522388102920395	3.54569299218501	3.7344001865934446	3.91874914101304	4.099085160189706	4.275715983603166	4.448916795949222	4.618934489485166
1.4	0.5291550419121519	0.7662466435694424	1.047689660085266	1.3225827545483464	1.5865837869413997	1.8396115724230269	2.0824106756155603	2.3158877232264197	2.540929309011248	2.758347804905138	2.9688691064846835	3.173135295023102	3.371712382644081	3.565099290808182	3.7537365410547388	3.938014103483658	4.1182782599047	4.294837510588711	4.4679676190719455	4.637915907399053
1.5	0.5943522739879407	0.7952370009130112	1.0711083064683193	1.3444000581844127	1.6077676535547885	1.8604847058075178	2.1030960133572636	2.336434612845194	2.561357631497343	2.7786653563237507	2.9890789127189246	3.1932387736042003	3.391710690358424	3.584993853992667	3.7735292159067684	3.95770717375004	4.1378743695234315	4.3143395769627	4.487378747617589	4.657239315861808
1.6	0.6739130160445902	0.8298225387374938	1.0972990281462378	1.3680979980310597	1.6304030832953451	1.882552488305154	2.1248016495672903	2.357873916862367	2.5825796296172756	2.7996975780864672	3.0099385076567646	3.2139376943008373	3.412258203432758	3.605397784205087	3.7937965678484815	3.9778444407727878	4.157887683902548	4.334234779737698	4.50716141865931	4.676914785219468
1.7	0.7659316540508578	0.8716108520421508	1.126829440099483	1.3939647971049227	1.6546680992595073	1.9059372842796751	2.147617371386483	2.3802744679141075	2.604649759515766	2.821488592543744	3.0314843194686993	3.235262595854219	3.4333808505409458	3.6263333337912185	3.8145578709672368	3.998442732935822	4.178332999114981	4.354536208445582	4.52732727533756	4.696952722440717
1.8	0.8682524153150843	0.9225592970735601	1.1604127455076148	1.4223474239338776	1.6807701673467568	1.9307783797589235	2.1716435897065365	2.40371218725297	2.627627422136425	2.8440860903817535	3.0537554212159304	3.2572460203632927	3.4551061051431353	3.6478239642033	3.8358333577270827	4.019519646444701	4.199225732032291	4.375257458471351	4.547888375729576	4.7173638767736445
1.9	0.9792089788222074	0.984785616596409	1.1989403832252412	1.4536645853380281	1.7089517073614546	1.9572346485150918	2.1969927613379503	2.4282708986778334	2.651577453785912	2.86754163800049	3.0767937292002268	3.279922644143379	3.477463073214616	3.669894405441584	3.85764425945652	4.041093572886976	4.220581938942346	4.396412643416658	4.568857200796788	4.738159344559261
2.0	1.0975965940914714	1.0601104023692556	1.243509523106079	1.4884215747482017	1.739496460095327	1.9854875811809878	2.2237909725370346	2.4540432173225915	2.6765706521761086	2.8919110015589924	3.100644208691328	3.3033294112956284	3.5004825813494933	3.692570714737543	3.8800128455727285	4.06318372535895	4.242418332734136	4.418016406111685	4.590246661105004	4.759350572953667
2.1	1.2224047415771044	1.1494388783103204	1.295427821126315	1.5272258816069981	1.7727366041281143	2.0157446561159365	2.2521796733913075	2.481131505873247	2.702684332422218	2.9172544835992142	3.1253550840200974	3.327505667768656	3.524197263593444	3.715880333247178	3.9029624606183697	4.085810162454317	4.264752298107008	4.440083927858923	4.612070101989619	4.780949362296624
2.2	1.3525811626294164	1.2523640000416316	1.356163113088455	1.5708007858483664	1.809060258631277	2.048242967075918	2.2823175305005874	2.509648881317187	2.730002902836586	2.9436372656835754	3.150978048617729	3.352493292854022	3.5486416448478937	3.7398521392088613	3.9265175579811684	4.108993809281894	4.287601904183451	4.462630935438156	4.634341306804996	4.802967866851705
2.3	1.4869135388899386	1.3672944253102965	1.4271934425879453	1.619991145170732	1.8489185352719355	2.0832529115634815	2.314382329439223	2.5397202409194777	2.758618443699306	2.971129747091733	3.1775684687389947	3.3783368240061806	3.5738522180614245	3.7645164956303994	3.9507037289288935	4.132756474525006	4.31098591380117	4.485673705336286	4.657074497857164	4.825418593610879
2.4	1.6240453863157112	1.491932741247834	1.5097255177881908	1.6757508464256783	1.8928304895815713	2.121081558972226	2.3485728020417085	2.5714832547691255	2.788631262823609	2.9998078650672113	3.2051855722131704	3.4050835695464565	3.5998675116547663	3.789905290113404	3.975547725305498	4.157120862380192	4.334923788653841	4.509229064596597	4.680284334574145	4.848314398831181
2.5	1.7625911311234006	1.6237307325564734	1.6043172894072528	1.739095500423645	1.9413830303898365	2.162075025037219	2.3851101679609648	2.605089241431166	2.82015038884097	3.0297533760829687	3.233892610522911	3.4327837021754304	3.6267281427006823	3.816051963878808	4.001077473911213	4.182110578008849	4.359435689317511	4.533314387600025	4.703985908413129	4.871668481937945
2.6	1.9012796968811863	1.7601882936216127	1.7105503950497445	1.8110002639096372	1.9952210103793813	2.206618741431483	2.424239055051096	2.6407038000458303	2.853293945764827	3.061054069793003	3.2637569786915743	3.4614903242218924	3.654476850288412	3.84299152643542	4.02732208022068	4.207750124915102	4.384542469067274	4.557947588007034	4.728194733955361	4.89549437639455
2.7	2.039061382892528	1.8990531024180592	1.8269498783540143	1.8922294785660076	2.0550205942049664	2.255133905085964	2.466227289498079	2.678507013736353	2.888189329696362	3.093803877454115	3.294850272769918	3.4912594931759537	3.68315850222312	3.8707605516187265	4.054311818679602	4.234064892418976	4.410265660238165	4.583147104996949	4.752926735577844	4.9198059371032095
2.8	2.1751505793627763	2.0384590666701854	1.9512367108862376	1.9831135352689298	2.121437628570741	2.308067661122652	2.5113638213663285	2.7186929635948838	2.924973079767981	3.128102824440571	3.3272482590975256	3.5221501932765866	3.7128200667612057	3.899397149934847	4.082078106373961	4.261081131131633	4.436627451732024	4.608931882848063	4.778198229040355	4.9446173238687265
2.9	2.30901353451179	2.176990308362233	2.080801205052985	2.0833396976635172	2.1950245406555173	2.365873907804618	2.5599537899847142	2.761468201204226	2.9637903008953996	3.1640567620904987	3.3610307230098613	3.5542242357728107	3.74351053947154	3.928940911283927	4.110653456388851	4.288825914070588	4.463650656112191	4.6353213428101	4.804025897264113	4.9699429804220845
3.0	2.440325764372282	2.3136658187502	2.2131734467347077	2.1918651815692143	2.2761179231585102	2.428981486763136	2.6123094915590714	2.8070487289620996	3.004793457219515	3.2017767980233423	3.396281157469236	3.587546067056951	3.7752808135933638	3.959432811236147	4.140071406685806	4.317327080778618	4.4913586645750865	4.662335346132349	4.830426759533212	4.995797608472511
3.1	2.5689210319252473	2.4478697113925802	2.346325676153684	2.3070344675730086	2.3647166317553774	2.497747793842097	2.668735912744395	2.8556549524409522	3.0481403170032726	3.2413783275753882	3.4330862446789245	3.6221824603577155	3.8081834805246007	3.9909150731393153	4.170366419849172	4.346613161552704	4.519775387943242	4.689994147026191	4.857418133302791	5.022196136232392
3.2	2.694744729801847	2.5792620294299864	2.478772154225666	2.4268750941459682	2.460391492517549	2.572399580919507	2.7295097574131932	2.9075040384805266	3.093990801352893	3.2829795546633767	3.4715350769473807	3.6582020634216548	3.842272545462353	4.023430977514539	4.20157374862751	4.37671327865961	4.548925181703211	4.718318334285207	4.885017587763691	5.04915368084279
3.3	2.817816629011765	2.707695335729727	2.6095259617584197	2.5494409395743354	2.5622753841360986	2.652969365492945	2.794851818084818	2.9627992028367527	3.142502485992731	3.3266993824903937	3.511718058294422	3.695674772113372	3.877603041945226	4.05702460954954	4.233729261860806	4.40765702124823	4.578832753026004	4.7473287602321115	4.913242888296699	5.076685504120403
3.4	2.9382033870646365	2.833148183922376	2.737992719383153	2.6730662738491646	2.6691583169610116	2.739243704953568	2.8648943853052087	3.0217157498699097	3.1938245502449885	3.3726545594803072	3.5537254275939834	3.7346708988843753	3.9142305284216095	4.091740535158948	4.266869225213923	4.439474290584099	4.609523047675117	4.777046455665822	4.9421119309507855	5.104806961055571
3.5	3.0559992855054245	2.9556768779431843	2.863857542393766	2.7964761051099845	2.7796622320084516	2.8307437135437383	2.9396480773231444	3.084384278275749	3.248090088719268	3.420955992250061	3.597645350226478	3.7752601065988465	3.9522104503864597	4.1276233962179205	4.301030031205023	4.472195112284167	4.641021114746167	4.807492529505508	4.971642666108742	5.133533440513725
3.6	3.171313226710294	3.075382583862068	2.986991128480747	2.9187799578685314	2.8924310945574048	2.9267526506123698	3.0189752365480507	3.150872372626252	3.3054069258112118	3.471704195150984	3.643561541671475	3.817510083513118	3.9915973535839715	4.164717416407784	4.3362478734206755	4.505849412449498	4.673351947320545	4.838688051925234	5.001853010568686	5.162880297639415
3.7	3.284260218770545	3.1923898546202407	3.1073808335167215	3.0394054911053665	3.006274495904507	3.0263892417323524	3.1025782978244196	3.221167190022217	3.3658474111923216	3.5249839436233366	3.691550416789857	3.8614849456739977	4.032443937829488	4.203065810867846	4.372558360659501	4.540466755046898	4.706540297373799	4.87065391993042	5.032760747368908	5.192862777530987
3.8	3.3949559624669634	3.3068330755832296	3.225083614774223	3.1580172968589837	3.1202386366417825	3.1287068502176028	3.1900095780629547	3.2951622714303257	3.429438097463693	3.5808583393872944	3.7416778055418165	3.9072433699481306	4.074799947727907	4.242710095790649	4.409996068153212	4.576076038620951	4.740610463688602	4.903410704569181	5.064383412840839	5.223495929854559
3.9	3.5035135302581897	3.4188481854926946	3.3401953458963454	3.274444569641394	3.2336143297274216	3.2327898644485904	3.2807034050987403	3.372652127278271	3.496150620371759	3.639362670602514	3.7939953401531	3.9548364851888014	4.118710906434496	4.283689298444566	4.448594025090203	4.612705151485145	4.775586052107684	4.936978479314711	5.096738170579135	5.254794514196039
4.0	3.6100414301222066	3.5285678143683294	3.4528314842124805	3.388625257672609	3.345907374891244	3.3378245880261654	3.374024464089593	3.4533372012621406	3.5658953666243827	3.7004986329441047	3.848536696729494	4.004305580583925	4.164216711836524	4.32603907402169	4.488383140494875	4.650380585985532	4.8114897082469055	4.971376629600671	5.129841672287988	5.286772896121444
4.1	3.714642573038693	3.6361185916362486	3.5631150075376	3.5005662189516036	3.456794670301659	3.4431362335803057	3.4693213071612488	3.536839682137244	3.6385194501884914	3.7642296215711286	3.905313956562311	4.055679727296864	4.211350130898307	4.369790743198352	4.529391573133612	4.689127014279244	4.8483428237837805	5.006623644059411	5.16370990579969	5.3194449341187795
4.2	3.8174138181348964	3.7416198085519494	3.6711695491010468	3.6103161235589107	3.5660806315137537	3.5481963412642683	3.56597367779522	3.622727956674057	3.713810011777381	3.8304778499762193	3.9643144227980196	4.10897344825646	4.260135246508164	4.414970273163892	4.571644055483844	4.72896683031819	4.886165218653974	5.042736888697255	5.198358030962758	5.35282385784648
4.3	3.918445882160273	3.845182909782314	3.7771151512726235	3.7179475906620914	3.6736604404261484	3.6526108474285364	3.66342620204919	3.7105453656216842	3.7915029511752207	3.899123946874405	4.02549826575599	4.1641846051899165	4.31058593025914	4.4615972346166135	4.6151611867719495	4.7699196653323686	4.9249748029006435	5.0797323660426095	5.23380020456918	5.386922138393772
4.4	4.017823470320868	3.9469115005584214	3.881066104652241	3.8235456784414685	3.7794916753895462	3.7560989081220946	3.761206397409666	3.799838234751835	3.871296133854666	3.9700094073607426	4.08879735393373	4.2212926937126936	4.36270443157683	4.50968377701302	4.659958715373554	4.8120018869649055	4.964787223503464	5.117624462201057	5.2700493960192665	5.421751351584939
4.5	4.115625536221874	4.046901533913288	3.9831298989343003	3.9272006146380956	3.883573543117333	3.8584696435780295	3.8589291847702683	3.890179054551416	3.9528652327872775	4.042941866137182	4.154115544204144	4.280257738116194	4.416480185199079	4.559233672999001	4.7060468360519145	4.855226095160884	5.005615503189915	5.156425685723667	5.307117195996429	5.4573220357068415
4.6	4.211925610911703	4.14524185975909	4.083406868727979	4.029003306097747	3.985932179853565	3.959600772006413	3.956292053092495	3.9811825623063872	4.035879972001856	4.117702711916663	4.221330556010454	4.3410199509926946	4.4718889417399375	4.610241489021254	4.753429532018377	4.899600630730268	5.047469679916107	5.196146403195717	5.3450136210316685	5.493643545411399
4.7	4.3067921715051	4.242014634091243	4.181990247563833	4.1290426473854955	4.086610481058979	4.059420754735399	4.053065071299262	4.0725144449790545	4.1200187258054894	4.194056194126915	4.290297362329575	4.4035002671706085	4.528892317053183	4.6626919411012215	4.802103994971606	4.945129114904205	5.090356457265547	5.236794577427576	5.3837469174377235	5.530723903922614
4.8	4.400288972356248	4.33729585624522	4.278966451709474	4.227403983047526	4.185661179818882	4.157894706395787	4.149078986708532	4.163893779881148	4.204980058201417	4.271758986401655	4.360852833196192	4.467601781345403	4.587437833961082	4.716559491364747	4.852060157423804	4.991810039865424	5.134278877311404	5.278375515010525	5.423323368667354	5.5685696560444
4.9	4.4924754572332475	4.431155877475466	4.374415483698579	4.324168302636258	4.283142201099497	4.255013677678833	4.2442134743461795	4.2550909652872235	4.29049058816633	4.350569204904157	4.432821209665413	4.533212025817302	4.647459495529678	4.771808231401291	4.9032803701631416	5.039636430834051	5.179236028356533	5.320891630705082	5.463747110649006	5.607185724803982
5.0	4.583407065596775	4.52365988592977	4.468411388407101	4.419411895607264	4.3791135869262545	4.350786700588905	4.338386620818859	4.345922912057826	4.376309277698402	4.430254098959493	4.506019902179206	4.600205935061403	4.708878885969391	4.828392082976825	4.955739253251227	5.0885955995517005	5.225222800248727	5.364342236580553	5.505019960037994	5.646575274849759
5.1	4.673135562855892	4.614868359606784	4.56102272145403	4.513206289812978	4.47363549558019	4.445234982940763	4.431546058544347	4.436246942560084	4.462228711236518	4.510595952052891	4.58026511149339	4.668449274144027	4.7716067491885354	4.886255326167838	5.009403741481758	5.1386690067426155	5.272229699532646	5.408723363936664	5.547141260549381	5.686739585930984
5.2	4.761709338524237	4.70483748376303	4.652313006572119	4.605618360107744	4.566766930128705	4.538387722960795	4.523661776872514	4.52595441169122	4.548074142823737	4.591396057986278	4.655376852583643	4.737802270747139	4.835544952955903	4.945333441729206	5.064233335112862	5.189832247308254	5.320242735453874	5.454027625749576	5.590107752563596	5.727677939894709
5.3	4.849173680903128	4.793619532171268	4.742341169101887	4.696710534321048	4.658564959402378	4.630279120935541	4.614720444705934	4.614964669450967	4.633701089291946	4.672476898883316	4.731183094148866	4.808123190646695	4.90058871505907	5.005554231268489	5.120180554746244	5.242055166770803	5.369243385754174	5.500244126649832	5.633913470992215	5.769387524621496
5.4	4.935571028843035	4.881263213341988	4.8311619392534615	4.786541050281394	4.749084269460007	4.7209462640358115	4.704721008107753	4.703219683202882	4.718992129195811	4.753682816521633	4.807522873778295	4.879271630321645	4.966628951351225	5.066839158575972	5.177191586623129	5.295302111158005	5.419208648348442	5.547358426247868	5.67854967593115	5.811863358169193
5.5	5.020941201695635	4.967813983752392	4.918826222735457	4.875164234716713	4.838376935129419	4.810427642784885	4.793671320494779	4.790679435861133	4.803853402979041	4.8348795382887	4.884248381551304	4.951111357783992	5.033554605762344	5.129104840866388	5.235207092691931	5.349532305618753	5.470111181500988	5.595352560002238	5.724004819910437	5.855098236094012
5.6	5.105321608879675	5.053314330578643	5.005381438700354	4.962630785973211	4.926492336482965	4.898762121923138	4.88158558740928	4.87731809558208	4.888211149020077	4.915952916390208	4.961226104207032	5.023512600551247	5.101254837678262	5.192264611420708	5.294163149891997	5.404700350190717	5.521919531251763	5.644205119846413	5.770264554589016	5.899082704466514
5.7	5.18874744060721	5.137804026583398	5.0908718263010595	5.048988049690323	5.013477169183908	4.985988236872004	4.968482442815325	4.963120889477889	4.9720084770672965	4.996807192247692	5.038337181993747	5.096353745505102	5.169620968559245	5.256230075654558	5.353992276252564	5.460756814952384	5.5745984408678195	5.693891394561746	5.817311778573435	5.943805060508785
5.8	5.271251841347011	5.221320359788195	5.175338721865611	5.134280281211881	5.0993755140717285	5.07214372275371	5.054383509349854	5.048081587633055	5.0552024820264325	5.0773630322239685	5.115477154466922	5.169522470156283	5.23854812200928	5.320912590240278	5.414624498257572	5.517648911863308	5.628109233331095	5.744383567547347	5.865126726716855	5.989251382064404
5.9	5.35286606755774	5.3038983404407825	5.258820809021944	5.218548891484941	5.184228942570683	5.157265208971041	5.139312326576034	5.132200498915376	5.137761734419493	5.157555513306245	5.192555268654404	5.242916363915891	5.30793652448338	5.3862246078673195	5.475988414581994	5.575321217365203	5.682410254626046	5.7956509673515635	5.9136870998523	6.035405586305384
6.0	5.4336196311458025	5.385570887611453	5.341354323985373	5.3018326750817435	5.2680766421727965	5.241388031188285	5.22329355762579	5.215482816019276	5.219664142566541	5.237332177957633	5.269493503237136	5.316443120720022	5.377692317766631	5.452080846308899	5.538012215379129	5.633716418507078	5.737457363117546	5.8476601323041795	5.962968232512242	6.082249517218844
6.1	5.513540430001412	5.466368997556502	5.422973359826319	5.384168020149333	5.350955551489511	5.324546126121528	5.306352405713988	5.297937722190189	5.3008951585846305	5.316651230005582	5.346225434523378	5.390020392909179	5.44772892125877	5.518399257389838	5.600624623008382	5.692776055971665	5.793204448789341	5.90037630449251	6.012943294871716	6.129763060543022
6.2	5.5926548668605225	5.546321895783989	5.503709847611809	5.465589100795653	5.4329004979520095	5.406771984298346	5.3885141884953285	5.37957671178141	5.38144628959266	5.395479908490114	5.422695040465955	5.463575394175354	5.517965925128964	5.585101787273409	5.663755728446226	5.752441239703783	5.849603965620527	5.953761472409493	6.063583524007	6.177924283985099
6.3	5.670987957629576	5.625457174562779	5.583593923738262	5.546128052825018	5.513944333693752	5.488096642956757	5.469804030921701	5.46041353476644	5.461313872440083	5.473793052283785	5.498855511762851	5.537044330448791	5.588330650216356	5.652114932829609	5.727337706582463	5.812653316497771	5.906607460888344	6.007777070242159	6.114858478652358	6.226709599797873
6.4	5.748563430204246	5.703800917428674	5.662653978102062	5.625815133942952	5.594118066821431	5.568549706292902	5.550246646923267	5.5404632537265375	5.5404980716043255	5.551571852775333	5.5746681161615435	5.610371725122108	5.658757331299887	5.7193701089774995	5.791305402251298	5.8733544734239445	5.96416608657721	6.062383204953031	6.166736311014558	6.276093946157933
6.5	5.825403814714671	5.781377812074354	5.7409168091616065	5.704678869635411	5.67345098641803	5.6481593838949316	5.629866187554373	5.619741856799949	5.619002063487606	5.628802782740082	5.650101144029296	5.683509691503592	5.729187024838184	5.786803848648393	5.855596786484194	5.934488265872609	6.022231080157182	6.117539272048241	6.219184048897551	6.32605098330869
6.6	5.901530526033906	5.85821125285442	5.818407745973753	5.782746185935043	5.751970780389397	5.726952540815602	5.708686138765198	5.6982659046443995	5.696831374862497	5.705476684783242	5.725128949800981	5.756417192512338	5.799567265071025	5.854357860665393	5.920153288661586	5.996000063826923	6.080754204540188	6.173204327120835	6.272167881394545	6.376553300124565
6.7	5.976963939303894	5.93432343399854	5.895150758778804	5.860042530247514	5.8297036457793805	5.804954754623715	5.786729256116016	5.776052259224772	5.773993347884839	5.781588000933926	5.799731094408182	5.829059316305772	5.869851650181813	5.921978971907807	5.984920014799753	6.057837414384076	6.139688139789154	6.229337437112077	6.325653441707823	6.427572626632733
6.8	6.051723459155095	6.009735434502456	5.971168559351222	5.93659198134616	5.906674391514958	5.8821903761373	5.864017526878799	5.853117876620308	5.850496708495652	5.857134124987176	5.873891587435765	5.901406587152553	5.939999388300208	5.989618979266921	6.049845865164139	6.119950322286278	6.198986821922644	6.285898004764272	6.379606081211016	6.479080048085798
6.9	6.125827583222714	6.084467295556471	6.046482692197253	6.012417349563511	5.982906533760433	5.958682591527646	5.940572152324018	5.929479649882635	5.926351218972162	5.932114860262483	5.947598223783849	5.973434323468439	6.0099748268048465	6.057234434735202	6.11488356592316	6.182291453164147	6.258605726742568	6.342846061349672	6.433991129624355	6.531046216403714
7.0	6.199293960506176	6.158538091274006	6.1211136175585175	6.087540268124962	6.058422384191887	6.034453484196008	6.016413544763557	6.005154290997284	6.001567398796268	6.006531967059049	6.020842007374496	6.045122049342424	6.079746982643136	6.124786384057419	6.1799896299063235	6.244816266310147	6.318502098879501	6.400142524386478	6.488774137065359	6.583441555166948
7.1	6.2721394450551236	6.2319659933961455	6.195080787072855	6.16198127648521	6.133243131580576	6.109524095338288	6.091561335257896	6.080158243372896	6.076156300893088	6.080388785906021	6.093616653407999	6.116452961830545	6.149289086440921	6.1922400761480665	6.245124260993209	6.307483085127213	6.378635128117756	6.457749418595789	6.543921094702964	6.636236454819372
7.2	6.344380145419042	6.304768330574014	6.268402712846108	6.235759896446833	6.207388917111789	6.183914482485331	6.166034388904421	6.1545076181390215	6.1501293326967215	6.15368992453274	6.165918160436792	6.187413453487999	6.218578149098376	6.259564657264369	6.310251215515891	6.370253114045018	6.43896607649623	6.515630059741718	6.599398631722201	6.689401455291197
7.3	6.416031470251391	6.376961642762187	6.341097030604665	6.308894701764834	6.280878903879031	6.257643775571573	6.2398508253883795	6.22821814898663	6.2234981134831795	6.226440998206057	6.237744443792096	6.257992687770976	6.287594556328788	6.326732860925763	6.375337632548991	6.433090410783655	6.499458360685703	6.573749202178696	6.655174187246923	6.742907413845581
7.4	6.487108170419337	6.448561731197869	6.413180557522203	6.381403381870454	6.353731340988028	6.330730230276257	6.313028043054713	6.301305161420989	6.296274361033198	6.298648414640232	6.309095022459305	6.328182223822234	6.356321694108771	6.393720701908181	6.440353843286312	6.495961822509444	6.560077594756641	6.63207315188137	6.711216156729043	6.796725656557486
7.5	6.557624377932786	6.519583704389165	6.484669345248858	6.453302800281234	6.425963622692472	6.403191278515381	6.385582745198486	6.373783553186387	6.368469802008599	6.3703191960626295	6.379970752206491	6.397975686564232	6.424745606161667	6.460507180370104	6.505273168007966	6.558836893797732	6.620791598724647	6.690569847447258	6.767494013064521	6.850828112415998
7.6	6.627593641978022	6.590042020490803	6.5555787286111675	6.524609048209684	6.497592342959668	6.47504357605786	6.45753096760311	6.44566778331748	6.440096101498208	6.441460832210222	6.4503735985382376	6.4673684777977165	6.492854683273957	6.527074000287749	6.570071707529508	6.621687753504547	6.681570378260137	6.74920891205153	6.823978403323662	6.90518742958519
7.7	6.697028962308867	6.659950526401983	6.625923370400911	6.595337493825345	6.568633345842506	6.546303047303842	6.528888106609034	6.516971867818124	6.511164808056221	6.512081159052689	6.5203064438055005	6.536357524027133	6.560639383340252	6.5934053048697745	6.634728134557411	6.684488986744805	6.742386080737426	6.807961679620546	6.880641222476612	6.959777073840855
7.8	6.7659428202251055	6.729322493889491	6.6957173026250345	6.665502827581738	6.639101772005859	6.616984927307463	6.599668947186634	6.587709380396771	6.5816873112574115	6.58218825890188	6.589772923524725	6.604941056913325	6.6280919804495575	6.659487430444609	6.699223489087366	6.7472174972513725	6.803212932438754	6.866801198604238	6.937455665859305	7.014571409613862
7.9	6.834347207346311	6.798170653004967	6.764973964547947	6.735119103975033	6.70901210173006	6.687103801154236	6.66988769063331	6.657893457023331	6.651674809359487	6.651790378294736	6.658777287620936	6.673118422528179	6.695206340983555	6.725308679419755	6.763540980883713	6.809852364496028	6.864027161274235	6.92570221670031	6.994396262367479	7.069545764408078
8.0	6.902253652366191	6.866507223037956	6.833706237823874	6.804199780063591	6.77837819468842	6.756673640820305	6.739557981624321	6.727536803337938	6.721138285120435	6.720895860645697	6.727324282903874	6.740889915907653	6.761977724533185	6.790859112254165	6.827665801165129	6.872374699125102	6.924806908873883	6.984641149749292	7.0514388905028085	7.124676477622506
8.1	6.969673245956601	6.934343941222067	6.901926478983847	6.872757751044744	6.847213326770605	6.8257078396504385	6.808692934431612	6.796651704149914	6.790088488187837	6.789513091172115	6.795419053613055	6.808256637738523	6.828402607398649	6.856130357917356	6.891584944881711	6.934767499518582	6.985532135388301	7.043596037806355	7.108560779437888	7.17994093499568
8.2	7.036616663974221	7.00169208938962	6.969646549515457	6.940805383153462	6.915530224200763	6.894219244594608	6.877305158187177	6.865250034430132	6.858535922776095	6.8576504520186425	6.863067057326791	6.875220370351097	6.894478526483677	6.921115441991929	6.955287044380361	6.997015511631221	7.046184519825837	7.102546491134113	7.165740497238023	7.235317590012876
8.3	7.103094189108123	7.068562518750024	7.036877843749073	7.008354544122253	6.9833410951773125	6.962220186342439	6.945406781115237	6.93334327132975	6.926490839588287	6.9253162858579875	6.930273993928967	6.941783470512092	6.96020394149495	6.985808631376246	7.018762214800182	7.059105093717469	7.106747358275184	7.1614736285688085	7.222957928290313	7.290785973680295
8.4	7.169115731093358	7.134965672950245	7.103631314741375	7.075416631416259	7.050657659241654	7.029722507492517	7.013009473692822	7.000942506861471	6.993963231135761	6.992518866535482	6.997045745671325	7.007948776809311	7.0255781134921085	7.050205294431724	7.082001911195817	7.12102408707821	7.167205461923586	7.2203600104115875	7.280194241861277	7.346326694084151
8.5	7.234690845602915	7.200911609560986	7.169917498329216	7.142002598437161	7.117491174564033	7.0967375888873505	7.080124470725096	7.0680584609595805	7.060962829766654	7.059266375567634	7.063388326662007	7.073719529694321	7.090600997984875	7.114301775372269	7.144998797133497	7.182761693583546	7.227545056389712	7.27918956769909	7.337431853548404	7.4019214271169975
8.6	7.299828751923822	7.266410020117164	7.235746535509371	7.208122978869683	7.18385246331841	7.163276374239576	7.146762592340277	7.134701494700782	7.127499107843108	7.1255668835032155	7.129307840363214	7.139099302493264	7.155273150933214	7.178095281693613	7.207746624327118	7.244308360420536	7.287753683548283	7.337947529424021	7.394654381217982	7.4575528997684355
8.7	7.36453834951159	7.331470248830082	7.301128193283389	7.2737879093284645	7.249751935302529	7.229349393168127	7.212934263923817	7.200881623517651	7.193581279611898	7.191428335323602	7.194810443894377	7.20409194191615	7.219595646162629	7.24158378347211	7.270240122761671	7.305655672269753	7.34782010672955	7.396620349011891	7.451846596842433	7.513204867079285
8.8	7.428828233504101	7.396101310076966	7.3660718840955814	7.339007150446663	7.315199609945326	7.294966782755747	7.278649535020156	7.266608530277464	7.259218304397785	7.256858539194408	7.2599023181188445	7.268701516786597	7.283570002859346	7.304765923417481	7.332474900677619	7.366796250928972	7.407734219929804	7.455195631122004	7.508994375471821	7.568862084126131
8.9	7.492706709279781	7.460311904765207	7.430586683976639	7.403790106534911	7.38020513683122	7.360138307732328	7.343918097238801	7.33189157813057	7.324418890818471	7.321865157996617	7.324589642646493	7.33293227388558	7.347198121951896	7.3676409366304	7.394447353750936	7.427723662259254	7.467486961462757	7.513662059626442	7.5660846424026875	7.624510273933719
9.0	7.556181806126588	7.5241104356566595	7.494681349499588	7.468145843927033	7.444777814859173	7.424873379381822	7.408749301203825	7.396739823057995	7.3891915017764696	7.386455703159315	7.388878575015617	7.396788599949651	7.410482230317707	7.430208579091372	7.45615458279114	7.488432330225933	7.527070232315099	7.57200932743466	7.623105319445154	7.68013609232277
9.1	7.61926129008718	7.587505021734167	7.558364333639041	7.5320831081179085	7.508926610143903	7.489181073262964	7.4731521725899865	7.461162026067862	7.453544360029302	7.450637530395049	7.452775233427541	7.460274988994095	7.473424831873899	7.492469063984213	7.517594319286343	7.548917457734212	7.586476819333646	7.630228068670074	7.680045271040413	7.735727090516875
9.2	7.681952676044037	7.650503511680914	7.6216438006212135	7.595610339789104	7.572660172757184	7.5530701458288885	7.537135427289309	7.525166665005439	7.5174854541768585	7.514417837005546	7.516285682502569	7.523396014243516	7.536028664720505	7.554423005035374	7.578764858142975	7.609174953910673	7.645700323266315	7.688309793568475	7.736894250846531	7.7912716762371925
9.3	7.744263239093864	7.713113496539836	7.6845276398423925	7.65873568980875	7.635986852398751	7.616549050022656	7.600707485752381	7.588761945954603	7.58102254493601	7.577803660478897	7.579415921603961	7.586156304049423	7.598296663602403	7.6160713661247925	7.6396649969993256	7.669201367453278	7.704735091596286	7.746246826352362	7.793642849289569	7.846759073912502
9.4	7.80620002526516	7.775342321612063	7.747023478925293	7.721467033285654	7.698914713078064	7.679625949922294	7.663876486547835	7.651955814216766	7.644163171597464	7.6408018781455835	7.6421718753453565	7.648560521258873	7.660231927043615	7.677415416495745	7.700293981524566	7.728993825658653	7.763576156047796	7.804032246241887	7.850282442472085	7.902179284536871
9.5	7.867769861622836	7.837197097652657	7.809138695979425	7.783811982749406	7.761451546881463	7.742308734501228	7.726650299183115	7.714755964863097	7.706914658580281	7.703419207699262	7.704559385953448	7.7106133455706685	7.721837688585882	7.738456690957659	7.760651456154984	7.788549978732506	7.822219174596036	7.861659831684129	7.906805142740128	7.957523045622606
9.6	7.928979365803025	7.898684711409616	7.870880431123419	7.845777900521286	7.823604886893378	7.8046050305666475	7.789036536227404	7.777169852858657	7.7692841220171065	7.765662208419174	7.7665842072065905	7.772319458478055	7.78311729163168	7.799196954537887	7.820737419757769	7.847867948995297	7.880660377782972	7.919124007821598	7.963203751130074	8.012781791627129
9.7	7.989834955017879	7.9598118355570895	7.932255597323416	7.907371910337252	7.885382019332984	7.866522214932967	7.851042564777519	7.839204702763704	7.831278476315975	7.827537282958331	7.82825199971103	7.833683530451831	7.844074167453272	7.859638171095062	7.8805521857529754	7.9069462846064535	7.938896519119426	7.976419797171365	8.019471711851592	8.067947615087627
9.8	8.050342854562691	8.020584938062532	7.993270890596479	7.96860090827679	7.946789994964162	7.9280674258829835	7.91267551730347	7.900867518019988	7.892904440656625	7.889050679583379	7.889568327311442	7.894710210063744	7.904711815982794	7.9197824754584385	7.940096346262845	7.9657839174471174	7.996924829342947	8.033542773448094	8.075603068907672	8.123013228864778
9.9	8.11050910586415	8.081010291027157	8.053932799625285	8.02947157304866	8.007835639830665	7.989247573966011	7.973942301911019	7.962165089831813	7.954168545388653	7.950208494771816	7.950538654462742	7.955404114790642	7.965033789045408	7.979632148704438	7.999370739894869	8.02438012481965	8.054742974294808	8.090489018436699	8.131592424905175	8.17797192946089
10.0	8.170339574093019	8.141093979036684	8.114247614823576	8.08999037567845	8.06852556536458	8.050069352177768	8.034849612055291	8.02310400565417	8.015077138305237	8.011016676086033	8.011168344414095	8.015769823274914	8.025043675739305	8.039189596224132	8.058376422800453	8.082734494642846	8.112349016180765	8.147255081798466	8.187434902074145	8.232817561714045
10.1	8.22983995537516	8.200841907054256	8.174221436891997	8.15016358864101	8.12886617791222	8.11053924556422	8.095403935737881	8.083690657300922	8.075636390774198	8.07148102525896	8.071462658079579	8.075811868845946	8.084745089702134	8.098457328272808	8.117114642684092	8.140846893842458	8.169741377983296	8.203837943681052	8.243126105482391	8.28754448490108
10.2	8.289015783625	8.260259807886673	8.233860184898479	8.209997294475901	8.188863687717793	8.17066354028763	8.155611564217837	8.143931248687007	8.135852303711404	8.131607201435365	8.131426753486346	8.135534734134522	8.144141658035938	8.157437942727558	8.175586815467947	8.198717439658404	8.226918810800665	8.260234979992884	8.298662088409468	8.342147540324737
10.3	8.347872437022714	8.319353249251435	8.293169603915324	8.269497393921108	8.248524117402246	8.230448332190655	8.215478600266302	8.203831803219263	8.195730713386848	8.191400724523518	8.191065685708324	8.194942846632983	8.203237011690014	8.2161341098084	8.233794504346026	8.256346473610543	8.28388036389676	8.316443930197963	8.354039319824512	8.396622020422438
10.4	8.406415144163047	8.378127640471003	8.35215527224311	8.328669613598997	8.30785330997115	8.28989953489155	8.275010965990957	8.263398170849916	8.255277297056633	8.250866978618498	8.250384407205921	8.25404057507443	8.262034777125926	8.274548558546416	8.291739400987582	8.313734537885091	8.340625357256576	8.372462867484774	8.409254653900135	8.450963639409967
10.5	8.464648989889929	8.436588238818349	8.410822608247372	8.387519513282548	8.366856936384067	8.349022887441063	8.334214410256479	8.32263603480807	8.314497578416661	8.310011215466023	8.309387768504353	8.312832226521001	8.320538569110052	8.332684064805699	8.349423308672637	8.370882353923374	8.397153356452424	8.428290171164022	8.464305301483181	8.505168505455487
10.6	8.522578920842172	8.49474015553477	8.469176876835006	8.446052492771459	8.425540502713561	8.407823961569505	8.393094515724776	8.381550918022894	8.373396932876386	8.368838557941004	8.36808051915224	8.371322044064216	8.378751984497956	8.39054344068827	8.406848127165162	8.427790803012407	8.45346414963877	8.483924501152721	8.519188803437233	8.559233094363274
10.7	8.580209750721886	8.552588361541853	8.527223195592342	8.50427379840298	8.48390935692129	8.46630816854968	8.451656705537317	8.440148189253357	8.431980592652186	8.427354003516408	8.426467308911374	8.429514205055469	8.436678596891479	8.448129525169213	8.464015839147816	8.484460908694517	8.509557726504555	8.539364774405847	8.573903005766944	8.613154224735576
10.8	8.637546165307114	8.610137692866429	8.584966540606347	8.562188529220608	8.54196869527594	8.52448076570079	8.50990624966082	8.498433068937365	8.490253651682083	8.48556242771967	8.484552689134846	8.487412819792919	8.494321952063157	8.505445175827326	8.520928498060838	8.54089382082843	8.565434259023698	8.594610143162548	8.628446036432173	8.666929034570904
10.9	8.694592727221691	8.667392855794574	8.642411751990046	8.619801642823287	8.599723568435957	8.582346862555417	8.567848270916073	8.556410634774814	8.54822107036364	8.543468587527636	8.542341114297663	8.545021930602545	8.551685564056037	8.562493261550697	8.577588217202901	8.597090801149909	8.621094083855894	8.649659974879171	8.68281628375994	8.720554959250121
11.0	8.751353880476934	8.724358431773023	8.699563539129192	8.677117960914979	8.657178887218143	8.639911426710373	8.625487750707975	8.614085827056272	8.60588768011874	8.601077124734752	8.599836943648707	8.602345511258111	8.60877291187748	8.619276656110577	8.633997159966782	8.653053210192963	8.67653768626067	8.704513833728337	8.737012376360457	8.774029710857747
11.1	8.807833954798104	8.781038882072174	8.75642648566802	8.734142174573208	8.714339428072076	8.697179289381415	8.682829534474608	8.671463453750759	8.663258187788564	8.658392569250807	8.657044442957668	8.659387466692305	8.66558743671534	8.675798232508274	8.690157531207882	8.708782495445684	8.731765685398141	8.759171463550066	8.791033164459826	8.82735125878066
11.2	8.864037169747862	8.837438552224505	8.813005054249732	8.790878849254124	8.771209838278502	8.75415515067952	8.739878336871199	8.728548195363505	8.72033717986355	8.71541934233539	8.713967786334674	8.716151632957377	8.722132539613472	8.732060858011039	8.746071568969644	8.76428018062629	8.786778820899439	8.81363277214577	8.844877702559383	8.88051781152645
11.3	8.91996763865974	8.89356167625251	8.8693035910267	8.847332429549857	8.827794640888312	8.810843584625445	8.7966387467043	8.785344609575848	8.777129126552916	8.772161759763284	8.770611058102816	8.772641777399206	8.77841157955114	8.78806738980122	8.801741538149303	8.81954785597507	8.841577940600548	8.867897816815905	8.898545233338584	8.933527799700151
11.4	8.975629372390843	8.949412380697462	8.925326329953222	8.90350724371364	8.884098239418535	8.867249043918516	8.853115231630419	8.841857135677747	8.833638385698567	8.828624034903383	8.826978254708065	8.828861599012932	8.834427871877045	8.843820671172233	8.85716972379618	8.874587169467896	8.896163989338287	8.921966791046053	8.952035172719388	8.98637986008061
11.5	9.031026282904707	9.004994688460478	8.981077396875166	8.959407507965873	8.940124922319153	8.92337586447411	8.909312142632109	8.89809009880325	8.889869206538343	8.884810281741878	8.883073286652285	8.884814728953044	8.890184687054695	8.899323528211408	8.912358425629765	8.929399818866866	8.950537998720765	8.97584001225301	9.005347096015276	9.039072820736138
11.6	9.086162186692029	9.06031252246763	9.036560813426068	9.015037330594584	8.995878867224617	8.97922826974332	8.965233718284601	8.954047713978767	8.94582573332427	8.940724517802979	8.938899980437661	8.94050473117298	8.945685249681521	8.954578766916898	8.967309953048664	8.983987544527679	9.004701077787272	9.029517910509542	9.058480725091318	9.091605687121401
11.7	9.14104080804069	9.115369709167643	9.091780500743228	9.07040071586218	9.051364145003182	9.034810374827288	9.020884088824005	9.009734089993724	9.001512008800649	8.996370666999702	8.994462080513172	8.9959351031749	9.000932737747124	9.00958917070129	9.022026620680219	9.038352122896969	9.058654404481963	9.083001018171277	9.111435916465606	9.143977629098705
11.8	9.195665782162067	9.170169981871767	9.146740283012038	9.125501567729392	9.106584723614885	9.090126190398246	9.076267280028425	9.065153233102171	9.056931977547105	9.051752562400692	9.049763251213786	9.05110927684994	9.055930282101386	9.064357498239646	9.076510744416861	9.09249536063318	9.112399217871605	9.136289960335455	9.164212650286405	9.196187968828609
11.9	9.250040658180355	9.224716983945138	9.201443890849216	9.180343693406957	9.161544471789927	9.14517962643864	9.131387216922358	9.120309050563797	9.11208948919206	9.106873948915508	9.104807078686646	9.106030619394003	9.110680966106887	9.11888648162442	9.130764637890405	9.146419089294334	9.165936811043712	9.189385446065844	9.216811020123385	9.248236169476874
12.0	9.30416890012895	9.279014266186445	9.25589495578209	9.234930794782686	9.216247147232112	9.199974478409514	9.18624770490954	9.175205327683221	9.166988271416745	9.161738451744139	9.159597035994832	9.160702391513855	9.16518777773864	9.17317877275543	9.184790754835346	9.200125100349384	9.21926866905364	9.242288404315826	9.269231367145427	9.300121968033118
