w(ω₀)|α↓|ω→	0.1 ω₀	0.2 ω₀	0.3 ω₀	0.4 ω₀	0.5 ω₀	0.6 ω₀	0.7 ω₀	0.8 ω₀	0.9 ω₀	1.0 ω₀	1.1 ω₀	1.2 ω₀	1.3 ω₀	1.4 ω₀	1.5 ω₀	1.6 ω₀	1.7 ω₀	1.8 ω₀	1.9 ω₀	2.0 ω₀
0.1	0.2913013812879953	0.5771345231601014	0.852702747339977	1.1176172709184538	1.3722626040942123	1.6172989510211166	1.8534664365839215	2.0814997033094778	2.302091065115319	2.515876489904387	2.723432514316077	2.925318723116716	3.121922728903174	3.3137004962724466	3.501027142417689	3.6842396951777423	3.863641491193055	4.039506103051688	4.2120808058469	4.381589617351397
0.2	0.28516892646351016	0.5689184101669239	0.8430351731131699	1.10681676013811	1.360522883829242	1.6047523911588815	1.8402215348320985	2.06762629538619	2.287654742597912	2.5009339573399876	2.7080339455633595	2.9094687800146954	3.105700372610863	3.297143237778953	3.4841694289168967	3.6671132552388177	3.8462756079021876	4.021927838786109	4.1943151932909135	4.363659825895947
0.3	0.2786932782996036	0.560387922217876	0.8330695754570897	1.0957304981158775	1.348507560392792	1.5919441601289803	1.826704216470611	2.0534867830080246	2.2729585566180015	2.485737838205388	2.692388151703596	2.893418498754085	3.0892866324617385	3.280403531392397	3.467138162665113	3.6498220912979873	3.8287537370210005	4.00420220651013	4.1764106933438905	4.345599469335085
0.4	0.27183090807853755	0.5515164228608594	0.8227858616614073	1.0843420916804398	1.3362056393081347	1.5788505594583813	1.8129201379633182	2.0390898490373504	2.2580139622558484	2.4703021604383744	2.6765115699100033	2.8771461570391295	3.0726595224064965	3.2634590979514573	3.449910744763797	3.6323432600655	3.8110525679272103	3.9863055067947704	4.158343197687506	4.327384011785831
0.5	0.26453007360950864	0.5422739023052351	0.8121619221753811	1.072633756374579	1.3235955612027421	1.5654659853441335	1.7988564646554401	2.0244238171247995	2.2428102570427897	2.454617061495494	2.6603950737865114	2.860643279778061	3.0558111463766457	3.2463025569867754	3.4324802536122	3.614670247451476	3.7931659471990287	3.968231904024457	4.140107149229201	4.309008138680504
0.6	0.25672916518767186	0.5326264681416983	0.8011733811902982	1.0605875628508934	1.3106651887678233	1.55177628705418	1.7845007953759349	2.0094777098118266	2.227337666190629	2.4386738081566004	2.644030846699846	2.843902864909828	3.038735230351952	3.2289282871044707	3.414841653498994	3.59679854331802	3.775089835909699	3.9499777811403947	4.121699307885722	4.29046894604307
0.7	0.2483551265452692	0.5225357845526394	0.789793325080405	1.0481794328885228	1.297397075229684	1.5377666208325536	1.7698402786183798	1.9942402873085565	2.2115863041867594	2.4224636819478507	2.6274111923807792	2.82691812068078	3.0214257878670914	3.211331021252161	3.396990321141331	3.578724100756983	3.756820703054768	3.931540068536965	4.103117016223746	4.271764144093365
0.8	0.23932272536419863	0.5119584823153492	0.7779920086981511	1.0353882046468816	1.2837725039409453	1.5234212212197462	1.7548613870215162	1.9786998187276228	2.1955459389350427	2.4059777337252446	2.6105282783234753	2.8096821967729366	3.003876838150362	3.193505551418984	3.3789217366909767	3.5604430132847598	3.7383551889026654	3.9129158936470274	4.084357835382566	4.252891679650896
0.9	0.2295367411715435	0.5008455988509012	0.765736547456805	1.022188909427493	1.2697713341854275	1.508723280351835	1.7395498164767418	1.962843993077115	2.1792059096041836	2.3892067049821484	2.593374058168637	2.79218810605958	2.9860823260308536	3.1754466458232375	3.3606313975737927	3.54195142490868	3.7196900110106332	3.894102482711856	4.06541944250217	4.233849629177327
1.0	0.21890223015925214	0.4891421757540732	0.7529911098464449	1.0085543531165084	1.2553718687429407	1.4936548555629674	1.7238904192167068	1.9466598690920232	2.1625550875227595	2.3721409959200193	2.5759402442068082	2.7744286995739	2.9680360979500193	3.157149024941696	3.3421147938127116	3.523245504227235	3.7008219367461663	3.875097131497349	4.046299599485981	4.214636165502123
1.1	0.20735474636781415	0.4767872712970578	0.7397145866541601	0.9944549268728589	1.2405507296074751	1.478196787462191	1.707867149869876	1.930133840100619	2.145581853744608	2.3547706514866005	2.5582182989020477	2.7563966613858906	2.9497318986683574	3.1386073589582812	3.3233674054531765	3.5043214412997448	3.6817477792414164	3.8558972000970058	4.026996146508124	4.195249549957803
1.2	0.1949332706195968	0.4637148900802897	0.7258636261284876	0.9798584376321229	1.2252827422795676	1.4623286254859265	1.6914630196667437	1.9132516078254247	2.128274086117481	2.3370853572658996	2.54019943645603	2.7380845136098237	2.9311633781383724	3.1198162754000323	3.304384710193072	3.4851754547553484	3.6624644036421414	3.8365001181114504	4.007507006005311	4.175688135130177
1.3	0.18191820873834447	0.44985696384362545	0.7113904237985009	0.964729980870991	1.2095408357063784	1.4460285633748367	1.6746600592757765	1.8959981644724035	2.110619154421777	2.319074443166841	2.521874631845058	2.719484628529277	2.912324105144025	3.1007703732074243	3.2851621971603677	3.4658038048010464	3.64296873905306	3.8169033953600193	3.9878301920773445	4.155950372929638
1.4	0.16897830700258895	0.43514900805664425	0.6962437011245234	0.9490318939350375	1.1932959709771538	1.429273390530349	1.6574392934258106	1.878357784835825	2.0926039244192656	2.3007268951282347	2.5032346370668748	2.700589247202582	2.893207586763791	3.0814642420510485	3.265695385431142	3.446202810543399	3.623257794436123	3.797104636253954	3.96796382331026	4.136034825893949
1.5	0.15707710683349188	0.4195443464241331	0.6803697670036902	0.9327238517821349	1.1765171195800872	1.412038468825746	1.6397807326606901	1.8603140317231248	2.074214772926471	2.282031376169451	2.484270005381303	2.681390504921583	2.8738072937192136	3.0618924867148687	3.2459798469275514	3.426368871111866	3.603328677832674	3.7771015570957567	3.947906138199781	4.115940180826072
1.6	0.14698755582856346	0.4030375918643995	0.6637147355089271	0.9157632028915794	1.1591713229334568	1.3942977490724122	1.6216633900287039	1.841849779517461	2.055437617071821	2.2629762589081555	2.4649711249602553	2.6618804644466887	2.8541166921764787	3.0420497568470912	3.226011233793549	3.406298490535103	3.583178618746072	3.7568920060550077	3.9276555128611323	4.0956652644041
1.7	0.13890741441116167	0.3857056704570825	0.646228681497875	0.8981056975495776	1.1412238807241515	1.3760238476644855	1.603065333622927	1.8229472624530043	2.0362579619800583	2.243549672384571	2.445328263877249	2.6420511583321034	2.8341292828787092	3.021930782652063	3.205785310601045	3.3859883065555705	3.5628049937458	3.736473985795348	3.9072104809284713	4.075209060609088
1.8	0.1325895408810823	0.36776533188012234	0.6278729278845515	0.8797068420894815	1.1226387385319652	1.35718821271433	1.583963790003549	1.803588156364135	2.016660972389975	2.223739566805775	2.4253316288658837	2.6218946419875278	2.813838648731215	3.001530417274391	3.1852979918792848	3.3654351236957614	3.5422053554797617	3.7158456788368803	3.8865697556618266	4.054570729942813
1.9	0.12765148783534266	0.3496288140249465	0.6086321326309241	0.8605242299983766	1.103379178177916	1.3377614211883253	1.5643353190139722	1.7837537054594435	1.9966315752503332	2.2035338007177874	2.4049714408157064	2.601403059467449	2.7932385121797694	2.9808436867818076	3.16454538557509	3.344635950971436	3.5213774653404206	3.695005475805801	3.865732254337549	4.0337496304573905
2.0	0.12374788803879358	0.331903356406325	0.588533099677604	0.8405213611970997	1.0834089607041881	1.317713665342764	1.5441560877762335	1.7634249092241445	1.9761546022129974	2.1829202561561445	2.384238030575043	2.5805687243288022	2.7723228039386996	2.9598658487858884	3.1435238431336243	3.323588044709725	3.5003193300834767	3.673952006750458	3.8446971250274777	4.012745340649215
2.1	0.12061408370170569	0.3152755878387448	0.5676714806894719	0.8196736563468672	1.0626941353957948	1.2970155094938065	1.523402281192395	1.742582789053399	1.9552149832338197	2.1618869885506147	2.36312195930929	2.5593842182866804	2.7510857448457715	2.9385924608638896	3.122230016966522	3.302288956970497	3.4790292427173988	3.6526841757261486	3.823463775885428	3.991557684278014
2.2	0.11805911654915366	0.30030531769414964	0.5462441704198924	0.7979775552726736	1.04120581047217	1.2756390281457302	1.5020506985747446	1.7212087598167793	1.9337980052383203	2.140422419577114	2.3416141684137397	2.537842510797681	2.729521942838422	2.9170194600676913	3.100660926133746	3.2807365901028445	3.4575058280024455	3.6312011988570183	3.802031907062934	3.97018675717992
2.3	0.11594783726199168	0.28727123106002633	0.5245774536544855	0.7754636125429393	1.0189242772675964	1.2535594743837413	1.4800796014086626	1.6992851383621992	1.9118896530342917	2.118515582750096	2.3197061648008024	2.5159371031283873	2.707626507264924	2.8951432549097134	3.0788140311189647	3.2589292579874827	3.4357480928982076	3.6095026460789184	3.7804015453714745	3.9486329561317106
2.4	0.1141843085961041	0.2761713246428369	0.5031303250929511	0.752214042761649	0.9958449688005769	1.2307576717884219	1.4574698956203507	1.6767958289337246	1.88947705330954	2.096156433296476	2.2973902482305277	2.4936622008788443	2.6853951829411504	2.872960831306561	3.0566873186068113	3.2368657545228143	3.4137554822969114	3.587588486757944	3.7585730817969365	3.9268970098153972
2.5	0.11269899783419311	0.26682858652999225	0.482449404117124	0.7283836526655781	0.971986759447426	1.207223367632366	1.4342067519348394	1.6537272342483533	1.86654904647377	2.0733362356507703	2.2746597881904256	2.471012919313591	2.6628245065242004	2.850469874014516	3.0342793971801423	3.2145454298954754	3.3915279403518768	3.5654591393542385	3.736547311946971	3.9049800119135205
2.6	0.11143979418337131	0.25899956653278894	0.46307245322375223	0.7042198821218651	0.9474029543860507	1.1829598134236103	1.4102817867553097	1.630069449605825	1.8430969149023098	2.0500480435889212	2.2515095585532454	2.4479855261423045	2.6399119878725203	2.827668905103108	3.0115896048290707	3.1919682751402245	3.3690659776762173	3.5431155252670843	3.7143254794871585	3.8828834563403962
2.7	0.11036622880305622	0.2524393619295496	0.44541750099220256	0.68007287708857	0.9221947606116724	1.1579898163361526	1.385695936444151	1.6058178039394886	1.8191152991674993	2.0262872892721617	2.2279361387113887	2.4245777265229886	2.6166563190486873	2.804557440949725	2.9886181290878677	3.1691350154239113	3.3463707446233495	3.5205591269462735	3.691909322576513	3.860609274582456
2.8	0.10944599791075568	0.2469284938596867	0.42971231272295557	0.6563826851615762	0.8965257824003992	1.13236336840816	1.360463146602234	1.5809748125603305	1.7946033347701602	2.002052497819581	2.2039383898883407	2.400788994927393	2.59305761345583	2.7811361690803214	2.965366140482527	3.146047212377078	3.3234441107766095	3.4977920502871145	3.6693011232666533	3.838159875082907
2.9	0.10865290507064064	0.242279785397326	0.41599189807189413	0.6336336169100418	0.8706339495757175	1.106166611664133	1.3346149423432097	1.5555525955010239	1.7695660389582684	1.977346142751563	2.1795180145552067	2.3766209579662205	2.569117677203806	2.757407145890221	2.941835939755896	3.1227073756394477	3.3002887506553127	3.474817091240186	3.6465037597577266	3.815538184555747
3.0	0.10796556558531364	0.23833744705855034	0.40414574230217626	0.6122803456661142	0.8448346664955293	1.0795312219234052	1.3082058121427995	1.5295757836787898	1.7440159674003648	1.9521756537052193	2.154680204919108	2.3520778311473225	2.5448403140944547	2.7333740158131308	2.91803111902096	3.099119083563791	3.2769082354909567	3.45163780645679	3.6235207613303677	3.7927476910577336
3.1	0.10736649266624913	0.23497369361798273	0.3939801196386677	0.5926704844336982	0.8195075639990478	1.0526422402780071	1.2813190860734947	1.503084870149056	1.7179751399602585	1.9265545798456365	2.129434382763157	2.3271669105973896	2.52023166449674	2.7090422518197497	2.893956736549463	3.0752871127318655	3.253307130728168	3.4282585876502187	3.6003563656744757	3.7697924885791845
3.2	0.10684138462555864	0.23208473455698722	0.38527061844735655	0.5749961340176626	0.7950620066786172	1.0257411386567927	1.2540725890668845	1.4761398515061586	1.691477198768794	1.9005038986901488	2.1037950268603773	2.3018991177604664	2.495300576734668	2.6844194161634816	2.8696195043151937	3.0512175755571698	3.2294910986581775	3.404684739195189	3.5770155782222033	3.7466773228359602
3.3	0.10637853964775883	0.22958678892471293	0.37779639652795904	0.5592912766883531	0.7718852258440232	0.9991201346457665	1.226622822596602	1.4488238348372575	1.6645697054492294	1.8740534388125434	2.0777825750562298	2.276289590704007	2.4700590073123645	2.6595154390005495	2.845027986643496	3.0269180647798803	3.2054670052911605	3.380922558279875	3.553504232962286	3.723407637855178
3.4	0.10596836948795826	0.22741242514826485	0.37135795275187566	0.5454660525719355	0.7502879937152076	0.9731046041659585	1.1991659104711512	1.4212460634903268	1.637316404998798	1.8472433546076075	2.0514243752812353	2.2503583096587914	2.444522443243599	2.6343429108456964	2.820192807360744	3.002397803079327	3.1812430302158274	3.3569794167069915	3.5298290540618447	3.6999896228482982
3.5	0.10560299779927666	0.2255073759629316	0.3657836475938763	0.533355048186713	0.7304672024143251	0.9480237958705741	1.171933339778798	1.3935435775847984	1.609799184403841	1.8201255516338073	2.024755642875792	2.2241307366174317	2.418710335861223	2.6089173827495236	2.795126861671728	2.9776677953477995	3.156828777775756	3.3328638431691306	3.5059977174532846	3.676430258753534
3.6	0.1052759319092587	0.22382787445185207	0.36092988070758897	0.5227604204178972	0.712497029356412	0.924175256878334	1.1451810547035732	1.3658805592088321	1.5821193482160607	1.7927649140903692	1.9978203609738705	2.1976384392487858	2.3926465307517684	2.583257665604705	2.7698455276206415	2.9527409803747977	3.1322353874200197	3.3085856045369666	3.482018911361268	3.6527373637116094
3.7	0.10498179721645	0.22233848866967798	0.3566783192695336	0.5134816916543388	0.696346158240587	0.9017925063267862	1.1191719951476617	1.338444452401903	1.5543977502209108	1.7652401377904963	1.9706720376951798	2.1709196584220507	2.3663596730148933	2.5573861171433423	2.7443668704390527	2.9276323778083824	3.1074756405623605	3.2841557843797338	3.4579023945427725	3.628919636611893
3.8	0.1047161237547566	0.22101039270430745	0.35293214256105726	0.505332475446951	0.6819088151909877	0.8810252017513472	1.0941544441162654	1.3114383332945323	1.5267733052964856	1.73764393394668	1.9433742115177755	2.1440197671575523	2.3398835611829116	2.531328902106181	2.718711831400206	2.902359225306499	3.082564060726714	3.259586856601729	3.433659050811561	3.6049866977173672
3.9	0.10447517541699872	0.21982000315227462	0.3496122873109355	0.4981477718440447	0.6690369178166253	0.8619359467673244	1.0703405597560065	1.2850697816174954	1.4993995105929827	1.710082357923675	1.9160005793660262	2.1169915583717187	2.3132574173943317	2.5051162079462794	2.69290439107824	2.876941099816092	3.0575170031887726	3.2348927517416137	3.409300938208304	3.5809491252462404
4.0	0.1042558132623423	0.21874790946175268	0.346654121067673	0.491785604884521	0.6575658209497967	0.8445113712663871	1.0478899716361085	1.2595375138436113	1.4724388653265106	1.6826730522114641	1.8886346173750483	2.0898952916354996	2.2865260366115754	2.478782395603987	2.6669716952894036	2.8514000159823607	3.03235272977591	3.2100889131516595	3.3848413309794134	3.5568184866677863
4.1	0.10405538681894239	0.21777803678741525	0.34400458519041205	0.4861257535974419	0.6473315839465179	0.8286811537975307	1.0269017981401607	1.2350179030174457	1.446055478833069	1.6555422896839307	1.8613685795250192	2.0627984281918827	2.259739774899267	2.4523660627877995	2.6409441306584505	2.825760493882721	3.007091464000463	3.185192339982718	3.3602947523499376	3.532607363356665
4.2	0.10387164631418383	0.21689699036385687	0.3416199905831939	0.4810672609882096	0.638180853361886	0.8143385055008654	1.00741565756854	1.2116537951988704	1.4204066084559082	1.628820863578643	1.83430180063746	2.0357749917538484	2.23295433732165	2.425909996360073	2.6148553359411495	2.800049587706327	2.9817554213339643	3.160221613668006	3.3356769959305286	3.5083293671649636
4.3	0.10370267271535363	0.21609354073637424	0.3394641337209153	0.47652563442658846	0.629975479078742	0.8013578470748262	0.989419690079666	1.1895475244643259	1.395634222563779	1.6026390736999836	1.8075382995097888	2.0089045126375322	2.206230331170748	2.399460991442071	2.588742135212959	2.7742968667888883	2.9563688092344225	3.1351969044607753	3.311005133507951	3.483999147408466
4.4	0.10354682114179509	0.21535822417708791	0.33750685560266164	0.47243017795412645	0.6225938427094285	0.7896079602487427	0.9728623674236738	1.168758916305776	1.3718577890821406	1.5771212585599104	1.7811837697264612	1.9822705454771266	2.1796325610056067	2.3730695182825174	2.5626443800768297	2.7485343406950897	2.930957791591243	3.110139954567713	3.286297506946067	3.4596323867488397
4.5	0.10340267510299007	0.21468299670761626	0.3357228888103951	0.46872163510573	0.6159303563924995	0.7789606573889756	0.9576650367291248	1.149307840984481	1.3491692778258473	1.5523804609576075	1.7553421454547808	1.95595879434812	2.1532290587039737	2.346789224170685	2.5366046903923096	2.7227963209462915	2.905550412611172	3.085074034570521	3.2615737019885636	3.4352457844833095
4.6	0.10326900930176475	0.21406101580500997	0.33409094347453183	0.4653501873979427	0.6098940750016932	0.7692958338105754	0.9437331195313193	1.1311800115152968	1.327630897564372	1.5285138388130688	1.7301120156639784	1.9300549285077597	2.1270898636808746	2.3206762668170025	2.510668086833587	2.697119213622146	2.8801764758998627	3.060023870172033	3.2368545019306207	3.4108570258467177
4.7	0.10314476166645709	0.21348641063910856	0.33259298096462186	0.46227379188792955	0.6044069782266206	0.7605039430735702	0.9309649846520021	1.1143344264441306	1.3072755319795912	1.505599325765437	1.705583209535275	1.9046422190295278	2.101285593603478	2.2947884873119433	2.48488151385092	2.6715412394712974	2.8548673756310614	3.035015536867138	3.212161819417719	3.3864847360936303
4.8	0.10302899875151052	0.2129541237501018	0.331213634669703	0.45945681695851154	0.5994022248480164	0.7524867993126091	0.9192583375013481	1.0987110497872854	1.288109375913916	1.4836938335402232	1.6818338717910648	1.8797991617235272	2.0758858710715495	2.2691844441238183	2.4592932581377545	2.6461020813257012	2.8296558782569474	3.0100763209380554	3.187518605058385	3.3621484183652797
4.9	0.10292090981333132	0.21245977778855063	0.3299397460439284	0.4568689296376865	0.5948225276169417	0.7451573817767668	0.9085144283531753	1.0842377629722684	1.2701160198175347	1.4628330316613962	1.658928286299861	1.8555972662612061	2.0509576927799196	2.2439223431931254	2.433952275067589	2.6208424624074103	2.804575855168959	2.9852345462033303	3.1629487320982133	3.337868374664543
5.0	0.10281977999900216	0.21199956706956863	0.3287599911639022	0.45448419019162783	0.5906187095852083	0.7384391009862572	0.8986405545345825	1.0708360927574228	1.2532612002795154	1.4430325096914387	1.6369156024797769	1.8320991804969722	2.0265638405997257	2.2190589112466834	2.4089074430997512	2.5958036633223784	2.7796619689963418	2.9605193671918557	3.138476857092635	3.313665609657264
5.1	0.10272497866799309	0.21157016883739063	0.32766457859359527	0.45228031531374346	0.5867484558565448	0.7322648184659352	0.8895513327921816	1.0584255855682394	1.237497565945735	1.4242899739834387	1.615829496277602	1.8093572834016627	2.002761435804259	2.194648268123665	2.3842067730429517	2.571026989825557	2.754949318706957	2.9359605308165926	3.1141282573194418	3.289561717485899
5.2	0.10263594757278743	0.21116867027048494	0.3266450036568072	0.45023807751230566	0.5831752515197801	0.7265757947534387	0.8811691422656907	1.0469269263668883	1.2227690129390916	1.4065880728060332	1.5956886834232975	1.7874128263561946	1.979600727240723	2.170740857602322	2.35989660442631	2.5465532074201063	2.7304730511817885	2.911588110120777	3.0899286465547964	3.265578752308338
5.3	0.10255219094054716	0.21079250812426767	0.3256938475345523	0.4483408141944778	0.5798674864949761	0.7213206634880962	0.8734240427307797	1.0362640085473966	1.209014348748547	1.3898974678490223	1.5764981188658178	1.7662956412922464	1.957124182876125	2.1473824940320534	2.336020824268094	2.522421962087404	2.706267949269539	2.88743221516931	3.065903971763931	3.2417390838417677
5.4	0.1024732671150473	0.2104394185738734	0.32480461215623324	0.4465740250565778	0.5767977049977231	0.7164544813785745	0.8662533848522442	1.0263651888987506	1.1961702066462616	1.374179846592099	1.5582506730185455	1.7460243766566157	1.9353659252217559	2.1246135740151213	2.3126201436996037	2.498671208535555	2.682368008272457	2.8635226875522886	3.0420801941727174	3.2180652397740834
5.5	0.10239878148462087	0.21010739533237363	0.3239715838160311	0.4449250406425466	0.5739419777965936	0.7119378751426103	0.8596012589119776	1.0171639443903584	1.1841732412363213	1.3593906666787734	1.5409290711983603	1.7266071775623861	1.9143515193709537	2.1024684894240724	2.2897314650097083	2.47533666799647	2.6588060141639502	2.8398887861437125	3.0184830590330036	3.194579737475194
5.6	0.10232838047477953	0.20979465451682341	0.3231897199581108	0.44338274838730035	0.5712793774738995	0.7077362901335276	0.8534178766069147	1.0085991111002623	1.1729616951044626	1.3454815157374085	1.524507907807651	1.7080426997615445	1.8940980926376436	2.0809752619512287	2.2673873659595185	2.452451336640299	2.6356131374291256	2.8165588726081596	2.995137859112688	3.171304907961809
5.7	0.10226174642578827	0.20949960504371143	0.32245455474301027	0.4419373652305537	0.5687915394761057	0.7038193365888711	0.847658944206932	1.000614845315104	1.162476449592762	1.3324020443006523	1.508955588601723	1.6903213387027944	1.8746147410015939	2.060155402354365	2.245615720309597	2.430045063142958	2.6128185561496875	2.7935601055833006	2.9720691974715447	3.1482627155121548
5.8	0.10219859320880323	0.20922082357683247	0.3217621199138556	0.4405802480892	0.5664622943427414	0.7001602251981295	0.8422850609380261	0.9931604102808262	1.152661672867554	1.3201014812417797	1.4942361010363656	1.6734265618621658	1.8559031620662991	2.040023981754919	2.224439464327648	2.408144210057544	2.590449120811905	2.7709181524271154	2.9493007553781854	3.125474576656875
5.9	0.10213866246090768	0.20895703324060608	0.32110887818681433	0.43930373522150146	0.5642773588938812	0.6967352820700661	0.8372611605632921	0.9861898621170042	1.143465166400745	1.3085297721674778	1.4803105557454534	1.6573362497958717	1.837958447534694	2.0205898895053824	2.203876509649073	2.386771408787324	2.5685290713746247	2.748656926887364	2.9268550712494146	3.1029611824637215
6.0	0.10208172034064256	0.2087070854616421	0.3204916604056476	0.43810101289750786	0.5622240762478817	0.6935235330134869	0.8325560041228579	0.9796616547737846	1.1348384940453273	1.2976383959893834	1.4671384770219857	1.642023973733258	1.8207698899231364	2.001856243334278	2.183939794244885	2.365945412618402	2.5470798145530162	2.7267982128267163	2.9047533362352587	3.08074232806789
6.1	0.10202755472294298	0.20846994442039118	0.3199076504265128	0.43696600288340814	0.5602911963180579	0.6905063476268848	0.8281417257160182	0.9735384113282298	1.1267369604029795	1.2873809184986829	1.4546788453047943	1.6274601606167933	1.8043223002497575	1.9838209130151023	2.1646374561982666	2.345681046960106	2.5261197662749133	2.705362210542071	2.8830152115395142	3.0588367532671694
6.2	0.10197597276633674	0.20824467368949112	0.31935427901734004	0.4358932671140655	0.5584686899207693	0.6876671346136057	0.8239934296964635	0.9677862412256913	1.1191194893814638	1.2777133385830004	1.4428909107341426	1.6136131172979193	1.7885961212472257	1.966477118348426	2.145973109995998	2.32598925113011	2.5056642611053053	2.6843659182059136	2.861658671787046	3.0372619977034496
6.3	0.10192679879661784	0.20803042471143351	0.31882925437562054	0.43487792661703234	0.5567475908530591	0.6849910807699406	0.8200888357743099	0.9623746857065661	1.1119484406037718	1.2685942760486137	1.4317348055114298	1.6004499024962846	1.7735690780364775	1.949814065003191	2.1279462022663242	2.306877202076127	2.4857255273692305	2.6638245037215236	2.8406998777732566	3.0160342737047268
6.4	0.10187987246039998	0.20782642682921337	0.3183304995247313	0.4339155922999042	0.5551198613037212	0.682464927109434	0.8164079676571857	0.9572762290865807	1.1051893907815074	1.2599850420545504	1.4211719860571255	1.587937047640847	1.7592165631616108	1.9338175867247973	2.1105524232151676	2.2883485075750114	2.4663127239600935	2.6437505145963858	2.8201530808222546	2.9951683592866085
6.5	0.10183504710970609	0.20763197863308186	0.3178561330698008	0.43300230565169867	0.5535782767838536	0.6800767765263381	0.812932880613643	0.9524660208533987	1.0988108990506464	1.2518496252615876	1.4111655356276964	1.576041136097925	1.7455124087022287	1.9184707685696083	2.093784151089588	2.2704034547729535	2.447432032573586	2.624154016265586	2.8000305598115602	2.9746775131447243
6.6	0.1017921883847462	0.20744644042661198	0.31740444690938924	0.4321344877609467	0.5521163274340147	0.6778159282390165	0.8096474234459109	0.9479215955753991	1.09278426919541	1.2441546196519306	1.4016803555959951	1.5647292552221719	1.7324294839518408	1.9037545322944727	2.077630909373124	2.253039299375913	2.4290867974643726	2.6050426253875494	2.7803425907627948	2.9545734127446526
6.7	0.10175117296740585	0.20726922764790393	0.3169738869040271	0.43130889533647737	0.5507281331125085	0.6756727349838307	0.8065370306526706	0.9436226205595127	1.0870833172416134	1.2368691138777737	1.3926832700914908	1.553969337947791	1.7199401986167486	1.889648171159282	2.0620798196056844	2.236250581212521	2.411277703819844	2.586421581138112	2.761097447820819	2.934866115878273
6.8	0.10171188748212716	0.20709980510858872	0.316563036057196	0.43052258264584214	0.5494083701160817	0.6736384795569496	0.8035885409451087	0.939550669767142	1.0816841497129495	1.2299645570009519	1.3841430648560928	1.5437304110438552	1.7080169165618215	1.8761298267695938	2.047116036273494	2.220029453059482	2.3940029854592186	2.568293849345358	2.742301433501485	2.9155640453412595
6.9	0.10167422752428705	0.20693768193522638	0.31617059983856194	0.4297728684720374	0.5481522077495415	0.671705267834111	0.8007900386905152	0.9356890220374758	1.076564955600113	1.2234146115104372	1.376030477438794	1.5339827663507581	1.6966322879164302	1.8631769049827533	2.032723153766612	2.204366011301145	2.3772586527219532	2.550660253710033	2.723958935323094	2.8966739957331167
7.0	0.10163809679949297	0.2067824071157745	0.3157953933397575	0.4290573073403531	0.5469552532596703	0.6698659358486203	0.798130715262205	0.932022481475287	1.0717058135457922	1.217195001414693	1.3683181524670693	1.5246980698058534	1.6857595088164974	1.8507664312760417	2.018883578689556	2.1892486189648053	2.3610387320027106	2.5335196281056382	2.7060725053723353	2.878201160815618
7.1	0.10160340635917459	0.20663356556889512	0.3154363300029519	0.4283736643907779	0.5458135038941481	0.6681139688863323	0.7956007476541479	0.9285372178354977	1.0670885147070053	1.2112833608487594	1.3609805728008981	1.5158494212284293	1.6753725185395298	1.838875348391441	2.005578863668095	2.1746642137274406	2.3453355093007406	2.5168689840104257	2.6886429589985914	2.8601491794098024
7.2	0.10157007392040523	0.20649077466629107	0.315092411703305	0.4277198933724953	0.5447233050479006	0.6664434308744416	0.7931911920633378	0.9252206248126892	1.0626964010762792	1.2056590868682442	1.353993974916797	1.5074113759165921	1.6654461435915922	1.8274807606559282	1.9927900011449733	2.1605985954776683	2.330139771260702	2.5007036874376407	2.6716694886739605	2.8425201974754963
7.3	0.10153802325927708	0.20635368114864408	0.3147627200004103	0.42709411732069763	0.543681313625652	0.6648489026070996	0.7908938904512891	0.9220611942765783	1.0585142186181533	1.2003031987965331	1.3473362548596368	1.4993599372690523	1.6559561976747912	1.816560130282916	1.9804976774857077	2.147036689825536	2.3154410383808006	2.4850176402381323	2.655149789078908	2.825314943803586
7.4	0.10150718366885837	0.2062219583844091	0.3144464084019405	0.42649461154455043	0.5426844658868273	0.6633254275744254	0.7887013883665551	0.9190484046548152	1.0545279843295672	1.1951982055416188	1.3409868694885072	1.491672527969082	1.6468795455905891	1.8060914313450138	1.968682489055483	2.133962785517749	2.301227786264935	2.4698034612876336	2.6390801896478893	2.8085328166564243
7.5	0.10147748947385024	0.20609530392810296	0.314142695506219	0.4259197886122865	0.54172994915318	0.6618684643484463	0.7866068625466781	0.9161726218346014	1.0507248662059454	1.190327981619887	1.3349267364718325	1.4843279457985106	1.6381941381558036	1.7960532671158926	1.9573251228398205	2.12136074500823	2.2874876519285148	2.4550526637807675	2.6234557911013305	2.792171978701516
7.6	0.10144887959520041	0.20597343734075654	0.31385085890990966	0.425368185067068	0.5408151768540863	0.6604738446367038	0.7846040570225332	0.9134250111231503	1.0470930750492402	1.1856776521476595	1.3291381354993692	1.4773063088933036	1.629879024216506	1.786424956226614	1.9464065047372943	2.109214188450528	2.2742076231881723	2.4407558255840085	2.6082706028670426	2.776229457686036
7.7	0.10142129715886496	0.20585609824045115	0.31357022978359794	0.4248384496465369	0.5399377664635736	0.6591377362460638	0.7826872266247448	0.9107974589672178	1.0436217670613208	1.1812334867350118	1.323604612419555	1.4705889942026926	1.6219143449008038	1.777186592669732	1.9359079189262736	2.0975066521386645	2.2613742100455125	2.4269027503096696	2.5935176787216414	2.760701250473301
7.8	0.10139468914349671	0.2057430445552158	0.31330018803176374	0.42432933281244795	0.5390955199492352	0.6578566103103889	0.7808510869435974	0.9082825032805653	1.0403009562064929	1.176982802000549	1.3183108874361942	1.4641585720502472	1.614281314388043	1.7683190841847434	1.9258111017686812	2.086221722955571	2.248973597704595	2.4134826174326145	2.5791892484319274	2.745582428290289
7.9	0.10136900606278948	0.20563405095435933	0.31304015796530477	0.4238396774244094	0.5382864064085021	0.6566272122291034	0.7790907699243728	0.9058732713633932	1.0371214353865643	1.1729138722895978	1.3132427680679706	1.4579987389953237	1.606962190705399	1.7598041730245582	1.9160983136223948	2.0753431507289557	2.236991781442539	2.400484120359544	2.565276843623695	2.730867241298025
8.0	0.10134420167847626	0.2055289074373979	0.3127896044247394	0.42336841041527207	0.5375085466143923	0.6554465358426605	0.7774017843916722	0.903563424519512	1.0340747055419248	1.169015848099423	1.3083870672563895	1.4520942506333872	1.5999402393983733	1.7516244425727485	1.9067523917401061	2.0648549405793166	2.2254146839932676	2.387895591868729	2.55177141653149	2.7165492208776008
8.1	0.10132023274064084	0.20542741806248963	0.31254802930042125	0.4229145353455869	0.5367601992320783	0.6543118004377819	0.7757799808923118	0.9013471085853456	1.0311529118658134	1.1652786816761966	1.3037315267773433	1.4464308555294707	1.593199692354991	1.743763312777742	1.8977567871766792	2.054741427408901	2.214228256420627	2.3757051167592875	2.5386634506735213	2.7026212783092234
8.2	0.10129705875240638	0.20532939979866469	0.31231496840338474	0.42247712573116947	0.5360397485008701	0.6532204302317748	0.7742215203284166	0.8992189096808844	1.0283487863929355	1.1616930592377437	1.299264745946752	1.4409952311315999	1.5867257035881297	1.7362050269081533	1.889095588338326	2.0449873346545457	2.203418563667239	2.363900631888119	2.525943062843399	2.689075798798609
8.3	0.10127464175633741	0.20523468148805923	0.3120899886464717	0.42205531905220733	0.5353456932042429	0.6521700360333593	0.7727228459227782	0.8971738145772702	1.0256555962945075	1.1582503392839751	1.294976115496758	1.4357749222414469	1.5805043033859942	1.7289346317193695	1.8807535335087326	2.0355778193370684	2.192971856087806	2.3524700140328254	2.5136000961096014	2.675904730064261
8.4	0.10125294614029164	0.20514310290606425	0.3118726855005222	0.4216483113644644	0.5346766367746343	0.6511583988184618	0.7712806581190302	0.895207175150045	1.023067097279094	1.1549424964770008	1.2908557564226866	1.4307582824119378	1.5745223519173344	1.7219379527574918	1.8727160143942214	2.0264985053088265	2.1828746283283262	2.341401156210276	2.5016242037626926	2.663099664935404
8.5	0.10123193846071238	0.205054513908895	0.3116626806949775	0.4212553524433816	0.5340312783998626	0.6501834549940134	0.7698918920711836	0.8933146764520568	1.0205774915606598	1.1517620706006955	1.2868944635523294	1.4259344184852611	1.5687674931150588	1.7152015662117195	1.8649690724522463	2.0177355064429436	2.1731136669111892	2.3306820332109957	2.490004924352721	2.6506519176033767
8.6	0.10121158728151503	0.204968773659215	0.31145962013605977	0.42087574140096395	0.5334084050157186	0.6492432831529531	0.768553697421604	0.8914923079970655	1.0181813899121588	1.1487021201411098	1.2830836535615666	1.421293138366463	1.5632281094504168	1.7087127684573327	1.8574993895119143	2.0092754413400193	2.1636760878459897	2.3203007571905263	2.47873174811624	2.6385525934630985
8.7	0.10119186302708429	0.20488574992169364	0.3112631720189093	0.4205088227227672	0.5328068840838817	0.6483360921489265	0.7672634201050695	0.8897363378947742	1.0158737773747464	1.1457561800631413	1.2794153171473	1.4168249020420138	1.5578932780409127	1.7024595442035861	1.8502942739636579	2.001105440955686	2.154549365517164	2.310245624197254	2.467794175209732	2.626792652290058
8.8	0.10117273784786437	0.20480531842121935	0.3110730251130918	0.42015398267898824	0.5322256570673608	0.6474602103412104	0.7660185859496553	0.88804328952156	1.0136499822392742	1.142918223392463	1.275881975066438	1.4125207757892477	1.5527527284014027	1.6964305339710162	1.843341643589876	1.993213150386459	2.1457213540136713	2.300505152524362	2.457181766248582	2.615362965191017
8.9	0.10115418549739942	0.20472736225744248	0.31088888720312213	0.419810646069217	0.5316637335264947	0.6466140758791643	0.7648168858738559	0.8864099204488872	1.0115056479585547	1.140182626245141	1.2724766377547168	1.4083723894799025	1.5477968020430113	1.6906150014640056	1.8366300059278367	1.9855867258926274	2.137180301969247	2.291068113755186	2.4468841857036394	2.604254365293587
9.0	0.10113618121964758	0.20465177136994395	0.31071048366814646	0.4194782732654132	0.531120185768093	0.6457962279119134	0.7636561625040518	0.8848332033848495	1.0094367076863684	1.1375441359790084	1.2691927682493358	1.4043718968502021	1.5430164140430218	1.6850028012747484	1.8301484369001768	1.9782148280910312	2.1289148618811558	2.2819235573361216	2.4368912387354187	2.5934576925551243
9.1	0.10111870164560038	0.20457844204899417	0.31053755618634893	0.41915635752181035	0.5305941439885393	0.6450052986227577	0.7625343980579574	0.8833103089129491	1.007439361172399	1.1349978421705131	1.2660242481524104	1.40051193859194	1.5384030166462936	1.6795843472481553	1.8238865583139618	1.9710866121175057	2.1209140947742817	2.273060829463482	2.4271929020545855	2.5829638330092815
9.2	0.10110172469836996	0.20450727648756895	0.3103698615516853	0.4188444225241539	0.5300847918586782	0.6442400060002401	0.7614497033582068	0.8818385898376359	1.0055100537722104	1.1325391501490014	1.2629653463877355	1.3967856081078571	1.5339485649114826	1.67435058175096	1.8178345147146773	1.964191715439074	2.113167470979944	2.264469587015029	2.417779349390796	2.5727637528200122
9.3	0.10108522950586385	0.2044381823704864	0.31020717059176045	0.4185420201538744	0.5295913625045633	0.6434991472680631	0.7604003078564568	0.8804155669683705	1.0036454573573539	1.1301637568453904	1.2600106905190742	1.3931864197702843	1.5296454843798162	1.669292946018714	1.81198294998558	1.9575202438902273	2.1056648677058476	2.2561398071966274	2.4086409721330564	2.5628485275329353
9.4	0.10106919632045268	0.20437107249722267	0.3100492671768382	0.4182487284456665	0.5291131348434496	0.6427815929054248	0.759384550562424	0.8790389161929917	1.0018424529346686	1.1278676287360863	1.2571552404148805	1.389708279521557	1.5254866407185144	1.6644033516986385	1.8063229840010226	1.951062756414682	2.0983965639882567	2.2480617935138745	2.399768395678369	2.5532093669207385
9.5	0.10105360644488999	0.20430586443525692	0.30989594731135595	0.41796414971923457	0.5286494302390982	0.6420862811971572	0.7584008717845374	0.8777064567087394	1.000098114803936	1.125646981684356	1.254394264060277	1.386345457657822	1.521465311272527	1.6596741536625714	1.8008461895752876	1.9448102489126988	2.0913532335379803	2.2402261786168225	2.3911524919929623	2.543837635818517
9.6	0.10103844216402638	0.20424248020104266	0.3097470182999185	0.41768790886820745	0.528199609444552	0.6414122132600407	0.7574478055995854	0.8764161402935091	0.9984096961020976	1.1234982625005343	1.2517233153329803	1.3830925636428044	1.5175751584459298	1.6550981241290663	1.795544569892216	1.9387541375245854	2.084525935921197	2.232623924507964	2.3827843888540294	2.5347248713518518
9.7	0.10102368668171768	0.20418084596614852	0.30960229798084876	0.4174196517910725	0.5277630698040621	0.6407584484978172	0.7565239729781815	0.8751660415134705	0.9967746155980853	1.121418132060411	1.2491382135745368	1.3799445228049287	1.5138102048262703	1.6506684281073496	1.790410536554709	1.9328862416203143	2.07790610645172	2.2252463205476096	2.374655476202593	2.525862796822428
9.8	0.10100932406249107	0.20412089178625734	0.30946161402098576	0.41715904395061154	0.5273392426890408	0.6401241004425821	0.7556280755008654	0.8739543487745731	0.9951904456170266	1.1194034498365821	1.2466350248025593	1.3768965547785024	1.510164809960859	1.646378600155002	1.785436888355693	1.9271987667145944	2.0714855451151575	2.218084979638903	2.366757410000172	2.517243332867393
9.9	0.1009953391776232	0.20406255135098064	0.30932480326613937	0.4169057690497507	0.5269275911455574	0.6395083329450852	0.7547588896071461	0.8727793561353909	0.9936549009854808	1.1174512597123938	1.2442100444227477	1.3739441535577386	1.506633648692116	1.6422225224255047	1.7806167908410764	1.9216842874828235	2.06525640479518	2.21113183292725	2.3590821139436695	2.5088586058689737
10.0	0.10098171765514959	0.2040057617526699	0.3091917111421505	0.41665952781305193	0.5265276077334394	0.6389103566803347	0.7539152613258479	0.8716394558079298	0.9921658289004467	1.1155587769604436	1.2418597813114782	1.371083069040801	1.5032116909594213	1.6381944039708645	1.7759437567107763	1.9163357310170126	2.0592111790287335	2.204379123304912	2.3516217793576972	2.5007009541849947
10.1	0.10096844583352392	0.20395046327258318	0.3090621911019892	0.41642003686417195	0.5261388125390491	0.6383294259387735	0.7530961014408719	0.8705331312807307	0.9907211996354436	1.1137233762796321	1.2395809431514706	1.368309289948893	1.4998941829762569	1.6342887612557357	1.7714116270839215	1.911146360429756	2.053342689478766	2.1978193979726623	2.344368863548586	2.492762932376695
10.2	0.10095551071867201	0.2038965991828505	0.3089361041149209	0.41618702769060945	0.5257607513457083	0.6377648356762269	0.7523003810512064	0.8694589510056174	0.9893190980055079	1.111942580794913	1.237370422913083	1.3656190280139449	1.4966766296944998	1.6305003998343437	1.7670145536385395	1.9061097588890363	2.047644073280519	2.19144550027474	2.3373160868728453	2.4850373137091792
10.3	0.10094289994402235	0.20384411556298754	0.30881331819396907	0.41596024568792134	0.5253929939475328	0.6372159187987135	0.7515271274886032	0.8684155625955732	0.9879577155212877	1.1102140519334136	1.2352252863834687	1.363008703335648	1.4935547784708163	1.6268243971376073	1.7627469816237975	1.9012198141450523	2.0421087703888903	2.1852505609924213	2.330456428742437	2.4775170911590827
10.4	0.10093060173344791	0.20379296112962322	0.30869370795848194	0.4157394492765144	0.5250351325935821	0.6366820436607759	0.7507754205599041	0.8674016874866214	0.9866353431693107	1.108535580098779	1.2331427606545557	1.3604749308164532	1.4905246038541107	1.6232560863161605	1.7586036337333852	1.8964707035928183	2.036730511030498	2.1792279892533175	2.3237831227629178	2.4701954771408516
10.5	0.10091860486670158	0.20374308707848762	0.3085771542286473	0.41552440908449123	0.5246867805510235	0.6361626117580222	0.750044389084536	0.8664161160215413	0.9853503647618473	1.1069050760734247	1.231120223488789	1.3580145075900059	1.4875822934171623	1.6197910410839924	1.7545794948210898	1.8918568798999904	2.031503303343089	2.1733714631895302	2.31728965117495	2.4630659021418433
10.6	0.10090689864731402	0.2036944469374803	0.3084635436494599	0.4153149071910784	0.5243475707766404	0.6356570555966372	0.749333207700615	0.8654577029173792	0.9841012508056686	1.105320563084943	1.2291551934887286	1.3556244013647745	1.4847242345597607	1.616425061507859	1.7506697974345344	1.8873730572174887	2.0264214212678837	2.1676749204562027	2.3109697387477692	2.456122012435727
10.7	0.10089547287261337	0.2036469964300726	0.3083527683416218	0.4151107364253687	0.524017154687406	0.6351648367242775	0.7486410939160021	0.8645253630826577	0.9828865528435655	1.1037801694728695	1.2272453210033643	1.3533017396114135	1.4819470022151733	1.6131541606883142	1.7468700081389106	1.8830141979811221	2.0214793927453067	2.1621325487034193	2.304817346252977	2.4493576670257458
10.8	0.10088431780580735	0.20360069334814285	0.30824472557698834	0.4149116997157149	0.5236952010216698	0.6346854439083378	0.7479673053825197	0.863618067753471	0.9817048982274991	1.1022821219403909	1.2253883797098506	1.3510437995274485	1.479247347395813	1.609974552279884	1.7431758145999765	1.8787755003047844	2.0166719882524573	2.1567387760784293	2.298826663629127	2.442766933950872
10.9	0.1008734241499166	0.2035554974334711	0.3081393174769111	0.41471760948563585	0.5233813947831994	0.6342183914489925	0.7473111373742924	0.8627348409207868	0.9805549852859132	1.1008247392523305	1.2235822588149772	1.34884799871869	1.4766221865183178	1.606882638799472	1.7395831133938242	1.8746523859599538	2.0119942097100765	2.151488261820983	2.292992102931798	2.4363440860728005
11.0	0.10086278302342588	0.2035113702672679	0.3080364507313114	0.41452828709241274	0.5230754362612186	0.633763217615426	0.7466719204524981	0.8618747560238044	0.9794355788514634	1.0994064264582744	1.221824955825505	1.3467118865414578	1.4740685914522398	1.6038750006743743	1.736087998510088	1.8706404889311872	2.007441279778278	2.1463758870028484	2.2873082911489973	2.430083596447253
11.1	0.10085238593753239	0.20346827516711927	0.307936036337007	0.4143435623048133	0.5227770401201517	0.6333194831951341	0.7460490183008607	0.8610369328869165	0.9783455061185744	1.0980256695108361	1.2201145698410982	1.3446331360543151	1.47158378024036	1.600948385983284	1.7326867506550314	1.866735644534183	2.003008631553268	2.141396745452291	2.2817700629509234	2.4239801333693913
11.2	0.10084222477484507	0.20342617709066102	0.3078379893537456	0.41416327281693144	0.522485934553351	0.6328867701467312	0.7454418257175351	0.8602205348795297	0.9772836528032125	1.0966810302802648	1.2184492953276773	1.3426095365321278	1.4691651084422284	1.5980997008463034	1.729375826483099	1.8629338790798917	1.9986918986710935	2.1365461348949926	2.27637245343032	2.418028555172231
11.3	0.10083229176947169	0.20338504254568193	0.30774222867655726	0.4139872637951998	0.5222018604956332	0.6324646803478693	0.744849766750427	0.8594247662804321	0.9762489595797667	1.0953711419335537	1.216827416332509	1.3406389864992425	1.4668100610562018	1.5953260004219143	1.7261518498098132	1.8592314000663763	1.994486905820465	2.131819548336434	2.27111069088178	2.412223904845327
11.4	0.10082257948835158	0.2033448395059496	0.3076486768231458	0.4138153874559718	0.5219245708900143	0.6320528344305688	0.7442722929642767	0.8586488698297574	0.9752404187722551	1.094094704611211	1.2152473011060803	1.3387194872419652	1.4645162449782159	1.5926244804716365	1.723011602004041	1.8556245868787153	1.9903896596614228	2.1272126657036985	2.2659801896588276	2.406561404532793
11.5	0.10081308081377008	0.20330553733246387	0.30755725973525827	0.4136475026713377	0.5216538300042058	0.6316508706969151	0.7437088818286707	0.8578921244532542	0.9742570712791129	1.0928504814693647	1.213707397098553	1.3368491367638724	1.4622813819586875	1.5899924694550915	1.7199520135970956	1.8521099819767315	1.986396340145544	2.1227213457594964	2.26097654314138	2.4010364499602246
11.6	0.10080378892693904	0.2032671066997287	0.30746790659286827	0.41348347460098095	0.5213894127931148	0.6312584441087613	0.7431590352174938	0.8571538431450554	0.9732980037128881	1.0916372949375848	1.212206226301422	1.3350261241502739	1.4601033020220526	1.5874274211206274	1.7169701562544346	1.8486842825487182	1.982503292229119	2.1183416182970274	2.2560955168394075	2.395644604833463
11.7	0.10079469729258998	0.20322951952661428	0.3073805496403048	0.413323174348086	0.5211311043037534	0.6308752253456325	0.7426222780108535	0.8564333709962585	0.9723623457376301	1.0904540232644315	1.2107423809077067	1.3332487243113362	1.457979937315415	1.584926907558783	1.7140632352178187	1.8453443326110865	1.9787070179699484	2.1140696766203786	2.2513330416535493	2.390381595245185
11.8	0.1007857996445395	0.20319274891155523	0.3072951240234076	0.4131664786375133	0.5208786991192781	0.6305008999255513	0.7420981567914846	0.855730083357826	0.971449267588366	1.0892995972930875	1.2093145192659527	1.3315152930751717	1.455909316356071	1.5824886126878697	1.711228582190368	1.842087115532046	1.9750041689966444	2.1099018703122248	2.2466852073085595	2.3852433041196783
11.9	0.10077708997206564	0.20315676907170616	0.30721156763691104	0.4130132695145603	0.5206320008392405	0.6301351673839708	0.7415862386283189	0.8550433841273483	0.9705579777585028	1.08817299745493	1.2079213621057174	1.3298242626051648	1.453889558649439	1.5801103261430651	1.70846364863814	1.8389097469588664	1.9713915393383257	2.1058346982879734	2.2421482559718906	2.380225765720978
12.0	0.10076856193878093	0.20312155350178862	0.30712981814265133	0.41286343006463	0.5203908163250449	0.6297777343420242	0.7410861017741768	0.8543726941757155	0.9696877092554791	1.0870732374548444	1.2065616740724696	1.3281741193050525	1.451918849114581	1.5777899147802115	1.7057660646423627	1.8358094405467222	1.967866126275817	2.1018648710792203	2.2377186462965257	2.375325231775414
