M(m₀)|α↓|ω→	0.1 ω₀	0.2 ω₀	0.3 ω₀	0.4 ω₀	0.5 ω₀	0.6 ω₀	0.7 ω₀	0.8 ω₀	0.9 ω₀	1.0 ω₀	1.1 ω₀	1.2 ω₀	1.3 ω₀	1.4 ω₀	1.5 ω₀	1.6 ω₀	1.7 ω₀	1.8 ω₀	1.9 ω₀	2.0 ω₀
0.1	1.0755696120380571	1.0523636913659642	1.042393364374483	1.0365235807831146	1.0325370698032776	1.0295952313473564	1.0273026532350515	1.0254457774183552	1.0238980133229147	1.0225790271881317	1.0214351022002481	1.0204286956499722	1.019533021673607	1.0187279551635713	1.0179982951094242	1.0173322601403296	1.0167205562043602	1.0161557368422263	1.0156317535539394	1.0151436330205752
0.2	1.1632379297089288	1.1103861945657623	1.0884486718658615	1.075741605476684	1.0671976071294749	1.06093657849777	1.0560828433923084	1.0521679448126606	1.0489158196398922	1.0461523013367473	1.0437614431474178	1.0416627264917298	1.039798280501137	1.0381253069775398	1.03661138162374	1.0352314262725142	1.0339656936546242	1.032798388151007	1.0317166985984028	1.030710105393841
0.3	1.266112452682529	1.1750232189017853	1.1386545488357083	1.1179588171304653	1.1041928190671655	1.0941801216163334	1.0864614571721847	1.0802628615500824	1.0751320298756737	1.0707851119235305	1.0670340230691482	1.063748656434798	1.0608358087107894	1.058226746966762	1.0558695269322826	1.0537240601355005	1.051758840610869	1.049948710624916	1.0482732976431757	1.0467158969799557
0.4	1.3884375454697422	1.2474541814553284	1.193588944675273	1.1635268316945635	1.1437621954653856	1.1295010763330169	1.1185722088731933	1.109836202628617	1.1026322251455714	1.0965480825950258	1.0913119959584914	1.0867367344543375	1.0826886391774426	1.0790694370409348	1.0758050516628959	1.072838444267814	1.0701248782378354	1.0676286958930081	1.0653210692687145	1.063178395846218
0.5	1.5361489814568356	1.3291500836080414	1.253940051584416	1.21285330638631	1.1861788276354504	1.167095949124569	1.1525639333560735	1.1410046118458699	1.1315102075191237	1.1235181548056177	1.1166594681653113	1.1106810527872315	1.1054028928937392	1.1006930470189618	1.0964523315399657	1.0926045582178305	1.0890900983174179	1.085861514904014	1.0828805229802652	1.080115826385905
0.6	1.7177735518695634	1.4219669420083838	1.320533234389096	1.2664131497325302	1.2317544939963874	1.2071863665016758	1.1886025501250737	1.1738969613638488	1.161868834291182	1.1517791518463298	1.1431458838660744	1.13563991232725	1.1290280540956017	1.123139964636138	1.1178479595838051	1.1130542051206105	1.108682302945114	1.1046715971173637	1.1009732226081694	1.0975473004575163
0.7	1.9459378271356396	1.5282763258278078	1.3943660206312087	1.3247632357455543	1.280847211791656	1.2500229423763207	1.226873512333585	1.2086559434860835	1.1938210968894887	1.181422533725623	1.1708465664617171	1.1616762186448824	1.15361726461572	1.1464555172380173	1.1400309149309862	1.1342211414560095	1.1289309050564007	1.124084708912952	1.1196218478247697	1.115492865892236
0.8	2.239988867640668	1.6511506477712852	1.4766540109513837	1.3885593140228716	1.333869705452054	1.2958900298380382	1.2675846719261974	1.2454399056589605	1.2274913489585286	1.2125482468482458	1.1998433218360285	1.1888579191825754	1.1792276460454318	1.1706882124444395	1.1630427446719962	1.156141215754462	1.1498670350852611	1.1441280361658592	1.1388502584421203	1.1339735568031102
0.9	2.6307069856798058	1.7946305923598527	1.568891739192504	1.4585790148261941	1.391299929993118	1.3451114044016812	1.310969643605315	1.2844249722801238	1.2630167079911885	1.2452656827662782	1.2302251121645071	1.2172584871034922	1.2059206532771254	1.1958900001965318	1.1869277603996655	1.1788525174893758	1.1715236547016799	1.1648302717436791	1.1586835621231328	1.1530114462448617
1.0	3.1690293490482424	1.9641178042103669	1.6729340150627496	1.5357502859468726	1.4536940268243945	1.3980570897704907	1.3572917672430451	1.325807504306623	1.3005486581528274	1.2796947616314773	1.2620888093904137	1.2469574572387334	1.2337624627388306	1.2221165582296856	1.2117332507430036	1.2023955369599055	1.1939356781411725	1.1862217082582283	1.1791481857255555	1.1726297013741518
1.1	3.942372516984303	2.16696160059675	1.7911071847609943	1.6211880609852272	1.5217023634317361	1.455151590187948	1.4068487900153333	1.369806957258968	1.3402548864208859	1.3159671581169656	1.295540038501528	1.2780410200387204	1.2628243988117815	1.2494276030516294	1.2375097111262336	1.2268133368987537	1.2171401015547945	1.2083343363149412	1.200271950410178	1.1928526411750096
1.2	5.104085641284145	2.4133502305510666	1.926359278023607	1.7162416760410055	1.5960895035076992	1.5168838609608344	1.4599784163034955	1.416669209808955	1.3823213894753679	1.3542276900921095	1.3306941219457742	1.3106026800025694	1.2931834021752038	1.2778872286011924	1.2643110920122018	1.2521517365226849	1.241176140775939	1.231201948465247	1.2220841506064373	1.2137057967781204
1.3	6.919034436449103	2.7176837430324086	2.0824703847296573	1.822556666772965	1.6777592119551537	1.5838194345138266	1.5170649062985322	1.466670448961312	1.4269548949356938	1.394635893174953	1.3676771378486918	1.3447439856680972	1.3249225440865082	1.3075642748616485	1.2921950669085343	1.278459508727344	1.2660853778699581	1.2548602490342156	1.244615636897093	1.2352159743743314
1.4	9.8062727370943	3.1007101764629543	2.264345832677949	1.9421559301493612	1.7677859398595426	1.6566152281173585	1.5785469444870448	1.5201217142026178	1.4743856476014061	1.4373678074352998	1.4066271061102968	1.380575338864775	1.3581315908550615	1.3385327287807816	1.3212233214172964	1.3057885910991873	1.2919119167944981	1.2793469699567557	1.2678989028483696	1.2574113206927338
1.5	14.317331159623254	3.5928361458685876	2.478430589091023	2.077547105838085	1.8674546833743253	1.7360376968387292	1.6449270481496792	1.5773742221989302	1.5248706193531603	1.4826180059533576	1.447695317929265	1.418216891534757	1.3929076229829669	1.3708721598951281	1.3514618645833056	1.3341943113672834	1.3187025484439432	1.3047019927062193	1.2919681757699653	1.280321390979234
1.6	21.02066990032742	4.239155449846818	2.733298541227939	2.231865593979377	1.9783116978753976	1.8229851675835094	1.71678284500299	1.638825615898622	1.5786972102804222	1.5306018985887448	1.491047825775614	1.4577995389751657	1.4293557136011856	1.4046681930503198	1.382981363732925	1.3637356278401873	1.3465069252779656	1.3309674763359602	1.316859511337246	1.3039772193698072
1.7	30.403892011605006	5.10661610120353	3.0404923244391524	2.409066062296403	2.10222930758474	1.9185154035463798	1.794780619229693	1.704927307273458	1.636187518295003	1.58155834806614	1.536867112226203	1.499466018794816	1.4675896708916136	1.440013020533148	1.415857503880152	1.394475385259736	1.3753777456362557	1.3581879915743158	1.3426108919451392	1.3284113915045086
1.8	42.88184539205778	6.292844572296584	3.415713724427495	2.6141797216463174	2.2414890086376293	2.0238797074805337	1.879691606651012	1.776193111075438	1.6977032646581158	1.6357526391329331	1.5853539572661006	1.5433721251375048	1.507732849111081	1.4770059557591133	1.4501713725971113	1.4264805863461367	1.4053709477133012	1.3864106608140887	1.3692623285869443	1.3536581191703567
1.9	58.84356983627295	7.933575509777359	3.8804797622089953	2.853659906612957	2.398888223094241	2.1405651762009974	1.9724116112756103	1.8532093969005026	1.76365147290437	1.693479844759823	1.6367295244602318	1.589688047698487	1.5499190325653684	1.5157540303581833	1.486009870981018	1.459822679096196	1.4365459130040072	1.4156853037140027	1.396855965959828	1.3797533166938922
2.0	78.67013764044012	10.201849291707559	4.464331595752729	3.135843661697421	2.5778773582734873	2.2703470548149465	2.073984612166135	1.9366470163999197	1.8344910075640692	1.755068635625996	1.6912376865501229	1.6385998446142687	1.594293396345564	1.5563726360320143	1.523466150979244	1.4945778596165962	1.4689656788241512	1.446064587979786	1.4254361903898398	1.4067346787255792
2.1	102.71503249619313	13.292022776190128	5.207536077429969	3.4715593616385676	2.7827350407354983	2.415353469443606	2.1856311206690577	2.027275287655098	1.9107400851689287	1.8208855796821515	1.7491476101583066	1.690311057250885	1.641013546740213	1.5989862118680465	1.5626400788298973	1.5308273899128373	1.502697159253247	1.4776041847105015	1.4550497400408786	1.4346417589673448
2.2	131.258552739754	17.39142246653138	6.163823934915327	3.874903287073452	3.0187899832341003	2.5781450555165653	2.30878211208874	2.1259783325212576	1.9929848705909252	1.8913399762801386	1.8107566168742149	1.7450444730109855	1.690250642855789	1.6437289768281735	1.603638723707567	1.5686579295951775	1.5378113735314018	1.5103629274781014	1.4857458167214521	1.4635160492898178
2.3	164.4546384096043	22.653734964790647	7.401955023957164	4.364177775979058	3.2926967305152943	2.7618119707940223	2.4451193534927165	2.2337740534613193	2.0818892626812935	1.966889262563985	1.8763933333485647	1.8030440392042704	1.7421905989628768	1.6907457058100017	1.646576869794766	1.608161879887207	1.5743836805577096	1.5444029740500003	1.5175761984281042	1.4934010585667956
2.4	202.29421856626286	29.183765280604764	9.00398997516277	4.962905676658181	3.6127672114087908	2.970090161354236	2.5966228122086985	2.351835985302928	2.1782059482806018	2.048045016234248	1.9464211352056795	1.8645769263775254	1.7970353642542234	1.7401925459195708	1.6915775488887264	1.6494377376102047	1.6124940176746019	1.579789969360204	1.5505953515624977	1.5243423904192805
2.5	244.60371728824242	37.030818388288345	11.058010016571757	5.700677627609227	3.9893465112725837	3.2074969616882254	2.7656254448380637	2.4815181355097082	2.2827887540142893	2.1353795552742656	2.0212418773714953	1.929935732770347	1.8550042728313263	1.7922378672970933	1.7387725892533985	1.6925904559458087	1.6522271413718024	1.6165932079804253	1.5848605415289037	1.5563878189097065
2.6	291.07936473983483	46.18704550691021	13.645009845969843	6.613334088088801	4.43519326867529	3.4794822242953414	2.954874857220175	2.624382690985315	2.3966062383202154	2.2295330975577543	2.1012998852580353	1.9994408121360867	1.916335451570079	1.847063139887941	1.7883031746878668	1.7377318077277366	1.69367286689298	1.6548857939335455	1.6204319401572225	1.589587361058179
2.7	341.34079328383945	56.59265516347477	16.823591388563223	7.741706435818806	4.9657752090958445	3.792583826971185	3.1675998320822436	2.7822300594260874	2.5207563248958147	2.3312213860355713	2.187086155232796	2.073442694316793	1.9812872667631656	1.9048638238299842	1.840320405654332	1.7849807457586564	1.7369263029708824	1.694744795224695	1.6573727281043347	1.6239933448663326
2.8	394.98343619860987	68.1493275935015	20.618844378152506	9.128111262148172	5.599315879399993	4.15456395458441	3.4075771989110923	2.957130048916204	2.6564815617440662	2.441243601812885	2.2791426766947662	2.1523245508706843	2.0501397817825104	1.9658502565106954	1.894985851740293	1.8344637531717807	1.7820880770437117	1.7362513899379943	1.695749190061256	1.659660471331316
2.9	451.6169900609971	80.73811964077423	25.02023801447329	10.81044964105322	6.356346505480892	4.574483842441671	3.679190591368698	3.151451977037549	2.8051842719020263	2.560490270363254	2.378066739430192	2.236504635869218	2.123196187139715	2.0302485137178268	1.9524720816795134	1.8863151751430292	1.8292645453143608	1.7794910001590678	1.7356308002389054	1.6966458687140022
3.0	510.8872706600399	94.23596774055076	29.988509876609758	12.815248683404786	7.2584863578712095	5.06265105600721	3.987467057765553	3.367890053101537	2.968440417803229	2.689950707899186	2.4845150263595235	2.3264386039187483	2.2007841509792354	2.098301215577363	2.012963153597136	1.940677521304112	1.8785679809050744	1.8245534093382239	1.7770902952210812	1.7350091370936318
3.1	572.4848209776089	108.52707791022007	35.46728713260767	15.152404903489616	8.326304300261189	5.630352445612125	4.338070535523567	3.609478462659688	3.1480104144166905	2.8307193499910364	2.599207211559883	2.422621572977406	2.283257022057405	2.1702682401034545	2.0766550440756117	1.9977017260165408	1.9301167321421635	1.871532858013928	1.820203730867407	1.7748123809994727
3.2	636.1451890380284	123.50876478923477	41.3943852668972	17.814145699412567	9.576491606182435	6.289285541830728	4.737224335492729	3.8795883192845357	3.345844404880486	2.9840000527784722	2.7229286863308713	2.525589758605654	2.3709947986858197	2.2464272982283044	2.1437559900976684	2.057547351270032	1.9840353416966097	1.9205281120805326	1.8650505195273606	1.8161202276639805
3.3	701.6449557093737	139.0931702756498	47.70980278914286	20.778482160812406	11.01910069417618	7.0506482381119575	5.191531477302162	4.181896444179497	3.564078714650437	3.1511071693309236	2.85653192475338	2.635921459812297	2.4644047563293907	2.327074314319424	2.21448671301071	2.1203827144192378	2.0404546159388217	1.9716424970315523	1.9117134434011274	1.8589998281979372
3.4	768.7961611629794	155.20660578531263	54.35995895079014	24.0150778332276	12.655889504642325	7.923960277324926	5.7076677515778735	4.520314656373158	3.805019469674184	3.3334619091951785	3.0009358821750793	2.754237126997617	2.563921604432003	2.412523545805344	2.289080488549491	2.1863849203619528	2.0995116324861467	2.0249838908601023	1.9602786394690261	1.9035208387551363
3.5	837.4405823475438	171.78783457399362	61.29912130312589	27.49092832468997	14.480468401164694	8.915847387676381	6.291944225210862	4.898869305951071	4.071108964183612	3.5325822446163886	3.157122709945223	2.881198194123178	2.6700070211831854	2.503107365257017	2.3677830219335005	2.2557397752221364	2.161349672600098	2.080664667594478	2.010835551028556	1.949755378544044
3.6	907.4445334203017	188.78607625539956	68.48921515895935	31.17434330949666	16.48010321875891	10.029132450954634	6.94977576164378	5.32152586218222	4.364870689038972	3.7500645235731076	3.3261309914341672	3.0175043173865728	2.783148395836428	2.599175619073506	2.4508520825322164	2.3286415563223275	2.226118063915452	2.1388015828304816	2.063476840551165	1.99777796136967
3.7	978.6944219944781	206.15911699689974	75.89891058807784	35.03703612010278	18.638325719639646	11.262539436165596	7.685140858773051	5.79196367821376	4.688830454303083	3.987555112910008	3.509044692283863	3.1638886418212304	2.90385659540954	2.701094470148452	2.5385568491198787	2.4052926114569027	2.293971918074699	2.199515592154516	2.1182982583315284	2.047665397267593
3.8	1051.0930756184684	223.87167736497733	83.50251042812245	39.054815470024344	20.937412579862386	12.61110329483145	8.500152487204623	6.313320905390503	5.045414143130169	4.246710966722723	3.706977115234663	3.3211107290349355	3.032662570825633	2.8092446292962348	2.6311769150347835	2.4859027595227747	2.365071747341038	2.2629315931018597	2.175398461283714	2.0994966607421874
3.9	1124.5567586891739	241.8940651406064	91.27889156533945	43.20747644020651	23.36018487085718	14.067112647287102	9.394852645586257	6.887945048428263	5.436827320673445	4.529149112120265	3.921049402640633	3.4899468395738125	3.170112632392663	2.924018883914009	2.729000903470008	2.570688464793725	2.4395829443397736	2.3291780813427034	2.234878776283933	2.153352722164052
4.0	1199.0127775782687	260.2010917011358	99.21058971887864	47.478333049591576	25.891032254476755	15.621258378154716	10.367286158117796	7.517194031961877	5.8649274848396615	4.836386686494555	4.152363573509774	3.671177387628939	3.3167622619523014	3.045818844681478	2.8323246476097226	2.6598717589528036	2.5176751099183994	2.3983867122251583	2.296842902711105	2.209316339039037
4.1	1274.3975491945646	278.77121096263255	107.2830763107688	51.85365049403714	28.516326137044906	17.26368444690132	11.41382522559007	8.201329159973517	6.3311046341364845	5.169775188781786	4.401970722494956	3.8655715848332064	3.4731683943760254	3.175050854342706	2.941448899363266	2.7536788888506063	2.5995212159162433	2.4706917597204603	2.361396549340526	2.267471804158179
4.2	1350.6550675832264	297.58583874711064	115.48413667590096	56.32210239241306	31.22444850643858	18.984770269554538	12.529648081355784	8.939523105238464	6.83618798954306	5.530434632898332	4.670835799970567	4.073869564033576	3.6398801974732637	3.3121210385703295	3.0566765448977864	2.8523386742364547	2.6852965925801464	2.5462294663020635	2.428647001546633	2.3279046480944365
4.3	1427.7356607012189	316.6288150731503	123.80342500312679	60.874301450673066	34.005622728883466	20.77561176855876	13.709253178313421	9.729978852110603	7.3803944926778255	5.919194732794004	4.959801222375702	4.296762606646118	3.817428505816585	3.457429528324828	3.1783093255934496	2.9560805687193557	2.775177734610919	2.625137279423596	2.4987026159072916	2.3907012941506296
4.4	1505.5949914364148	335.8859627388787	132.2320960810891	65.50241350523619	36.85166746524888	22.628251858719082	14.946913591314216	10.570130340881773	7.963327938718891	6.336550496940649	5.269552254627159	4.534872450732572	4.006314213460342	3.611363945007203	3.306644089486168	3.06513242909457	2.869340925468164	2.7075529730958428	2.5716722408029007	2.4559486646971798
4.5	1584.1932467724018	355.34481060915044	140.76252124958327	70.19984837611742	39.7557407216702	24.535738174976235	16.23702104566318	11.45688208043131	8.584028076491881	6.782638293858774	5.600587457056276	4.788730972837401	4.206996088720785	3.7742923107622968	3.4419686300124863	3.179718012797496	2.967960686600607	2.793613656614949	2.6476645634831515	2.5237337388768015
4.6	1663.494476478295	374.9942308013685	149.3880657161942	74.96101548495149	42.7121055748587	26.492078883422632	17.574310465689887	12.386846098436568	9.241059815516731	7.2572356726526115	5.953197327920613	5.058761744087487	4.419878619714304	3.946555620542577	3.5845572042763747	3.300054240159045	3.0712080665738255	2.883454676728891	2.7267873863211296	2.594143062895282
4.7	1743.4659762749466	394.8242816634386	158.1029131372814	79.78113171197003	45.715928971236366	28.492148248948777	18.953981803066316	13.356546209568288	9.932626722419858	7.759784615752462	6.327453536353455	5.34526499339293	4.645300606169461	4.128460381478776	3.7346658594278024	3.426348276471749	3.1792487943533443	2.977208424346531	2.8091468375555415	2.6672622155465535
4.8	1824.0781348550547	414.82601630085463	166.90192660123824	84.65607041948675	48.76311483757938	30.531574628979264	20.37174588671644	14.362574681302645	10.656691614927103	8.2894344194958	6.723209922473464	5.648407326415022	4.883525255209096	4.320271478488964	3.892527729443782	3.5587945073560117	3.2922413308033325	3.075003062118451	2.8948465246638313	2.743175233209599
4.9	1905.3036218696939	434.99133874108844	175.78053772167584	89.58224253847004	51.85016829186801	32.606629201630135	21.823820550139704	15.401699269108672	11.411089711498802	8.845097937317528	7.140114981844459	5.968217150788296	5.134732496979823	4.522205752496129	4.05834849135992	3.697571497893425	3.410334862145448	3.176961194598825	2.983986641509293	2.821964000255891
5.0	1987.1173680325535	455.31288585479115	184.7346575303175	94.55650250628406	54.9740862682683	34.71412435203899	23.306898050333732	16.47092674229816	12.193624690584029	9.42551397151635	7.577634168335774	6.304586199579334	5.39901410375854	4.7344266706426295	4.232302185466719	3.842839039588447	3.5336672879069906	3.283198507904449	3.076663043422036	2.9037076125575285
5.1	2069.4962309888406	475.7839297620607	193.7606043667838	99.57607345335038	58.13226980318187	36.85132510480545	24.818098588960567	17.567532549017017	13.002143226145161	10.029309122652164	8.035079332493671	6.657276921535549	5.6763719840573765	4.957040422147451	4.4145276044591615	3.994735397533163	3.662363262906472	3.393822410437577	3.172966307232865	2.988481723507297
5.2	2152.418773779059	496.39829663092166	202.85504510022798	104.63848732976943	61.32245374185754	39.015874013963405	26.354919399343146	18.68906656178684	13.834587772528828	10.655053950938719	8.511642132056322	7.025934930804349	5.966719758583634	5.190093690416967	4.605125439759782	4.153374871533277	3.796532357214735	3.5089307099176206	3.2729807957881767	3.0763578835595973
5.3	2235.8650762682955	517.1502986745375	212.01494687502432	109.7415366712359	64.54265030939469	41.20572849363471	27.915184906431357	19.83334342912988	14.689030056461487	11.30131026875336	9.006428319929544	7.41010527898076	6.269887446616816	5.43357323949528	4.804156339068466	4.318845778319141	3.9362673990394295	3.6286103642665855	3.3767837484239918	3.1674028856734893
5.4	2319.8165737316067	538.0346768424871	221.23753721863926	114.88323547694127	67.79110366202698	43.41910901418105	29.497000811913285	20.998424063041984	15.563688991829975	11.966668247797498	9.518490312274443	7.809251087649208	6.585628841215435	5.6874073241261645	5.0116399799038165	4.491208947029685	4.081643062590602	3.752936344463825	3.4844444200741975	3.2616781300822892
5.5	2404.2559179369723	559.0465522298659	230.52027083802747	120.06178726062814	71.0662531230935	45.654456484624845	31.09871330480191	22.182592862769305	16.45693695200768	12.649773474557533	10.046856175919507	8.222773068882125	6.913630964658859	5.95146880383693	5.227555204060413	4.670496797603962	4.232714756009056	3.8819706460779675	3.596023291962439	3.3592390224284183
5.6	2489.166856967992	580.1813846371081	239.86080180119396	125.27555878221133	74.36670329517102	47.91039725318357	32.718873640738906	23.3843336908525	17.367297945145047	13.349345021210944	10.59055396106815	8.650028628987952	7.253524892499971	6.225579728674961	5.451841193757094	4.856713043199679	4.38951785359098	4.015761482696297	3.711571376058298	3.4601344194081802
5.7	2574.534130740277	601.4349370294467	249.25696008272982	130.5230583057787	77.6911996306573	50.18571435398161	34.35620782397022	24.60230643733724	18.293440582856697	14.064186062585541	11.148631001101668	9.090349534840026	7.604897219238581	6.5095170804452485	5.68439960870481	5.049833025732046	4.552067302458281	4.154342688976852	3.8311296336164133	3.564406135607365
5.8	2660.3433797337557	622.8032448924715	258.7067316682687	135.80291748696007	81.03860835125145	52.47932384271451	36.009590889121846	25.83532518830874	19.234168033610576	14.793188681354792	11.720168329994165	9.543057453854926	7.967301499241219	6.803019305995474	5.925097550807077	5.249804661023955	4.720357617504993	4.297733353806943	3.9547285251890876	3.672088524152263
5.9	2746.5810649045193	644.2825896735004	268.20824157941036	141.11387618861892	84.40789984740942	54.79025526608763	37.67802520002976	27.082338477079922	20.1884065260402	15.535334393320763	12.30429071108002	10.007476999950912	8.340269111255195	7.10579326952546	6.173771184639746	5.456549939869123	4.894363261164524	4.445937695492879	4.082387705623081	3.7832081421640775
6.0	2833.234397106561	665.8694756514195	277.75974853805707	146.454769673893	87.79813487579686	57.11763548676014	39.360622187702546	28.34241276440881	21.15519346002025	16.28969170123801	12.900172948983103	10.48294618954861	8.723319426867809	7.417521274723286	6.430229819958062	5.669966906167051	5.074039387664903	4.59894531336667	4.214115872915165	3.897783509841849
6.1	2920.291274637325	687.5606096983364	287.359586261741	151.82451774097277	91.20845301782775	59.460675234437794	41.05658699575736	29.614712082092748	22.133665799065586	17.055411725775173	13.507043208335642	10.968824415202706	9.115967001624636	7.737867856521768	6.694260257586917	5.889932015105841	5.259322916287727	4.756730886607034	4.349910774670092	4.015824969402489
6.2	3007.7402277571573	709.3528834928317	297.00624485770237	157.22211545333172	94.63806297491038	61.81865787619005	42.76520556461174	30.898494730194326	23.123049141239576	17.831722712155234	14.124184030616446	11.464498177658266	9.517731727049405	8.066486106454528	6.965631210362937	6.116302764141422	5.45013388581816	4.9192560717768545	4.4897593705856735	4.137334647205131
6.3	3095.570369220133	731.2433578218548	306.6982690509588	162.64662518833495	98.08623436355118	64.19092999831173	44.48583375177762	32.19309175117536	24.122647675528086	18.617923993907993	14.750931660522168	11.969384888654544	9.92814182404709	8.403023365229654	7.244097633001346	6.34892048728012	5.646377033627671	5.086468963646738	4.633638144203652	4.262306519327996
6.4	3183.7713500124605	753.2292486702343	316.43429602379774	168.09716978145153	101.55229074167084	66.5768934718096	46.21788814803518	33.49790204096283	25.131835105146124	19.413379818946918	15.386674193077361	12.482935080378713	10.346739851620727	8.747126183180256	7.529404824764687	6.587613208104747	5.847943538025128	5.258305701676538	4.781513552420501	4.390726577816194
6.5	3272.3333196130393	775.3079148472909	326.21303888908824	173.5729265858613	105.03560365088971	68.97599873740943	47.96083830499571	34.812382843287324	26.150046540245345	20.21751330702381	16.030848950307515	13.004633347731886	10.773085790432585	9.098444508041355	7.82129220248032	6.832198457662974	6.054712861599871	5.434691421077389	4.933342597211955	4.522573091935276
6.6	3361.246890206254	797.4768469405727	336.03328024823406	179.07312230087337	108.53558750145648	71.38773909688298	49.714200137741315	36.136042449641536	27.176771315687688	21.02980070649265	16.6829394022225	13.533998319466276	11.20675937514999	9.45663510690163	8.119496675173083	7.082485977998757	6.266554635865746	5.615541434707113	5.089073500889858	4.6578169561975935
6.7	3450.503104352924	819.7336574206417	345.89386648227617	184.59702844930362	112.05169515958555	73.81164583817626	51.47753030699061	37.468433930423465	28.211546664346823	21.8497660457729	17.342471866072962	14.070581913942068	11.647361550483605	9.821364264209771	8.42375558258024	7.33828024893651	6.483330532950969	5.800762477586871	5.248646464098626	4.796422114794687
6.8	3540.093405702058	842.0760717477463	355.79370267359553	190.14395740534965	115.5834141231617	76.24728405420254	53.250421419300515	38.809149746271736	29.253952165179445	22.676976224547104	18.00901215173538	14.613968091948426	12.094515211545952	10.192309820992008	8.733809186302478	7.599382793063376	6.704896077562833	5.990253979063006	5.411994484707554	4.938346050453791
6.9	3630.0096123905005	864.5019203540022	365.73174807218476	195.71325889158135	119.13026319265373	78.69424904116075	55.03249791200547	40.15781710908402	30.30360488283197	23.51103655601687	18.682162268972196	15.163771277330191	12.547865377199987	10.569162633562337	9.049402723433156	7.8655942303634685	6.931102361164731	6.183909330549627	5.579044215724274	5.083540324688874
7.0	3720.2438928103506	887.0091313939005	375.7070120343799	201.30431687755203	122.69178956074887	81.15216318301141	56.82341251283875	41.51409398092153	31.36015511825128	24.35158674991797	19.361557272491844	15.719634578658146	13.007078928120762	10.951627535035305	9.370288048052378	8.136716068668953	7.161797629452536	6.38161712077228	5.749716841233083	5.231951155940712
7.1	3810.7887434929257	909.5957241706386	385.7185503728691	206.91654682365242	126.26756625763507	83.62067324548305	58.62284318322446	42.87766561563219	32.4232826953163	25.19829731294815	20.04686229112639	16.28122791301561	13.471844022302305	11.339423882000368	9.696224896372676	8.41255222844692	7.3968287231568945	6.583262315094831	5.923928950996629	5.383520022167801
7.2	3901.636968865141	932.2598031596284	395.76546206622174	212.54939322313768	129.85718989966114	86.09944801644872	60.43049046991444	44.248241562509676	33.49269371539673	26.050866336114822	20.737769766016385	16.848246106376674	13.941869281725989	11.732285763713808	10.026981817286975	8.692910310187973	7.636042360423841	6.788727360478282	6.1015933965626115	5.538184275001408
7.3	3992.7816626875365	954.9995525610576	405.8468862838063	218.20232740249685	133.46027869788068	88.58817624044681	62.24607520241417	45.62555306372954	34.56811771904432	26.909016635350813	21.43399690759344	17.42040702367948	14.416882826137126	12.129961943713768	10.362336812459867	8.977602619843449	7.87928625620662	6.997893202561841	6.282620114298499	5.69587775353267
7.4	4084.2161909925057	977.8132313228346	415.96199968831337	223.87484554673208	137.07647069014178	91.08656480394784	64.06933648418871	47.009350787897986	35.64930520118442	27.772493211165298	22.13528337086809	17.9974497649597	14.896631214041154	12.532215595123292	10.702077729797406	9.266446972589895	8.1264100800513	7.210640206016749	6.466916903547041	5.856531387061704
7.5	4175.934176372636	1000.6991685823853	426.1100139834125	229.5664669210194	140.7054221662027	93.59433713521176	65.9000299342572	48.39940285102052	36.73602543288568	28.641060994130864	22.841389141791115	18.57913295106984	15.380878337399965	12.938823881956019	11.04600245192588	9.559267298004348	8.377266258330742	7.426848973511265	6.6543901508910555	6.020073777612641
7.6	4267.929483486064	1023.65575948362	436.2901736787117	235.27673226451174	144.346806260139	96.1112317884694	67.73792614288556	49.795493083737014	37.82806454889978	29.51450284497352	23.552092623300343	19.16523311289404	15.869404305115294	13.349577430119444	11.3939189178928	9.855894070899303	8.631710630420677	7.64640106222492	6.844945494199342	6.186431754605968
7.7	4360.196205653751	1046.6814613294334	446.50175404774564	241.00520233555864	148.0003116883355	98.63700118701672	69.5828093109335	51.19741951003855	38.92522386562468	30.392617780505233	24.26718890735003	19.755543190902593	16.362004341068143	13.764279723866235	11.745645012216661	10.15616459196087	8.889602970636936	7.8691795998091845	7.038488422591433	6.355530895697537
7.8	4452.728652455174	1069.7747900365298	456.7440592580908	246.75145659051324	151.66564161452985	101.17141050377833	71.43447604724899	52.60499300800924	40.02731839895705	31.275219399286748	24.986488218170315	20.34987114683491	16.858487715020065	14.182746456383205	12.101008351071924	10.459923141315018	9.150807389116348	8.095069804002023	7.234924810641414	6.527296009367119
7.9	4545.521338217829	1092.9343168619705	467.016420655327	252.51509198082556	155.3425126261799	103.71423666122274	73.29273430249461	54.01803612761677	41.134175555709085	32.16213448357681	25.709814511821435	20.948038685793726	17.35867671881697	14.60480485710653	12.459845991094177	10.767021026509864	9.415192625402907	8.323959411810504	7.43416138699279	6.701651576311601
8.0	4638.568971327246	1116.1586653754896	477.31819518481433	258.29572185514655	159.03065380866926	106.26526743523716	75.15740242112213	55.43638204433728	42.24563397590187	33.05320175667446	26.437004217492476	21.549880084673337	17.862405695798937	15.030293013179593	12.822004082223813	11.07731654440177	9.682632248461047	8.555739025327446	7.636106139071418	6.8785221480286465
8.1	4731.866444281268	1139.4465086544674	487.6487639374747	264.0929749549167	162.7298059057763	108.82430064983345	77.02830829596401	56.85987363055648	43.361542506404675	33.94827077714978	27.167905106714265	22.155241121373297	18.36952012788013	15.4590591981868	13.187337482288667	11.390674874257758	9.953004776343514	8.790302381933335	7.840668656762393	7.057832702137509
8.2	4825.408824420873	1162.7965666804903	498.0075308071648	269.90649449348007	166.4397205564171	111.39114345149244	78.90528861221964	58.28836262934772	44.481759289085396	34.84720095362951	27.90237527759078	22.76397809839211	18.879875782200685	15.890961217792047	13.555709347722882	11.706967917181968	10.226193727926553	9.027546556926051	8.047760418787394	7.239508954961778
8.3	4919.191345284326	1186.2076039192884	508.39392124882716	275.7359373099891	170.16015959907526	113.9656116535271	80.7881881695528	59.7217089174635	45.60615094897232	35.74986066577738	28.64028224217121	23.375956953997935	19.393337917385995	16.325865779096123	13.926990711939055	12.026074094845086	10.502087618111476	9.267372106604826	8.257295026108112	7.423477632695841
8.4	5013.209398529395	1209.6784270681578	518.8073811279215	281.5809730903681	173.8908944363885	116.54752914217265	82.67685927262956	61.159779846264314	46.73459186991261	36.65612647885707	29.381502106131684	23.991052454101425	19.90978054812798	16.763647888296983	14.30106006041055	12.347878118497688	10.78057990676474	9.509683159581767	8.469188387034334	7.609666703095066
8.5	5107.458526373269	1233.2078829556406	529.2473756526216	287.4412836487732	177.63170545345972	119.13672733730643	84.57116118178797	62.60244965089874	47.86696354692094	37.56588244082725	30.125918830965038	24.609147458082624	20.429085765899586	17.204190279495137	14.67780290944939	12.672270737440126	11.061568910513019	9.754387463676068	8.683358858864457	7.79800557015954
8.6	5201.9344145169425	1256.794856581044	539.7133883812057	293.31656226345996	181.38238148412987	121.73304470157198	86.47095961668984	64.04959891940884	49.00315400587628	38.47901945228536	30.873423569852466	25.230132252114046	20.95114311303207	17.647382876145763	15.057111393943211	12.999148474495165	11.344957685361466	10.001396395209628	8.899727350877171	7.988425234076246
8.7	5296.632885506517	1280.4382692814997	550.2049202980447	299.2065130619936	185.14271932033878	124.33632629257424	88.37612630677968	65.50111411456876	50.14305728247583	39.39543470078239	31.62391406930867	25.8539039438723	21.47584900703381	18.093122285651724	15.438883867907697	13.328413354615996	11.630653887016104	10.250624936930445	9.118217393359597	8.180858420407953
8.8	5391.549892501909	1304.1370770165836	560.721488952068	305.11085045106375	188.91252326014308	126.94642335345601	90.28653858318592	66.9568871422351	51.28657295342689	40.31503115208448	32.377294129530334	26.480365912965205	22.003106211867006	18.54131132683543	15.823024520566412	13.659972631531721	11.918569614776787	10.501991630157136	9.338755177131695	8.375239680045228
8.9	5486.681513420916	1327.8902687606944	571.2626276525356	311.0292985868952	192.69160469059673	129.5631929377956	92.20207900743581	68.41681496084004	52.433605713784175	41.23771709188081	33.1334731171487	27.1094273118047	22.53282335285103	18.991858589494075	16.209443009761483	13.993738516291	12.208621243943911	10.755418506113676	9.561269567738801	8.571505463968041
9.0	5582.02394543049	1351.6968649944924	581.8278847170262	316.9615908825226	196.47978170211306	132.18649756522368	94.12263503292354	69.88079922732618	53.584064995123285	42.163405712233896	33.892365524775634	27.74100261211902	23.06491447191072	19.444678024861066	16.59805411377347	14.32962791068248	12.50072925085721	11.01083100081336	9.785692098157062	8.769594175274998
9.1	5677.573499757847	1375.555916288861	592.416822767689	322.9074695487218	200.27687873128204	134.8162049046631	96.04809869560174	71.34874597546573	54.737864619936786	43.09201473778269	34.653890572360744	28.375011192695162	23.599298619999505	19.899688565546658	16.98877740207081	14.667562147775929	12.794818033954835	11.268157857274021	10.01195694350869	8.96944620131711
9.2	5773.3265967991465	1399.4665019720524	603.029018071563	328.8666851656918	204.08272622953223	137.45218748240367	97.97836633081134	72.82056532300534	55.89492248819563	44.023466087295596	35.41797184592777	29.0113769643605	24.13589948367202	20.356813773379347	17.381536925078468	15.00746674122588	13.09081573360524	11.527331018314174	10.240000880929989	9.17100392854088
9.3	5869.279761506879	1423.4277288762223	613.6640599215624	334.8389962828634	207.8971603552609	140.09432241259088	99.91333831353545	74.29617120451591	57.05516029257335	44.95768556673248	36.184536969760565	29.65002802857575	24.674645042960144	20.81598151348744	17.776260922729833	15.349271144483884	13.388654052919366	11.788285512694321	10.469763237389541	9.374211742459378
9.4	5965.429619029736	1447.4387301558086	624.3215500551701	340.82416904446393	211.72002268732976	142.7424911479792	101.85291881968747	75.77548112724644	58.21850325920146	45.89460259041418	36.95351730854448	30.29089636637278	25.215467257887436	21.277123652940414	18.172881551330672	15.692908520666236	13.688268081277975	12.05095933692709	10.701185827918856	9.579016014976077
9.5	6061.772890596357	1471.4986641734047	635.0011021074868	346.82197683883106	215.55115995804994	145.39657924902633	103.79701560634248	77.25841594755845	59.38487991127167	46.83414992730958	37.72484769636573	30.933917554683013	25.75830178115376	21.74017578227477	18.571334628092657	16.038315523509418	13.989596121919817	12.315293334695962	10.934212886405785	9.785365081078837
9.6	6158.306389615287	1495.6067134476934	645.7023410965403	352.8321999694534	219.3904238039989	148.05647616966166	105.74553980904449	78.74489966585887	60.554221853068704	47.7762634698131	38.49846618980946	31.579030507400837	26.303087694703247	22.205076958287414	18.971559392577745	16.385432089588363	14.29257952459962	12.581231075477046	11.168790990810674	9.993209206611304
9.7	6255.027017988108	1519.7620836597112	656.4249029381631	358.85462534612736	223.23767053313563	150.7220750581877	107.69840575455419	80.23485923816237	61.72646357233958	48.720882022670885	39.274313842715635	32.22617723878981	26.849767268080214	22.671769466528854	19.373498284225995	16.734201241785144	14.59716252405436	12.848718733663476	11.404868984400222	10.202500549411615
9.8	6351.931762614189	1543.9640027129417	667.1684339883825	364.88904619458884	227.09276090687172	153.39327257199648	109.65553078758019	81.72822440263158	62.90154225913774	49.667947110013	40.052334500409465	32.87530264708369	27.398285736647228	23.14019860201006	19.777096735092222	17.084568903838985	14.903292084787399	13.117704969234714	11.642397894353634	10.41319311358801
9.9	6449.0176920749955	1568.2117198437127	677.9325906114341	370.93526178332775	230.9555599359114	156.06996870486654	111.61683511018217	83.22492751965716	64.07939763948927	50.61740279865355	40.83247461147079	33.52635431635281	27.948591097906856	23.610312466725887	20.182302976908858	17.436483725702644	15.210917752496156	13.388140810792681	11.881330848884208	10.625242700398186
10.0	6546.281953488366	1592.5045047786946	688.7170387713386	376.9930771661772	234.8259366887063	158.75206662580516	113.58224163271541	84.72490342417359	65.25997182243594	51.56919553605035	41.61468305532035	34.179282334896186	28.50063392432028	24.0820617826719	20.589067861590618	17.789896919345683	15.519991512319976	13.659979541601736	12.121622993827716	10.838606855182059
10.1	6643.7217695243735	1616.8416469357385	699.521453645864	383.0623029396114	238.7037641115758	161.43947252841548	115.55167583525963	86.22808928906692	66.44320915914722	52.52327400148586	42.39891098408082	34.83403912860684	29.054367191165642	24.555399719133046	20.997344694316602	18.14476210459174	15.83046765396709	13.933176589109914	12.36323140948414	11.05324481195023
10.2	6741.334435563327	1641.2224546664847	710.3455192608068	389.14275501365427	242.58891885960566	164.13209548994948	117.52506563863457	87.73442449864908	67.6290561129642	53.47958896919011	43.18511167733906	35.49057930790242	29.60974611810217	25.03028173310016	21.407089078351067	18.501035164535434	16.142302643683347	14.20768941829991	12.606115028352438	11.269117436332994
10.3	6839.117317000715	1665.6462545363852	721.1889281436842	395.2342543954616	246.48128113741924	166.82984733927043	119.50234128415538	89.24385053128772	68.81746113933835	54.438093182267636	43.9732404085882	36.14885952697018	30.166728023233926	25.5066654217596	21.818258770800977	18.858674110067568	16.455455002955933	14.483477429105603	12.850234554275767	11.486187167580427
10.4	6937.067846675474	1690.1123906417395	732.0513809951514	401.3366269845985	250.38073454924907	169.53264253297698	121.48343522139024	90.7563108503743	70.00837457475983	55.39874123641861	44.76325432224877	36.80883835418784	30.72527218857644	25.984510386078963	22.230813548542624	19.217638953025247	16.76988519378734	14.760501858044096	13.095552383401806	11.704417960197137
10.5	7035.183522428422	1714.6202239591569	742.9325863775459	407.44970337940146	254.28716595743128	172.2403980390848	123.46828200326213	92.27175080289823	71.20174853386212	56.36148947253767	45.55511232028834	37.47047615270353	31.285339735927423	26.463778104590858	22.644715083594903	19.577891587482892	17.085555510335993	15.038725684135748	13.342032527274604	11.92377522569874
10.6	7133.461904770101	1739.1691317278296	753.8322604188526	413.57331869344017	258.2004653488777	174.95303322767114	125.45681818790352	93.79011752497063	72.39753681395013	57.326295877387544	46.34877495756122	38.133734970261806	31.84689351224109	26.94443181654668	23.059926827256998	19.93939567870767	17.402429976688627	15.318113539128664	13.589640538294327	12.144225774894798
10.7	7231.900614661858	1763.7585068606295	764.7501265312117	419.7073123815674	262.12052570889296	177.67046976794433	127.44898224665525	95.31135985371215	73.59569480632867	58.29311999223153	47.14420434507784	38.79857843744289	32.40989798368227	27.426436413680996	23.476413902370222	20.302116559315856	17.72047425051263	15.598631621995265	13.838343437715215	12.365737761023423
10.8	7330.49733139684	1788.3877573834297	775.6859151439102	425.8515280749115	266.0472429017897	180.39263153128908	129.44471447782908	96.83542824496307	74.79617941381707	59.261922825107774	47.941364060495864	39.464971673576905	32.97431913761762	27.909758339888384	23.89414300310793	20.666021132179573	18.039655532320406	15.88024761763143	14.088109646296951	12.588280624007572
10.9	7429.2497905787295	1813.056305900795	786.6393634484645	432.0058134241735	269.9805155579258	183.11944449979939	131.44395692568344	98.36227469634923	75.99894897392763	60.2326667752777	48.740219065193926	40.13288119965837	33.54012439186884	28.39436549817497	24.313082301735594	21.031077779652495	18.35994248007597	16.16293061966106	14.338908917678964	12.811825036039966
11.0	7528.155782192051	1837.7635890863687	797.6102151564338	438.1700199506743	273.9202449666528	185.8508366799819	133.44665330427617	99.89185267526828	77.20396318723682	61.205315557219166	49.540735627356796	40.80227485765541	34.1072825106127	28.880227164296883	24.733201361822815	21.39725627870695	18.681305128870072	16.44665105722594	14.590712274510635	13.036342848659206
11.1	7627.213148757049	1862.5090571959875	808.598220268486	444.344002904856	277.86633497480125	188.58673802116374	135.45274892579806	101.42411705138697	78.41118305051492	62.179834132726995	50.34288125055236	41.473121735664286	34.67576352637045	29.367313906551942	25.15447105400828	21.764527721587797	19.003714815391568	16.731380625625334	14.843491947335114	13.261807041439747
11.2	7726.419783568016	1887.2921736042383	819.6031348541717	450.52762113153034	281.8186918903682	191.3270803383706	137.46219063306262	102.95902403333166	79.62057079422443	63.15618864709278	51.14662460733244	42.145392098417105	35.24553866758436	29.855597511229394	25.576863494231045	22.1328644416184	19.32714410693237	17.017092220660345	15.097221316206467	13.488191672381186
11.3	7825.7736290064595	1912.1124143596828	830.6247208418966	456.72073694159036	285.77722439105486	194.0717972393112	139.47492673585452	104.49653110921236	80.83208982403619	64.13434636887014	51.95193547744173	42.81905732269023	35.81658029131527	30.345050913273376	26.000351953504364	22.50223994380928	19.651566734663245	17.303759876528026	15.351874854992172	13.71547183005721
11.4	7925.2726749284275	1936.9692677614107	841.6627458184763	462.9232159898498	289.7418434372927	196.82082405519682	141.49090695083115	106.03659699070758	82.04570466604406	65.11427563708256	52.758784690246515	43.49408983720848	36.388861820647435	30.835648131744243	26.424910805692168	22.872628839944053	19.976957530937106	17.59135870710833	15.60742807830574	13.943623587554976
11.5	8024.9149571195385	1961.8622339533683	852.7169828375745	469.13492715849475	293.71246218960033	199.57409777516054	143.51008234477806	107.57918156044765	83.26138091539742	66.09594580507937	53.56714407103959	44.170463066677925	36.96235768642015	31.327364209703678	26.85051546318022	23.244006787834703	20.303292370372763	17.879864850485387	15.86385749099451	14.17262395822093
11.6	8124.698555815919	1986.7908245361195	863.7872102367149	475.3557424459273	297.6889959298732	202.33155698402862	145.53240528092826	109.12424582243561	84.4790851880747	67.07932719467024	54.37698639091278	44.848151379612375	37.53704327293209	31.820175158178305	27.27714231987094	23.616350434465833	20.63054811449664	18.169255416544765	16.121140540104516	14.40245085320772
11.7	8224.621594288648	2011.7545621957179	874.8732114623734	481.5855368606987	301.6713619864404	205.09314180322255	147.55782936816487	110.67175185530375	85.69878507556858	68.06439104987788	55.18828531990555	45.527130039644206	38.11289486731598	32.31405790388505	27.704768697934902	23.989637362752585	20.958702559720656	18.45950843749036	16.379255569233745	14.633083040806136
11.8	8324.68223748129	2036.7529803474074	885.9747749025407	487.8241883201624	305.6594796626429	207.85879383459354	149.58630941290923	112.22166276819483	86.92044910226558	69.05110949421207	56.00101538317575	46.20737516005339	38.68988961227989	32.80899024043151	28.13337279804146	24.363846041669518	21.287734388450257	18.750602821128577	16.638181775185497	14.864500107533758
11.9	8424.878690711235	2061.785622795004	897.0916937265048	494.07157755364244	309.65327016872516	210.62845610701322	151.61780137351317	113.77394265907611	88.14404668531756	70.03945549057045	56.81515191996071	46.888863661252024	39.268005461964684	33.30495078272416	28.562933652815005	24.7389557795165	21.617623123127782	19.042518306771527	16.897899166826246	15.096682420944518
12.0	8525.209291169109	2086.8520775112606	908.2237808025743	500.3275964040403	313.65266186573604	213.40207639600874	153.65226495382515	115.32855860573117	89.36954964595857	71.0294040393924	57.63067200933343	47.57157406276416	39.847221853023875	33.80191951612247	28.99342978678364	25.114947106148406	21.948348261116305	19.33523475761719	17.1583879807809	15.32961064340981
