αωw	0.1	0.2	0.3	0.4	0.5	0.6	0.7	0.8	0.9	1.0	1.1	1.2	1.3	1.4	1.5	1.6	1.7	1.8	1.9	2.0
12.0	0.10066842360177344	0.20271562006478855	0.3062066239357974	0.4112093663749098	0.5177946994020868	0.6260363897120493	0.736011073908795	0.8477981653846843	0.9614797014839782	1.0771401176225952	1.1948659330857476	1.3147453314040707	1.4368676160235863	1.561322520889865	1.6881993541403906	1.81758595392278	1.9495674360356507	2.084224717383227	2.221632805328818	2.361858852890238
11.9	0.10067707577590303	0.20275139553781538	0.3062898564876327	0.41136241034020177	0.5180420963249001	0.6264050427218592	0.7365304281899182	0.8485003923489581	0.9623998832957152	1.078316427531616	1.196339805568457	1.3165616143710857	1.4390746953144156	1.563972424854102	1.691347726427794	1.8212920673714155	1.9538940417760222	2.089237798081423	2.2274011912582163	2.3684536772158213
11.8	0.10068594436360302	0.20278808374870305	0.30637525604727067	0.4115195217581791	0.5182962067714676	0.6267839126530458	0.737064485045523	0.8492229288191995	0.9633472565998938	1.0795282548361373	1.1978591490555	1.3184351475239182	1.4413528396945756	1.5667094443127298	1.6946017611428692	1.8251250911192956	1.9583717176226758	2.0944292089900975	2.2333784189560943	2.375291202789964
11.7	0.10069503735128085	0.20282571943406416	0.30646290721336655	0.4116808633409061	0.5185573058672446	0.6271734284277163	0.7376138768259902	0.8499666697476141	0.9643230490765643	1.0807772425245565	1.1994261184262212	1.3203687097372814	1.4437055810429837	1.5695380307710927	1.6979669775720458	1.8290917963653337	1.9630086879273505	2.099808843159682	2.2395762752811845	2.3823853378465434
11.6	0.10070436324707276	0.2028643393470877	0.3065528993772063	0.411846607030952	0.5188256845354491	0.6275740440337386	0.738179273609183	0.8507325647030969	0.9653285651332135	1.0820651388163076	1.2010430100484226	1.3223652669400283	1.4461366949030692	1.572462908503624	1.7014492708365438	1.8331994290769373	1.967813769159572	2.1053873228205537	2.246007433599709	2.3897510541441163
11.5	0.10071393099400097	0.20290398216748526	0.30664532673661876	0.4120169342581527	0.5191016501777038	0.6279862398644869	0.738761385503856	0.8515216215307981	0.9663651914217627	1.083393805171077	1.2027122730758792	1.3244279876866543	1.448650221531982	1.5754892051001377	1.705054970289486	1.8374557812875139	1.9727964564172953	2.1111761035587486	2.2526855780781596	2.3974045336157688
11.4	0.10072374999839476	0.20294468863020845	0.3067402886258096	0.4121920366091798	0.5193855278704077	0.6284105246914656	0.7393609657277869	0.8523349109648574	0.9674344035399803	1.084765225786456	1.2044365226343101	1.3265602611429987	1.4512504900486702	1.578622359440462	1.7087908812088086	1.8418692447519178	1.9779669915092435	2.1171875594339493	2.2596255084211667	2.4053632950296002
11.3	0.10073383016031291	0.20298650166459814	0.3068378898732069	0.41237211655540046	0.5196776616681644	0.6288474378190657	0.7399788139787332	0.8531735716938084	0.9685377734111892	1.0861815180862235	1.2062185544250377	1.3287657170629292	1.4539421453321755	1.581868239739136	1.7126643071546812	1.8464488711897458	1.9833364395648152	2.123435078933254	2.2668432581291937	2.413646337051435
11.2	0.10074418190658845	0.20302946654518994	0.30693824118977914	0.41255738824480553	0.51997841602586	0.6292975514415415	0.740615780131817	0.8540388159320534	0.9696769774245881	1.0876449443243021	1.2080613609302346	1.331048248023083	1.456730178049819	1.5852331629905425	1.7166831993525247	1.8512044400971115	1.9889167754651371	2.1299331734272275	2.274356228175727	2.4222743002524636
11.1	0.10075481622651938	0.20307363105521115	0.3070414595911965	0.41274807836505456	0.5202881773523854	0.6297614732249981	0.7412727683013944	0.8549319355585762	0.9708538054314327	1.089157924447798	1.2099681494328183	1.3334120342249258	1.4596199582569096	1.5887239398185165	1.720856070854189	1.8561465352801236	1.9947209816202796	2.1366976000969764	2.2821833390528097	2.431269651063129
11.0	0.10076574471051904	0.20311904566407432	0.30714766885728706	0.4129444270852218	0.5206073557103597	0.6302398491403836	0.7419507413107177	0.8558543088922651	0.9720701707052884	1.0907230503846046	1.211942362097166	1.3358615712237762	1.4626172730842426	1.5923479249416124	1.72519215932793	1.8612866314726493	2.000763158898633	2.1437455016672073	2.290345203479565	2.4406568912299336
10.9	0.10077697959205448	0.2031657637203112	0.3072570000327329	0.41314668908469215	0.5209363866787856	0.6307333665765881	0.7426507256188056	0.8568074081129119	0.9733281209917477	1.092343101946392	1.213987698396401	1.338401701004418	1.4657283689872445	1.5961130741091527	1.7297014784834606	1.8666371926521503	2.0070586528547913	2.151095565725076	2.2988643237435378	2.4504627970016006
10.8	0.10078853379313371	0.20321384166159917	0.30736959197343156	0.4133551346791335	0.5212757333969603	0.6312427577674432	0.7433738167607071	0.8577928079167646	0.9746298507916645	1.0940210645689676	1.2161081402193639	1.3410376468938667	1.4689600001768537	1.6000280085176959	1.734394903635465	1.8722117542117922	2.013624197817323	2.1587682069475247	2.3077653176575317	2.4607166930872153
10.7	0.1008004209738298	0.20326333924357257	0.3074855919435029	0.4135700510543693	0.5216258888113047	0.6317688035702033	0.7441211853662814	0.8588121940195821	0.975977715044821	1.095760149146857	1.2183079800460144	1.3437750528880374	1.4723194813432534	1.6041020879051902	1.7392842689418677	1.8780251695248638	2.0204780819065937	2.1667857762266407	2.3170751781729257	2.4714507674216066
10.6	0.1008126555860708	0.20331431978954753	0.30760515626869306	0.4137917436206751	0.5219873781489267	0.6323123376397248	0.7448940838310891	0.8598673741166137	0.9773742444075595	1.097563814263037	1.2205918526477069	1.3466200280714107	1.4758147502110357	1.6083454937482295	1.7443824796214804	1.8840935786765005	2.0276403366792852	2.1751728015026752	2.3268235726879416	2.482700433988983
10.5	0.10082525293234094	0.2033668504634588	0.3077284510523346	0.4140205375016195	0.5223607616460205	0.6328742510474242	0.7456938537257398	0.8609602889527416	0.9788221623498123	1.0994357911649646	1.222964770848827	1.349579196934103	1.4794544365627902	1.6127693242667547	1.7497036376589845	1.8904346957005942	2.0351329558710827	2.1839562661321756	2.337043189360037	2.494504752447594
10.4	0.10083822922974554	0.20342100256844686	0.30785565296143014	0.4142567791734981	0.5227466375621296	0.6334554974034166	0.7465219340417688	0.8620930251591506	0.9803244043346728	1.1013801118999338	1.2254321659841858	1.3526597565412088	1.4832479418701279	1.6173857032841559	1.7552631904050755	1.8970679730493643	2.0429801486743395	2.193165931884957	2.3477701393097195	2.506906915135632
10.3	0.10085160167988967	0.203476851874167	0.30798695009067134	0.4145008382737744	0.5231456455170809	0.6340570985470456	0.7473798703891213	0.8632678295498603	0.9818841393890142	1.1034011410965479	1.2279999338041396	1.3558695416948174	1.4872055303186253	1.6222079054143195	1.761078099098447	1.9040148273000506	2.0512086341948317	2.202834715248982	2.359044425572816	2.519954814309399
10.2	0.10086538854551307	0.20353447897607663	0.30812254291408886	0.41475310959953493	0.5235584701917716	0.6346801508829188	0.7482693252780653	0.8644871251719788	0.9835047944279488	1.1055036119683683	1.2306744867234638	1.3592170994547095	1.4913384334011406	1.6272505005747588	1.7671670355126887	1.9112989016071373	2.0598479480962135	2.2129991277191965	2.3709104921265713	2.533701705278777
10.1	0.1008796092343962	0.20359396969039795	0.3082626453348078	0.415014015319978	0.5239858454411755	0.6353258324506125	0.7491920896408457	0.8657535293715856	0.9851900817615125	1.1076926672243752	1.2334628134857588	1.362711774663835	1.4956589705583665	1.632529521484428	1.7735506107061068	1.9189463725291358	2.068930993624197	2.223699793275577	2.383417869425876	2.548206984602582
10.0	0.10089428439141412	0.20365541548907232	0.3084074858451525	0.41528400743065524	0.524428558874777	0.6359954108314866	0.750150095774593	0.8670698741831987	0.9869440302912404	1.1099739057036742	1.236372547531735	1.3663638084706617	1.5001806888881388	1.638062658634518	1.7802516425736243	1.9269863104247045	2.0784942963703723	2.2349820594793064	2.396621936823986	2.5635371068609145
9.9	0.10090943599982563	0.20371891397966982	0.30855730881114507	0.41556357048146	0.5248874569690586	0.6366902520124607	0.7511454319187842	0.8684392294071223	0.9887710210012923	1.1123534357142095	1.2394120456277895	1.3701844522728794	1.5049185256274544	1.6438694882726363	1.7872954702900525	1.935451104893533	2.0885787133863425	2.2468967227510452	2.4105848272631243	2.5797666689522822
9.8	0.10092508749276784	0.20378456943559894	0.3087123758974194	0.41585322461516117	0.5253634507867629	0.6374118303477649	0.7521803587183985	0.8698649288067591	0.9906758274667872	1.1148379362561702	1.2425904786446305	1.3741861000495978	1.5098889979749976	1.649971740282697	1.7947103257583623	1.9443769696826272	2.099230067252991	2.2595008937355905	2.425376506025709	2.5969796976354815
9.7	0.10094126387622625	0.2038524933832869	0.3088729676511532	0.4161535289594052	0.5258575223904072	0.6381617397839028	0.7532573278701733	0.8713505999412975	0.9926636622473451	1.1174347275598286	1.2459179367932798	1.378382442735309	1.5151104259244725	1.6563936145691767	1.8025277747999668	1.9538045453131412	2.110499949141365	2.272859035600342	2.44107606356369	2.615271184470576
9.6	0.10095799186497967	0.2039228052534762	0.3090393852664786	0.4164650854219021	0.5263707320522324	0.6389417065427334	0.7543790033050322	0.8729001982505701	0.9947402302141407	1.120151852678511	1.2494055521526335	1.3827886491619217	1.5206031951946697	1.6631621567926715	1.8107832442488323	1.9637796227183972	2.1224466866611924	2.2870442172062693	2.4577732730294466	2.6347489227753145
9.5	0.10097530003305268	0.203995633105235	0.30921195255418954	0.41678854294704853	0.5269042263811098	0.6397536034935873	0.7555482853279848	0.8745180461339048	0.9969117900819483	1.1229981722678855	1.2530656419907942	1.3874215792154043	1.52639006917804	1.6703077072301822	1.8195166556275173	1.9743540178572125	2.1351365179595376	2.3021396350816308	2.4755704768552134	2.655535714094247
9.4	0.1009932189806171	0.20407111443242135	0.3093910181458545	0.41712460230198456	0.5274592475078965	0.6405994664887309	0.7567683382205576	0.8762088779206284	0.9991852256977981	1.1259834751772844	1.2569118772373202	1.392300036302056	1.5324965612271084	1.6778644403971559	1.8287731920930537	1.9855866361955536	2.1486450259977383	2.318240474058121	2.49458488452203	2.6777720273213323
9.3	0.10101178151957423	0.2041493970639825	0.30957695796583684	0.41747402147217294	0.5280371434976368	0.6414815129896683	0.7580426219138012	0.8779778918218553	1.0015681289906722	1.1291186081079825	1.2609594815656318	1.3974450681083521	1.538951381762683	1.6858710182186805	1.8386042334218882	1.997544778024353	2.163058903787086	2.3354561977457045	2.51495138674956	2.701619212178659
9.2	0.1010310228801282	0.20423064017138987	0.3097701780112272	0.41783762176099315	0.5286393801881162	0.642402163377345	0.7593749284679584	0.8798308101968747	1.0040688969334657	1.132415628402109	1.265225467976711	1.4028803271248778	1.5457869789031924	1.6943713864771595	1.849068504793204	2.010305752087661	2.1784781441032033	2.3539133887467982	2.5368260212352203	2.727263389885151
9.1	0.10105098094152679	0.20431501539850516	0.3099711174858433	0.41821629470507177	0.529267554693539	0.6433640654194552	0.7607694242543319	0.8817739497720731	1.0066968453762832	1.1358879850719992	1.2697289216549192	1.4086325057113591	1.5530401969936087	1.703415753723351	1.8602335000347463	2.0239588878333556	2.195018781153014	2.3737592974679083	2.560390263543184	2.7549201660731866
9.0	0.10107169649009869	0.20440270813211397	0.310180252343376	0.4186110099386388	0.5299234108595928	0.6443701224686222	0.7622306989355003	0.8838143038399489	1.0094623438605825	1.1395507345461935	1.2744913403550806	1.4147318649216782	1.5607530851499798	1.7130618048928303	1.8721772628313376	2.038608068599343	2.212816348311775	2.3951663115169075	2.5858563655934113	2.7848403305053226
8.9	0.10109321350876734	0.2044939189342974	0.3103980993047467	0.41902282416564324	0.5306088570152322	0.6454235260897049	0.763763822593176	0.8859596389630979	1.0123769746780542	1.1434207994096375	1.2795370469113179	1.4212128823467343	1.5689738986138437	1.7233762201334253	1.8849906330723445	2.0543749532515934	2.2320302939387444	2.418337630410966	2.613474024649917	2.8173167163842034
8.8	0.10111557950243993	0.2045888651617409	0.31062522042698953	0.41945289143061	0.5313259864395166	0.6465277939718478	0.7653744126757626	0.8882186093514826	1.0154537242957693	1.1475172808135155	1.2848936929675068	1.4281150524070005	1.577758350648664	1.7344365955690608	1.898780120567166	2.0714031213203765	2.252849667377393	2.443514529996594	2.643538736854825	2.852692371386886
8.7	0.10113884586494074	0.20468778280172994	0.31086222831611204	0.4199024749182536	0.5320771010533173	0.6476868141794258	0.7670687128513296	0.8906008929180832	1.0187072124215701	1.151861838458662	1.2905928792075216	1.4354838852251244	1.587171193921331	1.7463338980395833	1.9136716154708402	2.0898634655744335	2.2755005312391536	2.470985737033009	2.6764022646216	2.891370108010929
8.6	0.10116306829374037	0.20479092856012557	0.311109792094917	0.42037296056076745	0.5328647389607365	0.6489048970495764	0.7688536863872395	0.8931173541189895	1.0221539698063564	1.1564791564529537	1.2966709259424496	1.4433721627722231	1.5972882409270914	1.7591756470784892	1.929815249823129	2.109961312888895	2.3002557387515474	2.5010996177034874	2.7124857064280534	2.933823285411673
8.5	0.10118830726009519	0.2048985822436304	0.31136864425958527	0.42086587279281684	0.5336917066106146	0.650186836368998	0.7707371273761956	0.8957802401445792	1.025812777076202	1.1613975194091137	1.3031698399969907	1.4518415423292634	1.608198978004343	1.7730900889403134	1.9473918591332813	2.131945953202906	2.3274479867036426	2.534280123520698	2.752295649934088	2.9806072047766823
8.4	0.10121462854378913	0.2050110494869236	0.3116395885873731	0.42138289287106234	0.5345611165342112	0.6515379818847509	0.7727277940486772	0.8986034189883962	1.0297050815080262	1.1666495316334826	1.3101385411324589	1.4609646222841592	1.6200099949201099	1.7882317636945786	1.9666217126118726	2.156123604972444	2.3574874805573294	2.5710477311762667	2.7964436974609836	3.032369556882293
8.3	0.10124210384308191	0.20512866488598516	0.31192350929301593	0.42192588027212163	0.5354764318539305	0.6529643257537475	0.774835569635594	0.9016026705809258	1.0338555142928592	1.1722730243066635	1.317634436430155	1.4708276447373259	1.6328495553396847	1.8047890582391064	1.9877765262537155	2.1828753656793283	2.390886138523351	2.6120469152378654	2.845669019480855	3.089856586907424
8.2	0.10127081147297483	0.20525179561151588	0.3122213816765977	0.42249689780732164	0.5364415190673233	0.6544726062627436	0.7770716578921505	0.9047960458309766	1.0382925388450481	1.1783122119746718	1.3257254684466893	1.4815340845560927	1.6468737957834767	1.82299465228459	2.011196336563505	2.2126825457108144	2.428291169332764	2.6580818425309376	2.9008619800150646	3.1539085381534937
8.1	0.1013008371673834	0.20538084559307598	0.3125342845618227	0.42309824125208406	0.5374607110153905	0.6560704331178213	0.7794488226338415	0.9082043135110878	1.0430492721749944	1.1848191931396752	1.3344928196526373	1.493209499326651	1.662275302726267	1.8431402965757882	2.037313758428441	2.246163173691189	2.4705321825049977	2.7101615028110264	2.9630832376943426	3.2254330507541478
8.0	0.1013322750041832	0.20551626038458345	0.3128634148963244	0.42373247449476553	0.538538882478313	0.657766439907069	0.781981683724712	0.9118515221249397	1.0481645380131932	1.1918559006088913	1.3440345437267471	1.5060082135997568	1.6792952541482078	1.8655982547741043	2.066689792825075	2.2841257784078683	2.5186870600629105	2.7695531414029415	3.033565232145969	3.3053388981282628
7.9	0.10136522847632404	0.2056585328479956	0.3132101049784212	0.4244024714808523	0.5396815415546035	0.6595704711173946	0.784687086273314	0.9157657142456677	1.053684235097739	1.1994967213913912	1.354470534771491	1.5201227414553466	1.6982410660966811	1.8908533500831304	2.100068292348812	2.327650447461422	2.574174708168865	2.8378355662275188	3.1136692324243938	3.3944079715759563
7.8	0.10139981173724223	0.20580820982491252	0.3135758428954132	0.4251114665859918	0.5408949409405532	0.6614938135422977	0.7875845659169916	0.9199798459595829	1.0596631414980457	1.2078320300191911	1.3659494765981273	1.5357974206573703	1.7195128428122382	1.9195525495692969	2.138461717767436	2.3782136311756057	2.638878886721384	2.916924848228917	3.2047508078753717	3.4930901528892533
7.7	0.10143615105575465	0.20596590000853082	0.3139622969167196	0.4258631155292189	0.5421862145389645	0.6635494853557636	0.7906969419101877	0.9245329866574847	1.0661673339806634	1.2169730850729423	1.3786588078115791	1.5533487535796293	1.7436444981505101	1.9525849032656744	2.183291544824965	2.437883261768763	2.715297074828749	3.0090020041853465	3.307870808768955	3.60123955963971
7.6	0.10147438652374705	0.2061322832834531	0.31437134479335693	0.4266615695819719	0.5435635466399517	0.6657526010188154	0.7940510827168188	0.9294719089175497	1.0732774941013408	1.22705896387144	1.3928394364226224	1.5731968769067972	1.7713705539968387	1.99121695611853	2.2366284608502465	2.5096217578837248	2.8066560178642326	3.116196706920571	3.4233186612149313	3.7178787993505957
7.5	0.10151467407118268	0.20630812187326253	0.31480510919444266	0.4275115667089821	0.5450363834610492	0.6681208372601228	0.797678908279548	0.9348532322034314	1.0810935250548712	1.2382666581896986	1.408808235615771	1.5959164342578318	1.8037406793796522	2.037336422643175	2.301622823601251	2.59772851189191	2.916780714337415	3.239820872344056	3.550058501013062	3.8411412491900374
7.4	0.10155718785690672	0.20649427373141907	0.3152660008872017	0.42841854449543076	0.5466157004574558	0.6706750357989674	0.8016187230145582	0.9407463709587763	1.0897411626959228	1.250826253760775	1.4269939056857524	1.6223233956484913	1.8423298914322015	2.0939248549715335	2.3833075507839085	2.7083132839030957	3.04916136089105	3.3791288399234136	3.6854482203496457	3.9685062642911038
7.3	0.10160212312245687	0.20669170873844828	0.3157567717814674	0.4293887814245148	0.5483143440647233	0.6734399941665743	0.8059170206032468	0.9472376819882699	1.0993817241075006	1.265044652518924	1.447997166081532	1.6536337697141932	1.889659964244961	2.1660649537960133	2.490091809397389	2.848989282150713	3.204443188160504	3.53030958682709	3.8256246245065753	4.097270680917555
7.2	0.10164969962044434	0.20690152844132562	0.3162805806712863	0.4304295755082313	0.5501474742882202	0.676445520138987	0.8106309778352924	0.9544364547653666	1.1102269926779165	1.2813444355491153	1.472698577891148	1.6917811957822073	1.9501519106390643	2.2633498958740335	2.635961548095309	3.0249247012269715	3.377139892141931	3.6870512700497367	3.9664885097767675	4.225033523850042
7.1	0.10170016576228956	0.2071249903065234	0.3168410755065948	0.43154947280990097	0.5521331462429244	0.6797278634707344	0.815831982326804	0.9624838358712998	1.1225629235055308	1.3003313980735862	1.5024688502828685	1.740137106831496	2.0326854982993634	2.406329373958758	2.8385134441290143	3.2288199810579643	3.5560342689297273	3.8428106667903927	4.104674704449876	4.349987559275002
7.0	0.10175380367397158	0.2073635377852263	0.31744249745453007	0.43275856362490867	0.5542930867861076	0.683331700758601	0.8216107608521328	0.971566625837187	1.1367894090754749	1.3229211895082147	1.5396299090351646	1.805479430576979	2.159638504299364	2.6404801104775246	3.091884186458625	3.4383556933130612	3.730079075983968	3.992883579002152	4.237986286306222	4.470972755565272
6.9	0.10181093540980247	0.2076188379489969	0.3180898140816923	0.4340688719773408	0.5566537509690781	0.6873129538775008	0.8280850786223106	0.9819395902089553	1.153491528559531	1.3506024130502667	1.5886564302713329	1.905417044223276	2.4173127634702736	2.98349853501191	3.3443560455016565	3.6339818222521476	3.893054207386748	4.134885026320324	4.365306124896248	4.587374990575486
6.8	0.10187193065823467	0.20789282911047918	0.3187888920533677	0.4354948762876034	0.5592477896964616	0.6917429055475656	0.8354117535843065	0.993963617438991	1.1735787554453394	1.3860697438766245	1.66036583291454	2.1323271306851317	2.952135664382158	3.290373601935607	3.5619721901113928	3.8092991687569624	4.043219928158019	4.268135824422395	4.486283015523861	4.698973368147558
6.7	0.101937216392757	0.2081877817979596	0.31954672437837106	0.4370542184254924	0.5621161388055003	0.6967144110809947	0.8438063105047586	1.0081758384563433	1.1985915453671474	1.4351486698643667	1.8011943118811466	3.052254369959127	3.2902869826785848	3.520728271280355	3.7455176569619413	3.9654863568288543	4.181150686575652	4.392893118614009	4.6010224986126325	4.805799739293944
6.6	0.102007289090861	0.20850637786678597	0.3203717343975657	0.43876869002770436	0.5653110783007939	0.7023516542183654	0.8535770920481566	1.0254314451501205	1.2315089552305234	1.5161131120854772	3.184675807920707	3.3317256327813203	3.5098625147453806	3.7032355389262497	3.903261607082201	4.10564730917839	4.308212782725936	4.509819665845601	4.7098647838586585	4.90803291445538
6.5	0.10208273039174832	0.20885181467066605	0.3212741901102143	0.44066563856871327	0.5689008654546114	0.7088262348788036	0.8651891675337121	1.0472321897196206	1.279645029573158	3.2741437604828203	3.3806767716483868	3.5179317219084405	3.6791691564041646	3.855988152063918	4.041920667623103	4.2327500042389445	4.4258723075145445	4.61969681139044	4.813248478148939	5.005927434133305
6.4	0.10216422743133656	0.20922794453530244	0.32226678110647305	0.4427800301311159	0.5729770413912607	0.7163853773709739	0.8793971047157325	1.0766657538412259	1.377930943380055	3.413271924947521	3.5285294215247056	3.665183956260555	3.820174812749588	3.9886538525938637	4.166132457688548	4.349194824780525	4.535452124368688	4.723290917408436	4.911634963113607	5.09976901703096
6.3	0.10225259965143742	0.20963946506429235	0.32336544205546264	0.4451575802276663	0.5776665418790033	0.7254055006069051	0.8975650805504889	1.1223919104762148	3.4200846794257753	3.528604828861686	3.651335392393622	3.789872228649427	3.94269617797531	4.106811975610412	4.279079059437027	4.4568429904475995	4.638075239456062	4.821300250285926	5.005469947265075	5.189848288418334
6.2	0.1023488347490847	0.21009218449504719	0.3245905626595174	0.4478597045022307	0.5831530721834539	0.7365056391740703	0.9226467548133636	3.3976811547953214	3.5101996227566934	3.628933741058475	3.758195379789468	3.8994718260967747	4.052031605219493	4.213951923516081	4.382999780071113	4.557131177048842	4.734674243024884	4.914340034739712	5.095166085283245	5.276446216568795
6.1	0.1024541378213919	0.2105934011079102	0.325968827620965	0.4509717523216728	0.5897180561041911	0.7508288736984111	0.9640562534088767	3.4684276418360316	3.591454904965776	3.718709264360736	3.853789846660249	3.998110116518782	4.151396950014121	4.312401482522831	4.4795189718367325	4.651177924281712	4.826019325696563	5.002944126753448	5.18109690356731	5.359826724748596
6.0	0.10257000005510843	0.2111524619089684	0.3275361332299709	0.45461760208945395	0.5978284064314993	0.7709485130530113	3.399399189602748	3.5339251690647857	3.6659398209175453	3.800550519374993	3.9408958736400135	4.08834124009877	4.242906398821054	4.403794061947926	4.56984910336016	4.739865487617193	4.9127478385338215	5.087573031490955	5.263596479125972	5.440233551304155
5.9	0.102698297235418	0.21178161458452796	0.32934245328034933	0.4589877866483048	0.6083584514177777	0.8060146586294781	3.4519010362119174	3.59514561274358	3.7350360303011128	3.876151348727009	4.021318056084893	4.1718715552918235	4.3280326943153975	4.48932267919961	4.654918449948728	4.82389958708733	4.995390118738655	5.168623609339551	5.342961831253439	5.517889538083694
5.8	0.10284143535515758	0.2124973628494442	0.3314605007981701	0.4644002815531812	0.6233292402758432	3.34044761826895	3.5017325689542904	3.6527945191522555	3.799713177014682	3.9466810273180637	4.096305810883243	4.249905743210835	4.407847764950178	4.569887301959704	4.735453568636271	4.903852511782888	5.074390577514319	5.246438493998373	5.419456410821201	5.5929972441793305
5.7	0.1030025737479382	0.21332273847745986	0.3340025158153837	0.4714562085801446	0.6505480581402288	3.380490373904843	3.5492458036581884	3.707403311609012	3.86068249102806	4.012986370430369	4.166765709476803	4.323330592331794	4.483159122247165	4.646185061680511	4.812034122181179	4.980194332573707	5.150124457337862	5.321314488021706	5.493313858292323	5.665740229678028
5.6	0.1031859823299315	0.2142913719630779	0.3371568550640283	0.48157105066352685	3.2245542467730774	3.419063634612317	3.594721680110307	3.759384019806725	3.918483835743871	4.075703665504588	4.233379778864415	4.3928206264580565	4.554592177238956	4.718768025147559	4.885130336377139	5.053315732357985	5.222911018768307	5.3935097558719285	5.5647416271875905	5.736284627978437
5.5	0.10339764553680678	0.21545545421922338	0.3412829737732706	0.5005740704935066	3.2552216193610564	3.456310661497177	3.6383888362461847	3.8090637109052787	3.9735383659249974	4.135325177642229	4.296676092116187	4.458902638468482	4.62264247197027	4.788081613278812	4.955129244200524	5.123544915769649	5.2930239044549685	5.46324986693185	5.633924296070156	5.804780790466799
5.4	0.10364635688254566	0.2169033256857922	0.3472438157774812	3.0472864526762606	3.2850575713310644	3.492352659638801	3.680436287006385	3.8567071260910386	4.026182065314649	4.192240897441186	4.357073219591409	4.52199708595784	4.687710208917572	4.8544909823874125	5.02235349625163	5.19116030075001	5.360699309977102	5.530732825056703	5.701026509632381	5.871364885934247
5.3	0.10394589495749534	0.21880615276764645	0.3588720327726809	3.070420219549643	3.3141231673153446	3.5272934977621238	3.721022407431967	3.902532112472382	4.076688016691587	4.246765933114074	4.414909463466599	4.582445723285235	4.750123871944068	4.918299645039742	5.0870751212049505	5.2564001699748815	5.426142460466991	5.596133239431743	5.766195548128666	5.936160395244696
5.2	0.10431994990899567	0.22158852633657447	2.7947453091421024	3.093089292271553	3.3424720510237873	3.5612229898634924	3.76028145680587	3.946720468151172	4.125281709584931	4.299159150158477	4.470462786769948	4.6405306684727785	4.810156859763299	4.979762930661981	5.149525778249705	5.319470103374753	5.489532778043027	5.6596057823377555	5.82956355155869	5.999279475504506
5.1	0.10481574057945497	0.2274530186007202	2.8115110281573505	3.11531950326953	3.3701519379769764	3.5942194191873083	3.7983284194269182	3.9894257635894683	4.172151872838974	4.3496362485891344	4.523964814497634	4.696487934512986	4.868039493595972	5.039097921038685	5.209904522796697	5.380548770368277	5.551028033934288	5.721288060678685	5.8912494356107885	6.060824187099054
5.0	0.10555815893256765	2.4343923492058033	2.8280321452476453	3.1371340274114026	3.39720549333454	3.6263515079371635	3.835262664124804	4.030779109492251	4.217458333156127	4.398379179290964	4.575610926004201	4.750517266828564	4.923967874330322	5.096490919961237	5.268383776704197	5.4397924943669675	5.610767708954268	5.781303007675058	5.951360538529873	6.120887587371213
4.9	1.8687729892932112	2.4455235301626423	2.844318898640943	3.158554075915475	3.4236710496766767	3.6576799745748905	3.8711707567059497	4.070893493755979	4.261337839881818	4.445543077935878	4.625567692921344	4.80278944587918	4.978110540294767	5.152103161425153	5.32511398029597	5.49733888733174	5.668875732792108	5.839760882211785	6.009994036165046	6.179554699981659
4.8	1.8746708926408946	2.4565435101274713	2.860380446328721	3.1795991215726187	3.449583198205271	3.688258779558763	3.9061286532399726	4.109867098625611	4.303908464101142	4.491261471514626	4.6739784677567355	4.853451808643745	5.030613555923584	5.206075235822426	5.380227261757956	5.553309771943706	5.725462732563581	5.896760947027763	6.067238158797056	6.236903371272954
4.7	1.8805343674528567	2.46745580323935	2.876225366735704	3.2002870918074113	3.474973280634388	3.7181361324617197	3.940203433001973	4.147785876523476	4.3452729763622715	4.53565025544722	4.7209676550019575	4.902632491391648	5.081604459239038	5.258530567315435	5.433840363842437	5.607813552220741	5.780627890976691	5.952392883390508	6.123173239168026	6.293005025536755
4.6	1.886364381339289	2.4782633377752314	2.8918617087986185	3.2206345350197036	3.499869800712498	3.7473553140530957	3.9734546838862337	4.184725577408607	4.385521478504327	4.578810778105219	4.7666440249540445	4.950443737201792	5.13119536501505	5.309578178308384	5.48605700205798	5.660947152822668	5.834460491791052	6.0067379888551775	6.177872617025239	6.347925330742742
4.5	1.8921614740255779	2.4889689119253604	2.9072970366140423	3.240656764592815	3.5242987711329388	3.7759553532631913	4.005935621826111	4.220753363909932	4.424733481382419	4.620832265739651	4.811103319675902	4.996984507883235	5.179485433567738	5.359314910901121	5.536969782581446	5.712797617902294	5.887041213095694	6.0598701958062	6.231403421730332	6.401724785473196
4.4	1.897926170859636	2.4995752017455874	2.9225384693584733	3.260367984125341	3.548284007770874	3.8039715891563213	4.0376940040731	4.255929112216088	4.462979564619358	4.661793752227038	4.854430327261724	5.042342570714569	5.226562856245858	5.4078272295513745	5.586661775531963	5.763443438860212	5.938443215874048	6.111856941332574	6.283827251171498	6.4544592367932205
4.3	1.903658983350563	2.5100847684987557	2.9375927170797738	3.279781396798768	3.571847380703281	3.83143614091479	4.068772880898894	4.290306470321844	4.50032271669114	4.701765631736419	4.896700551047379	5.086596183256264	5.2725064680434235	5.455192697063093	5.635207815791533	5.812955664450147	5.988733065337662	6.1627599132677675	6.335200762356991	6.506180337725496
4.2	1.909360409671493	2.5205000654351424	2.9524661128685166	3.298909301265122	3.595009029524699	3.8583783035908237	4.099211219326944	4.323933726722644	4.53681942745732	4.740810920536659	4.937981566272285	5.129815466756048	5.317387069204174	5.501481193087008	5.6826755864624445	5.861398834797346	6.037971514815152	6.212635692643498	6.385576186643134	6.556935951962631
4.1	1.9150309351448096	2.5308234440682766	2.967164641848582	3.3177631760358937	3.617787548975682	3.8848248834672443	4.129044424546107	4.356854529447966	4.572520586786785	4.778986291806065	4.978334132753039	5.1720635355583156	5.361268517312977	5.546755927713008	5.72912652743393	5.908831771922963	6.086214176021208	6.261536309131506	6.435001780503202	6.606770512502721
4.0	1.920671032704915	2.5410571599878895	2.981693967362021	3.336353754011125	3.6402001497375194	3.9108004839214003	4.158304778790615	4.389108485770519	4.6074722297157695	4.816342931384764	5.017813115054007	5.213397433365406	5.404208636614299	5.591074290546302	5.774616602119623	5.955308252540598	6.133512094877039	6.309509723091172	6.483522221028345	6.655725340023547
3.9	1.9262811633346482	2.55120337825496	2.9960594546742674	3.3546910885222823	3.6622627983375566	3.9363277504343297	4.187021813107545	4.420731665920557	4.641716158974829	4.852927250892681	5.056468249287755	5.2538689151508295	5.446259980480261	5.634488566610812	5.819196948328983	6.000877583644545	6.1799122484053015	6.356600245459737	6.5311789539150045	6.703838926052566
3.8	1.9318617764901829	2.561264178410116	3.0102661924804006	3.372784612041348	3.683990339386183	3.961427581661791	4.215222624139323	4.451757028931375	4.675290468663462	4.888781486200431	5.094344786622338	5.29352510465196	5.487470474913479	5.677046543628638	5.862914433830517	6.0455850973539125	6.225457975335435	6.402848904790361	6.578010500496398	6.7511471853158564
3.7	1.9374133105003453	2.5712415591339592	3.0243190124561843	3.390643188525881	3.7053966028027423	3.9861193121396017	4.242932145539054	4.48221478483199	4.708229987586765	4.923944202975747	5.131484036850416	5.332409050758572	5.527883964936546	5.718792030067882	5.905812133014825	6.0894725783029	6.27018935076673	6.448293769180028	6.624052729372083	6.797683681062533
3.6	1.942936192950897	2.5811374425838287	3.0382225070681934	3.4082751602257666	3.7264944982177055	4.010420871147473	4.270173381714403	4.512132704435789	4.740566656809565	4.958450726335005	5.167923830324301	5.370560201125384	5.567540681140575	5.7597652994038535	5.947929737844081	6.132578634382499	6.314143513403357	6.4929702295483755	6.6693390973533955	6.843479826663083
3.5	1.9484308410541658	2.5909536784386153	3.0519810458283807	3.4256883896500896	3.7472960983823227	4.034348921424237	4.296967610095899	4.541536385696908	4.772329852966956	4.992333508053912	5.203698912732598	5.408014807545343	5.60647764015807	5.800003472987304	5.989303913760403	6.174939019665243	6.357354952403962	6.536911249687861	6.7139008637393225	6.888565066332126
3.4	1.9538976619987125	2.600692047670474	3.065598790155521	3.442890297292143	3.7678127131067503	4.0579189807734375	4.3233345569570965	4.5704494838494965	4.803546666553492	5.025622442072555	5.238841284258177	5.444806274697645	5.644728990110903	5.839540851531811	6.029968609248773	6.216586916774952	6.399855759700969	6.580147587639992	6.7577672813521925	6.932967037457918
3.3	1.9593370532873748	2.610354266071578	3.0790797069880553	3.4598878956261836	3.78805495501129	4.081145529068088	4.349292550893302	4.598893911168143	4.83424214261709	5.058345136910127	5.273380492389251	5.480965461625445	5.682326309971785	5.878409203369159	6.0699553261762835	6.257553184704928	6.441675852675921	6.6227079922533045	6.800965767263461	6.976711716692906
3.2	1.964749403060171	2.619941987547838	3.092427581272567	3.4766878198157234	3.808032798170817	4.1040421027414435	4.374858657331924	4.626890011105037	4.8644394898781025	5.090527151962272	5.30734388588004	5.516520943528296	5.719298870112495	5.916638016137952	6.1092933567821275	6.2978665770736555	6.482843171291837	6.664619378181892	6.843522055729177	7.019823551678864
3.1	1.9701350904048307	2.6294568072063047	3.105646027443484	3.493296355515185	3.827755630570959	4.126621378508021	4.400048796861953	4.654456710712809	4.894160263189533	5.122192203358494	5.340756835973852	5.551499240054848	5.755673859999012	5.954254717396897	6.1480099921790545	6.337553934980001	6.523383853134173	6.705906982103381	6.885460335498386	7.0623255800435745
3.0	1.9754944856536922	2.638900264246515	3.118738499984991	3.5097194640941556	3.847232301153692	4.148895247775754	4.424877849698877	4.681611654566943	4.923424523373174	5.153362344033589	5.373642929892342	5.585925015182532	5.7914765879423555	5.9912848687057	6.186130706425109	6.376640357955588	6.563322389280254	6.746594502526148	6.926803373362542	7.104239537092217
2.9	1.980827950668761	2.648273844672409	3.1317083031731037	3.5259628055694727	3.8664711621207704	4.170874882986502	4.4493597482209495	4.708371322860145	4.952250977766074	5.184058121849363	5.406024140717059	5.619821252875944	5.8267306569737665	6.027752336958861	6.223679319550516	6.415149355953794	6.602681763478533	6.786704225214259	6.967572625560608	7.145585953447743
2.8	1.9861358391161439	2.6575789838389685	3.144558600065508	3.542031759498016	3.8854801070684752	4.192570796928116	4.4735075591963405	4.734751135896639	4.980657104246489	5.214298718946492	5.437920977088733	5.6532094120136644	5.861458120229496	6.063679446132291	6.260678142395083	6.453102984867584	6.641483576746184	6.826257135973651	7.007788338441314	7.18638424372684
2.7	1.9914184967374808	2.666817068846643	3.157292420814091	3.5579314440443306	3.9042666054413098	4.213992895909153	4.497333557077315	4.760765546849351	5.008659261049279	5.244102074978215	5.469352615571815	5.686109563487971	5.895679618684294	6.099087112102286	6.297148105663003	6.490521967691446	6.679748159195925	6.8652730223020715	7.047469639598442	7.226652787217926
2.6	1.9966762615941638	2.675989440941796	3.16991267036553	3.573666733419308	3.922837733736207	4.235150527553285	4.520849289513769	4.786428124357513	5.036272784313279	5.273484996441512	5.500337018075617	5.718540511920989	5.929414503615696	6.133994962783292	6.333108875236386	6.527425803129757	6.717494670637448	6.9037705652018	7.086634620541595	7.266409001399815
2.5	2.001909464324932	2.685097397046046	3.1824221355948463	3.5892422738535945	3.9412002038177403	4.25605252386886	4.544065636076283	4.811751626284663	5.06351207499153	5.302463253982058	5.530891036337545	5.750519904045772	5.962680945810887	6.168421445481335	6.368578955488741	6.563832863198827	6.754741191296108	6.941767422281646	7.125300411826434	7.305669409051453
2.4	2.0071184283819674	2.6941421926474205	3.1948234919336507	3.604662498256831	3.9593603886749325	4.276707240147631	4.566992861030651	4.836748065775167	5.090390676511287	5.331051669241948	5.561030505172696	5.782064325502522	5.995496033232795	6.202383923086583	6.403575782079713	6.599760481143551	6.791504803792374	6.979280303124247	7.163483251459444	7.344449699604191
2.3	2.012303470264319	2.7031250430962563	3.207119309533546	3.619931639695148	3.9773243458904455	4.297122590184751	4.589640660884217	4.861428770565275	5.1169213443592785	5.359264192597797	5.590770325926443	5.8131893875198415	6.027875858591574	6.235898760485272	6.43811580551236	6.635225030819034	6.827801667391855	7.0163250377788975	7.201198547289026	7.382764785322271
2.2	2.0174648997418476	2.7120471255428384	3.219312058998665	3.6350537437995474	3.99509783907209	4.31730607823542	4.612018207328201	4.8858044363783195	5.14311610859593	5.387113972932617	5.620124541364748	5.8439098047450315	6.059835598072511	6.268981402381703	6.472214566546313	6.670241998518166	6.863647085386431	7.052916639117554	7.238460934006802	7.420628852823924
2.1	2.02260302009292	2.720909580630257	3.2314041167455794	3.650032680214563	4.012686357459403	4.337264828067796	4.634134186107241	4.909885175110077	5.168986330164598	5.414613420414785	5.649106403051307	5.874239465288786	6.091389582288192	6.301646443547087	6.505886764418161	6.7048260481110145	6.899055566371547	7.089069359718117	7.275284325319944	7.458055410405395
2.0	2.027718128311849	2.729713514106225	3.2433977699955134	3.6648721531772828	4.030095133901225	4.357005609446845	4.655996832296189	4.933680558417756	5.194542751731809	5.441774263132288	5.677728432116837	5.904191494030572	6.122551360376564	6.333907692386429	6.539146318689721	6.7389910802402415	6.934040880079302	7.124796743844135	7.3116819617796045	7.495057331576657
1.9	2.032810515350396	2.738459998355586	3.2552952214595385	3.6795757113106036	4.047329161365409	4.376534862312911	4.677613962368451	4.957199657247534	5.219795543705188	5.468607598303047	5.706002474206713	5.933778309693932	6.153333758043121	6.365778228580906	6.5720064254478	6.772750286224416	6.968616108351715	7.1601116750397615	7.34766645470426	7.531646895170208
1.8	2.0378804663326977	2.7471500738705275	3.2670985937349526	3.6941467567157407	4.0643932081393235	4.395858718915447	4.698993003436168	4.980451077758112	5.244754345983566	5.4951239387006225	5.733939749277249	5.963011676805305	6.183748930242792	6.397270455486843	6.604479608477166	6.8061161972533215	7.002793691773715	7.195026419782018	7.383249826590563	7.56783582236322
1.7	2.042928260816649	2.7557847506655686	3.2788099334357477	3.7085885534246303	4.081291831852518	4.414983024117961	4.720141019960766	5.003442994053781	5.2694283059334985	5.521333254839789	5.761550896842737	5.991902752738046	6.213808409111498	6.428396147873864	6.636577765962678	6.839100729375622	7.036585472420789	7.229552667605474	7.418443548360099	7.603635310904831
1.6	2.0479541730389395	2.7643650096573493	3.290431215117302	3.7229042352924213	4.098029392457138	4.43391335407388	4.741064738222617	5.026183178086693	5.293826113015606	5.547245013409523	5.78884601719347	6.020462130781464	6.243523147680604	6.459166495519485	6.6683122132187	6.8717152247407025	7.07000273313446	7.2637015680647155	7.453258573766656	7.639056066832937
1.5	2.052958472221317	2.7728918040130686	3.3019643449980562	3.737096813393717	4.114610064280687	4.452655033467054	4.76177056881025	5.048679027053131	5.317956030459703	5.5728682123969175	5.8158347090427815	6.048699879324157	6.272903559867909	6.489592143138226	6.699693721883602	6.903970489503152	7.103056233706294	7.297483764869906	7.487705371265295	7.67410833393377
1.4	2.0579414229197903	2.7813660605314734	3.313411164546275	3.751169183014691	4.131037847274719	4.471213151489625	4.782264627363013	5.070937588592605	5.341825924336399	5.598211413286517	5.842526104039984	6.076625577867148	6.301959557165904	6.5196832270765634	6.73073255599491	6.935876828788212	7.135756244327499	7.330909427522697	7.521793953624899	7.7088019212117915
1.3	2.062903285457356	2.789788681047017	3.3247734539975506	3.765124130294703	4.147316577599977	4.489592576741635	4.802552753818232	5.0929655840801855	5.365443290369135	5.623282770732837	5.868928898565067	6.104248350185944	6.330700582481108	6.549449409171187	6.761438505346669	6.967444079077804	7.168112576645198	7.363988280777054	7.5555339055976365	7.74314622862818
1.2	2.0678443165284075	2.7981605440046917	3.3360529358751507	3.7789643386965683	4.16344993769891	4.507797971270398	4.822640530412627	5.114769430321103	5.388815278847881	5.648090060074332	5.895051383180493	6.1315768950703	6.3591356415166285	6.578899908222992	6.791820916533955	6.998681638428302	7.200134612823558	7.396729632276351	7.588934409953249	7.777150271426191
1.1	2.072764770029868	2.8064825062440626	3.34725127867122	3.792692395432587	4.179441466086897	4.525833804012051	4.8425332987668055	5.136355260018486	5.41194871803699	5.672640703145692	5.920901470246877	6.158619515137841	6.387273332214098	6.608043529545964	6.821888722177357	7.02959849497345	7.23183133303335	7.429142398804476	7.622004272316574	7.810822703434622
1.0	2.0776648983067063	2.814755405289096	3.3583701009761056	3.806310798184192	4.195294567206798	4.543704364040269	4.862236176498863	5.157728941506291	5.434850136631405	5.696941792956223	5.946486720288379	6.185384144326927	6.415121872880858	6.63688869324934	6.8516504689471285	7.060203254375706	7.263211342026631	7.461235131767556	7.654751945401822	7.844171839940764
0.9	2.082544954342106	2.8229800625854367	3.369410976524031	3.8198219626691325	4.211012521988745	4.561413774288228	4.881754074098682	5.178896098548886	5.457525786108287	5.72100011812991	5.971814368020132	6.211878375050279	6.442689129967315	6.665443462241445	6.88111434542163	7.0905041671949425	7.2942828957858294	7.493016042927624	7.687185553671209	7.87720568118436
0.8	2.0874051953575354	2.8311572885565	3.380375441228555	3.833228232189515	4.226598500284119	4.578966007102971	4.901091713509203	5.199862131710269	5.479981664532708	5.744822188746198	5.996891349782352	6.238109486744427	6.46998264732882	6.6937155717898165	6.910288211605514	7.120509158113248	7.325053930197135	7.524493032322659	7.719312920378935	7.909931938406156
0.7	2.0922458898623706	2.839287891636042	3.3912650044834893	3.8465318916857716	4.242055577988058	4.596364904461693	4.92025365137394	5.220632244426382	5.502223545139565	5.768414267005391	6.021724335871626	6.264084479448856	6.4970096806612245	6.721712464469147	6.93917963407279	7.150225860961935	7.355532095773102	7.55567372251792	7.751141601192708	7.94235806675264
0.6	2.0970673323155498	2.847372696228832	3.4020811704074223	3.8597351923949876	4.257386765238146	4.613614209744022	4.939244314279937	5.2412114814220985	5.524257017550832	5.791782410906728	6.046319776234296	6.289810121145728	6.5237772460856345	6.749441339643852	6.967795936049765	7.179661669193511	7.385724808235674	7.586565509141113	7.782678934568579	7.974491315388045
0.5	2.1018698771007864	2.8554125837291755	3.412825484606747	3.8728404040471696	4.272595063850954	4.63071763023123	4.958068065940297	5.26160480027916	5.5460875633222555	5.814932553281248	6.070683982632529	6.315293032615727	6.5502922073237215	6.776909242600022	6.996144288197334	7.208823827985479	7.415639341814344	7.617175655144862	7.813932136804784	8.00633882322117
0.4	2.106654030205529	2.8634086022081644	3.4234996572996534	3.8858499495546868	4.287683612536176	4.647678991979917	4.976729371102556	5.2818172436138	5.567720735819698	5.837870688813637	6.094823322135318	6.340539886845219	6.576561480540894	6.804123274433537	7.02423192314908	7.2377196531553825	7.445283052134208	7.647511517500695	7.8449085323595105	8.037907852676783
0.3	2.1114207552187483	2.871362330414244	3.4341059693765037	3.898766845933897	4.302656158273042	4.664502738721119	4.995233319655689	5.301854486648391	5.589162729599966	5.860603463790034	6.118744826162455	6.365558036334374	6.602592679012359	6.8310912531579575	7.0520668123515	7.266357223091971	7.474664082779116	7.677581267792183	7.875616288073433	8.069206537181769
0.2	2.116172902498746	2.8792775777091375	3.44464916547833	3.9115967545756978	4.3175192428700715	4.68119624018476	5.013588046227845	5.321725359943167	5.610422999761999	5.883140886821204	6.142458987871409	6.3903583933718675	6.628397072755798	6.857824749935603	7.079660776310697	7.294748560666925	7.503794616791701	7.707397211663812	7.906067798808846	8.100247331605775
0.1	2.120928525303206	2.8871762187579755	3.4551540790797195	3.924367061578971	4.332302538334492	4.697791248840598	5.031827211048705	5.341465279349359	5.631538581903595	5.905521490337327	6.16600572516648	6.414982160209721	6.654017056945458	6.884269876512242	7.106958580677202	7.322837085615215	7.532616727649194	7.7369000765523595	7.936202446233325	8.130968273565006
