R(r₀)|α↓|ω→	0.1 ω₀	0.2 ω₀	0.3 ω₀	0.4 ω₀	0.5 ω₀	0.6 ω₀	0.7 ω₀	0.8 ω₀	0.9 ω₀	1.0 ω₀	1.1 ω₀	1.2 ω₀	1.3 ω₀	1.4 ω₀	1.5 ω₀	1.6 ω₀	1.7 ω₀	1.8 ω₀	1.9 ω₀	2.0 ω₀
0.1	182.89437481176347	99.94326359947613	71.91854047532026	57.72593220993043	49.1118116700227	43.31092915894984	39.13151011762717	35.974147706016744	33.5038282633487	31.518323765448493	29.888166407476234	28.52652898121012	27.372947137032558	26.38398308124775	25.527602654689566	24.779647684474885	24.121544736796494	23.53877184394391	23.019805483003793	22.55538071464352
0.2	91.08182406164883	49.750885110589884	35.79363155614396	28.727962761585115	24.440997242687356	21.555015033949367	19.476343400435166	17.90644142886508	16.678477993095413	15.691761891924475	14.881839018155457	14.205489246386652	13.632619027373696	13.141611738526693	12.716527632092768	12.345347330079226	12.018831054887654	11.729755307852807	11.472388678197632	11.242123572769938
0.3	60.47289377437698	33.017732407308515	23.750272477524973	19.06060443501324	16.216258782063257	14.302081083010318	12.923790569701506	11.883147867274042	11.069390212167457	10.415676753815902	9.879227793356783	9.431361126637546	9.05210842475376	8.727128003525678	8.44584585257447	8.200289591260004	7.984331245784853	7.793180614748835	7.623037381125132	7.4708467240996965
0.4	45.164861549426725	24.649127248002785	17.727120907096488	14.225759378253548	12.102924751883275	10.674794703826821	9.646806243973856	8.870882088997853	8.264300222848215	7.777149093141191	7.377488953633256	7.043908480463537	6.761503346500676	6.5195703766302335	6.310219225884178	6.127501635679964	5.966846030684389	5.8246792597406785	5.69816688182434	5.585030735170278
0.5	35.977077634769884	19.626279073397658	14.112008245825244	11.323885643472536	9.634125304674443	8.497745163022314	7.680031000637946	7.063012199786341	6.580796655298544	6.1936338272763365	5.876090232819361	5.611118678990091	5.386854403046212	5.194778205598742	5.028610608441222	4.883618349011388	4.756164107804919	4.643405301091647	4.543087290099997	4.453398137552538
0.6	29.84930147249343	16.276245181586678	11.70086966783507	9.388462630181227	7.987565121425218	7.045791038309191	6.368341149855416	5.857324165847978	5.458072694182343	5.137613205703047	4.8748517324046725	4.655651906303595	4.470176361271802	4.311362645801761	4.174005779391934	4.054182956521891	3.9488800615731803	3.855741852637347	3.77290046918959	3.698854992479586
0.7	25.46998970919997	13.882043938142091	9.977673127007153	8.00526399540452	6.810829361022939	6.008155345233196	5.430967660115034	4.995724796037784	4.65578131563909	4.383007120810087	4.159409708810925	3.9729331420141656	3.8151891181737705	3.6801564121040493	3.5633980733945205	3.461570611429702	3.372105389011933	3.2929955350754123	3.222649680383492	3.1597892456812335
0.8	22.18336139940573	12.085179589949782	8.684399207967697	6.967174019323392	5.92770860665464	5.229447990636708	4.727524712553036	4.349166423056344	4.053748119420272	3.8167747778353514	3.622581668860355	3.460674352258876	3.323752178881204	3.206575484833334	3.1052838355389336	3.0169686136504126	2.939395599830275	2.870819451518582	2.8098563733599016	2.7553947110944095
0.9	19.62508515924272	10.68648322974352	7.677700637537955	6.159126055552504	5.2403069034945835	4.623339686394861	4.180019010399568	3.845954943336878	3.5852087689466545	3.3761150939596525	3.204821254616322	3.0620484150568856	2.9413426849105986	2.8380728867811564	2.7488274531947847	2.6710363673953132	2.6027258050071658	2.542354071295027	2.488699011505824	2.4407789630261956
1.0	17.57655362915964	9.566448977481407	6.871565950657493	5.512077806411629	4.689884889752534	4.138031444982346	3.7416534429563444	3.4430729807281537	3.2101039208312767	3.0233468159308883	2.870400158860016	2.7429586548479263	2.63524659217902	2.5431201626104936	2.4635273389314736	2.3941693357062004	2.3332809248408295	2.279483557031763	2.2316845763777673	2.1890064681010126
1.1	15.89864437463269	8.649023041858015	6.211257445842167	4.982090938822073	4.239061177750416	3.740558862178226	3.382646905640186	3.113144938313036	2.902940537388549	2.7344903752861254	2.5965817086613736	2.4817067999546385	2.3846455585664645	2.30165349530796	2.2299731857075145	2.16752810154789	2.112723956680307	2.0643159050815205	2.0213174254472484	1.9829363648718457
1.2	14.498600157734616	7.883498160041662	5.660280103150247	4.539870849507999	3.8629130126532383	3.408944234203723	3.0831441912809354	2.8379195096332093	2.6467225312170437	2.4935588065510634	2.368207649458735	2.2638269549000496	2.1756603822591942	2.1002967597159197	2.0352245903394817	1.9785528946598827	1.9288301054295853	1.8849230126281586	1.845933718064291	1.811141350862894
1.3	13.312195058877927	7.234764359431164	5.1933647889549635	4.165134189485404	3.544184289325555	3.1279707523031828	2.8293982225621828	2.604760249052691	2.4296826411804386	2.289483618961365	2.1747833308538467	2.079303888807894	1.998682080477979	1.9297893178207806	1.8703226177291994	1.8185483349077658	1.7731359291454378	1.7330468662763792	1.6974584128128398	1.6657101590814725
1.4	12.293543495793282	6.677737866734586	4.792458595661198	3.843390262692936	3.2705472446427373	2.8867677337435205	2.6115884536436815	2.404640170940214	2.2434149237796177	2.1143581449470066	2.008812093475245	1.9209834821970484	1.8468467888418472	1.78351618541954	1.72886783600447	1.6813032844366553	1.6395959927417525	1.6027887919427883	1.5701235511189078	1.5409918298096454
1.5	11.408985416883235	6.194018343866392	4.444318975265562	3.5640098165310103	3.0329594382248253	2.6773617354243004	2.4225118930321443	2.2309384960490255	2.08175423846604	1.9623835423450935	1.8647958961386228	1.783618991496348	1.7151206984371847	1.6566261303062109	1.6061671363181627	1.5622627580555115	1.5237768595727488	1.4898230043401526	1.4596992270953912	1.432842273448021
1.6	10.633264295901016	5.769799534757665	4.13900999271686	3.319017980893117	2.824636826484144	2.49377097208714	2.2567649729489307	2.0786886037249896	1.9400759157503604	1.8292100385116976	1.7386107026731228	1.6632749607465145	1.5997281389659885	1.5454804819025476	1.4987004940461535	1.4580103664457895	1.422353335667763	1.3909050750907825	1.363012943510568	1.3381533721948642
1.7	9.947053775629277	5.394517184599435	3.8689292206047106	3.1023131654007288	2.6403892367398782	2.3314193201994065	2.110214148376043	1.9440913969256737	1.814842590092179	1.7115106686503347	1.6271023149666537	1.556941513611092	1.4977815123069216	1.4472964769243861	1.4037759307729034	1.3659334257489453	1.3327825096821861	1.3035538824426016	1.2776386067183008	1.2545482811087483
1.8	9.335308414545468	5.059947479829352	3.6281588933931257	2.909146250456701	2.4761772986713035	2.1867456178940015	1.9796429377932427	1.8241908611506734	1.7033020760870234	1.6066970927442832	1.5278169223895723	1.4622772106680562	1.4070345788368446	1.359909488037819	1.3192994878067228	1.2839996965943723	1.2530864458050788	1.2258395775565682	1.2016891898865183	1.180178295509592
1.9	8.786134830143387	4.7595899844386045	3.4120218308725248	2.735764157272381	2.3288092321923397	2.0569363022087837	1.862510395746095	1.7166520583229448	1.6032806382666103	1.5127251449635708	1.4388167343783518	1.3774331052958046	1.3257136504495688	1.281610336339927	1.2436178384768133	1.2106046259095136	1.181703499595988	1.1562385086558282	1.1336748709791318	1.113583865582079
2.0	8.290000986541283	4.4882354445338395	3.216770428722803	2.5791602430089804	2.1957285280516787	1.9397382063858852	1.7567820100822165	1.619605699472322	1.51303826423017	1.4279587075846998	1.3585509160826643	1.3009295780481622	1.2523994225819082	1.2110314081406195	1.1754081155537768	1.1444644155122459	1.1173842387352406	1.0935316678140234	1.072403729363545	1.053597306700793
2.1	7.8391707652412785	4.241656768855788	3.039364318785301	2.4368958860246335	2.074862206276803	1.8333247859531334	1.6608088750167167	1.5315370986177341	1.431165270369983	1.3510724660720195	1.2857633915922613	1.231568356018012	1.1859425651983828	1.1470653077461095	1.1135992153287846	1.0845396418677788	1.0591171003961728	1.0367321528682505	1.0169108148770005	0.9992733069456382
2.2	7.427291946205336	4.016383902488291	2.8773084322572298	2.306970575917363	1.9645103559388795	1.7361987595655	1.5732397706383099	1.451205380937084	1.3565070854047026	1.2809811718887296	1.2194257828566835	1.1683685212136634	1.1254023308305994	1.0888056936677613	1.0573145629622032	1.029979706166256	1.0060743236065695	0.985032412409981	0.96640656179648	0.9498383872942195
2.3	7.049090653153347	3.809536941455251	2.728533012048071	2.1877257022097454	1.8632643646330127	1.6471200643340331	1.4929561228593364	1.3775837305700998	1.2881086316785484	1.2167873429432619	1.158687832817114	1.1105192060973743	1.070001174024739	1.0355035465564026	1.0058298073250735	0.9800817750482173	0.9575719859806369	0.9377652529665844	0.9202386601882706	0.9046535463391739
2.4	6.700140862624204	3.6187003401201014	2.5913032455426492	2.077772155329881	1.769945433975999	1.5650517199619143	1.4190231566040832	1.3098145331109485	1.225172583167404	1.1577420210461078	1.1028402114702625	1.0573441082428217	1.0190907117048058	0.9865343677111207	0.9585410908168271	0.9342599855410864	0.9130400310900394	0.8943745944611696	0.8778634596326105	0.8631862441058171
2.5	6.376687474486791	3.4418264837313446	2.4641500970160277	1.9759349954724172	1.6835576538966275	1.489118558456028	1.3506526907287664	1.2471752318736613	1.1670276085813842	1.1032149268678582	1.0512862356469923	1.0082745136806839	0.9721258484528692	0.9413732473640486	0.9149409330982087	0.8920220402469633	0.8719994891559699	0.8543932445097081	0.838824236336372	0.8249891100943884
2.6	6.075507833584308	3.277160408268238	2.345816455977233	1.8812104892287753	1.6032516529973229	1.4185753179065157	1.2871744180356295	1.1890520003913314	1.1131039037428125	1.0526714780530706	1.0035201003302243	0.9628285369119993	0.9286448678712926	0.8995756837176931	0.8745996787876748	0.8529512031408394	0.8340449544818218	0.817425801963472	0.8027344758912253	0.7896835652623029
2.7	5.793800724638465	3.1231797351057122	2.2352143807375717	1.7927321614839828	1.5282959971184082	1.3527816223773255	1.2280134414794979	1.134919188120967	1.0629141140994225	1.005654886023112	0.9591099306031288	0.9205949644805534	0.8882539426318458	0.8607626615673701	0.8371510665869929	0.8166922958933137	0.7988309568787023	0.7831353600111945	0.7692648714365014	0.7569470840599629
2.8	5.529094451247264	2.9785453493480105	2.1313902994857554	1.7097434006470291	1.4580542794879194	1.2911820582164715	1.1726724641000978	1.0843230746888897	1.0160382881579701	0.9617720555562734	0.9176844458538669	0.8812205496531867	0.8506149578664461	0.8246089253995349	0.8022808894919513	0.7829406946996272	0.7660612537323175	0.7512330590985975	0.7381331085089693	0.7265031866211409
2.9	5.279167020187417	2.8420592060549166	2.033495702453378	1.6315747309346036	1.3919663583790938	1.2332900222748413	1.1207174577201096	1.0368688648049842	0.972111874072061	0.9206823615866407	0.8789223605123129	0.844399923421235	0.8154358474227748	0.7908336757076264	0.7697180000313659	0.7514336035208502	0.735480337920306	0.7214698019611647	0.7090957640911661	0.698113502238516
3.0	5.041971756226874	2.712625976223236	1.9407611980833264	1.557624204018223	1.3295325258017923	1.1786743284613048	1.0717659279927314	0.9922101307700685	0.9308160303900261	0.8820886224307247	0.8425438782925725	0.8098675093734017	0.7824628559341545	0.7591931229911117	0.7392271135047337	0.7219430728103683	0.706866644796574	0.6936296265031195	0.6819418267369132	0.6715714209805979
3.1	4.815560574150407	2.5892149701113394	1.8524718110038938	1.4873394907795086	1.270299571328069	1.1269477563287424	1.0254770907796527	0.9500401002243111	0.8918697039041672	0.8457297617370844	0.8083038018761531	0.7773909877610595	0.7514742911490301	0.7294744799419958	0.7106030034697018	0.6942703699122746	0.680027074902934	0.6675243624494911	0.6564874719540376	0.6466969750198907
3.2	4.597993650041215	2.4708175739925897	1.7679409540323683	1.420200142819529	1.2138477450573093	1.0777568286825097	0.9815434007764391	0.9100843175209875	0.855023055928093	0.8113747750624699	0.7759858983350106	0.7467659674783516	0.722275439912876	0.7014910773497782	0.6836657853244502	0.668241405902765	0.6547925450037486	0.6429892912901459	0.632571818531491	0.6233326808859438
3.3	4.387215726358183	2.3563924275414334	1.6864792730368128	1.3556980225351454	1.1597774901007278	1.0307721146933058	0.9396829392900231	0.8720942926139678	0.8200519083486962	0.77881770584898	0.7453982464710188	0.717811607198964	0.6946944005275848	0.6750783657279418	0.658257057783135	0.6437029953895291	0.6310143498405608	0.6198795971202617	0.6100534580602437	0.6013401390590669
3.4	4.1808589693543565	2.2447834101445556	1.6073516727634607	1.293312757998112	1.1076944068184622	0.9856782453530528	0.899632174170281	0.8358417994471549	0.786752942219738	0.7478733996250544	0.7163693552102169	0.6903669877076505	0.668578642707011	0.6500906210249998	0.6342367265109422	0.6205197785955194	0.6085611683651239	0.5980674460667125	0.5888075988531014	0.5805972352711302
3.5	0.5759911073493205	2.134577409292491	1.529708938028859	1.2324764756543956	1.057189980346794	0.9421625293947018	0.861138536614524	0.8011134982482131	0.754939420448452	0.7183738512279172	0.6887448888773179	0.6642880828820568	0.6437921500574968	0.6263982148402156	0.6114803747718344	0.5985716743624335	0.5873165864089098	0.5774395692229657	0.5687237018512886	0.560995823508325
3.6	0.5042752425328475	2.023817397838604	1.4524624160137227	1.1725158641708393	1.0078135376452504	0.8999004059606125	0.8239520783343319	0.7677055277298038	0.7244372253618591	0.6901649924607113	0.6623848703462862	0.6394452113311376	0.6202130332038384	0.6038853413825181	0.5898770765519861	0.5777517622906604	0.5671770364548385	0.5578952519715678	0.5497035134094761	0.5424397974413692
3.7	0.45909756846934585	0.543915543564445	1.3740163447040348	1.1125433265620883	0.959026076333156	0.8585345775749142	0.7878150926137528	0.7354176291920024	0.695081002377526	0.6631037903893603	0.637161260368136	0.6157208777376727	0.5977315274443334	0.5824481178890617	0.5693275710176569	0.5579645147480058	0.5480500769718455	0.539344653767288	0.5316594205331824	0.5248434772467023
3.8	0.42599460667569117	0.47401102414562135	1.2915718141613683	1.0512192258128563	0.910114200898524	0.8176415569575621	0.7524478156220585	0.7040461942741518	0.6667101815598367	0.6370555427070272	0.6129558340225955	0.5930079351855264	0.5762483094931381	0.5619929944786773	0.5497427353351467	0.5391243168284577	0.5298529504916157	0.5217073986714151	0.5145130699468704	0.5081302542368035
3.9	0.3999334534976498	0.43288684503065433	0.5171975319948613	0.9861169565760435	0.8600056601147853	0.7766718293930341	0.7175267403291546	0.6733753134547266	0.6391646079324019	0.6118912706094304	0.5896582967360238	0.571208019663853	0.5556730853556663	0.5424354250621674	0.5310423072796051	0.5211542258985117	0.5125113725708106	0.5049113894518912	0.49819420455088764	0.49223144761481935
4.0	0.3785166424984051	0.4031219746756322	0.44702384115463917	0.9113550694031911	0.806794186518487	0.7348293739103545	0.6826486378550762	0.643164338607878	0.6122794517950092	0.5874851297383022	0.5671646075945961	0.5502302282669729	0.5359234174040218	0.5236987642498966	0.5131538207839039	0.5039849331380674	0.4959585139490701	0.48889180782284286	0.4826396802861385	0.47708533689646637
4.1	0.3604019226016842	0.3797213403108556	0.409421270914884	0.4872299284814338	0.7461001164628838	0.6907912294700957	0.6472654258187904	0.6131294928463118	0.585879016141191	0.5637118047382516	0.5453755150998322	0.5299900369422675	0.5169237750400815	0.5057133672798835	0.49601172746904876	0.4875538982090356	0.48013414628401574	0.47359027106814083	0.4677926338282452	0.46263634074859694
4.2	0.34475791307681053	0.36045365113465716	0.3825544065314946	0.4216313687203928	0.6601731161250095	0.6419091535754581	0.6105553817583026	0.5829155192548845	0.5597691135317595	0.5404439677005881	0.5241953754991248	0.5104084872828956	0.49860481199181045	0.4884158818301422	0.4795566859129832	0.471804635415965	0.464983928328783	0.4589541213696935	0.4536017773617942	0.4488343186544668
4.3	0.331032407102382	0.3441065186060277	0.361462671689045	0.3878337970449205	0.44800443841584786	0.5811184531993921	0.5711471225352147	0.5520519412709138	0.5337282302444388	0.5175501737241877	0.5035314457664611	0.4914117230177664	0.4809028967706049	0.4717487331043267	0.46373500845695137	0.4566861358498463	0.4504588146786629	0.44493582899921374	0.44002080129317667	0.4356339762813916
4.4	0.31883928123142874	0.3299406185053025	0.3440645230866008	0.36372695852169673	0.3967973657731344	0.4860028615192918	0.5265398447890004	0.519894042304028	0.507500049049466	0.4948942975822214	0.48329407730072216	0.47293103793645075	0.463759954070416	0.45565981758227614	0.4484982630411468	0.44215241527028737	0.43651457349115375	0.43149249438132553	0.42700786940352076	0.422994358954685
4.5	0.3078976646956327	0.3174689977801746	0.32926062769875986	0.34475127542564965	0.36753913136847	0.4096439395180733	0.473077404679707	0.4856059649740951	0.48079841905048987	0.47233937710832014	0.4633986787055855	0.45490372482181834	0.4471237167332344	0.4401024366770495	0.43380303494655975	0.4281621819504392	0.42311140300219224	0.4185854370561969	0.4145251938002673	0.41087842042062483
4.6	0.29799674136991866	0.3063526549215795	0.3163905107892209	0.3290408451684783	0.34623447469510393	0.37273043325201555	0.4171998035492901	0.44857874101968476	0.45336316457068254	0.4497626952172379	0.44377110389101493	0.43727520522154534	0.43094854085341017	0.4250355184643767	0.4196108599328614	0.41467862221680907	0.41021363921760673	0.40617986184065435	0.4025386792145439	0.3992526562454382
4.7	0.2889741874634083	0.296345492464686	0.3050226918288383	0.3156215931767782	0.3292837588296683	0.348348711626106	0.37720664045501046	0.4104831912478682	0.42517089063734453	0.427096399273701	0.42435932535920556	0.4200031624414137	0.41519699288510653	0.41042419019037346	0.40588834471491825	0.4016693034471561	0.39778954870209776	0.3942445940080473	0.3910176277763679	0.38808679283846886
4.8	0.2807023415056515	0.2872628930683352	0.29485810927244605	0.30391174214652295	0.31514537431219825	0.32986301778324867	0.35029027227253956	0.3767404399944852	0.39692231029283664	0.40441493015850943	0.4051553534703638	0.4030645844111765	0.39984244771290584	0.39624076743304343	0.3926074900463418	0.38910619382812794	0.3858112005838292	0.3827518759998951	0.3799344964007238	0.3773535242665397
4.9	0.27307899177452566	0.27896264687352773	0.2856801267926908	0.2935323170843322	0.3029985154139041	0.3148686204870248	0.33037686969056573	0.35038380921004064	0.37036310312778337	0.3820674957078523	0.38622973027673146	0.3864663695003757	0.3848728646708241	0.3824661987907667	0.3797462204970085	0.37696579353628656	0.3742544102007886	0.37167721789064223	0.3692646993173085	0.36702828977647356
5.0	0.2660210416852842	0.2713327964291512	0.277326347011778	0.2842209384757675	0.2923474583368298	0.3022139096174478	0.3145591889347025	0.33004963675254173	0.3472542780600926	0.36074048420026367	0.3677699349232563	0.3702585908784869	0.3702955842974676	0.36909191516967543	0.36728909496043616	0.3652293607903117	0.3630987425042575	0.36099929233687994	0.35898644803385454	0.3570890852835742
5.1	0.2594600348131935	0.2642835753683218	0.2696716521086296	0.27578754142761497	0.28286688191151527	0.29125159899651215	0.30141116601062495	0.3138042378211801	0.3280271588445111	0.3412322378243013	0.3500892079115634	0.35454555122345305	0.35614220691317644	0.3561218370574737	0.35522811263270526	0.3538831956477652	0.35232755561306384	0.3506998618355937	0.3490806200957114	0.34751630203095074
5.2	0.2533389191440619	0.25774188176513496	0.26261746174261197	0.2680895449306499	0.2743303014985226	0.28157830646839593	0.29014609278020165	0.3003469784666579	0.31210277945405573	0.3240273783362955	0.3335592272679533	0.33948414336084853	0.3424713144572177	0.3435739653761529	0.34356343339140977	0.3429189125394886	0.34192805327101433	0.3407637216803936	0.3395306463924643	0.3382925852072765
5.3	0.24760965942938937	0.25164738134308556	0.25608463965926026	0.2610169678557981	0.2665729139497672	0.27292388950065816	0.2802858728265488	0.2888765186725107	0.298716891638591	0.3091351847500275	0.3184760284116205	0.3252582341909398	0.3293655703130256	0.3314805838197797	0.33230370746734883	0.3323335908988171	0.33189129984735677	0.3311786362323534	0.33032240457091355	0.32940270459664794
5.4	0.24223144364458463	0.2459496929306258	0.25000864528108796	0.25448302603546535	0.25947060955362455	0.265097593195743	0.2715178680869823	0.278885998144681	0.2872486512018323	0.2962727156085468	0.304957929577165	0.3120311565349999	0.3169202374304863	0.31988588271312385	0.3214656003608102	0.3221296510783289	0.3222121353624913	0.3219352397895267	0.32144410364025156	0.32083342845823404
5.5	0.237169314254766	0.2406063126961221	0.24433612207817842	0.24841793399310846	0.2529273237160696	0.2579591437065097	0.26362588317285834	0.27003973375554413	0.2772490675660327	0.2850839635071231	0.29294927862559234	0.2998998739917408	0.3052240262210709	0.3088402075587697	0.311072096208835	0.3123142808845892	0.31288891629248095	0.3130268681110816	0.3128861426819406	0.3125733910287628
5.6	0.23239310882718342	0.23558105498257595	0.23902243661770212	0.24276467295779997	0.24686701313381434	0.25140203245982284	0.2564537591833022	0.26210529643190233	0.2683995872096139	0.27524788231132286	0.2822926774140902	0.2888774910297111	0.2943389164203271	0.2983914188671807	0.3011493779095682	0.30289826758177624	0.3039230093712754	0.30444928522546644	0.3046409256250216	0.3046129436582224
5.7	0.22787662961779456	0.23084286209826194	0.23402986488189637	0.23747601470165755	0.2412283486796668	0.24534326745268806	0.2498847223158949	0.2549154080680981	0.26047142629837156	0.2665057929535876	0.27279932225192544	0.27890771844814904	0.2842878079509571	0.28857556324455946	0.2917225515709568	0.2938941987942157	0.29531799030437494	0.29620027593130105	0.2967026155200447	0.29694398008530076
5.8	0.22359698514915338	0.22636488259571957	0.22932623033545585	0.23251237508981293	0.23596108145899894	0.23971678572070132	0.2438289581637244	0.2483456814599515	0.25329667414776774	0.2586571084432883	0.26428930904868353	0.2698938763115791	0.2750543388423217	0.27940993450744367	0.2828110489991841	0.2853141805135456	0.2870785531323787	0.288279090369854	0.2890668168659315	0.2895597282297612
5.9	0.2195340627058015	0.22212374821949407	0.2248838642025223	0.2278402319624716	0.23102348077459364	0.23446905099502857	0.23821576413753456	0.24230104495244983	0.24674918927570205	0.25154741504100514	0.25660710602170317	0.2617250632573856	0.2665921152491874	0.27089069284883727	0.27442486600651855	0.277167423787373	0.2792092131038491	0.28068575382135813	0.28173018405174294	0.2824545045164427
6.0	0.21567010169393014	0.21809900007976332	0.22067880000298618	0.2234309366281322	0.22638048213912054	0.22955601406600998	0.23298838896584678	0.23670712613273256	0.24073208437675567	0.24505714418782315	0.24962393664623847	0.2542927787959458	0.25883720489284096	0.26299507473286526	0.26656259760467127	0.269458172089342	0.27171296410673307	0.2734202976464462	0.2746899674524391	0.275623432231718
6.1	0.21198934557333632	0.21427262844136166	0.21669014138263487	0.2192598060042884	0.2220023193267377	0.22494095496129582	0.22810052144481088	0.23150458452443956	0.23516942800983762	0.23909264891438572	0.24323498582628514	0.24749894495302258	0.25171902038955096	0.2556864609621278	0.2592115789992368	0.26218439398621507	0.2645900976582077	0.2664819267943659	0.26794352405881555	0.2690621323022087
6.2	0.20847775561889426	0.2106287000843932	0.21289955996213786	0.21530541878800488	0.21786349471969912	0.22059291408075482	0.22351383070105446	0.2266452646186937	0.23000063408194163	0.23357960355741497	0.23735526558577769	0.24125848342834866	0.2451678188773885	0.2489201518816696	0.2523497256125057	0.25533745321254614	0.2578373768269363	0.25986841017050843	0.2614878329855818	0.2627664020903246
6.3	0.2051227737915685	0.20715305392260555	0.20929089237418932	0.21154906254061995	0.2139419913081897	0.21648552759481224	0.21919619917025268	0.2220895116651356	0.2251765862033051	0.22845821574817052	0.23191565472767525	0.23549910539301525	0.2391187896797801	0.24264834193974696	0.24594826870671208	0.24890269128217193	0.25144768299966597	0.2535754693685675	0.25531906338446797	0.256731903708471
6.4	0.20191312495280603	0.20383305037315166	0.20584981358314483	0.2079742941383339	0.21021866068101666	0.21259614703773572	0.21512042507882334	0.21780425223976135	0.2206569029058811	0.22367975774155363	0.22685957164694665	0.23015994158929995	0.23351387225366227	0.23682368603863804	0.23997459981613345	0.24286064536493848	0.24541014410988216	0.247596544052263	0.24943223987161342	0.2509538862346292
6.5	0.1988386508501122	0.2006573634549402	0.20256356979546047	0.20456658657671778	0.2066767413947622	0.20890516293521988	0.21126325116306105	0.2137615919791134	0.21640796860833872	0.21920403671680383	0.2221403251045626	0.2251898539779545	0.22830212065984093	0.23140148608091285	0.23439470456742528	0.23718854834172784	0.23971065272474157	0.2419227613872612	0.24382103804840935	0.245426964835949
6.6	0.19589016994962424	0.19761580714922586	0.19942075828644512	0.2013130423874893	0.2033014754443239	0.2053954776758115	0.20760462511293412	0.20993777128718968	0.21240148914837984	0.21499752899431382	0.2177190520175564	0.2205458077984297	0.2234393334280826	0.2263408064756359	0.2291749708700595	0.2318618060982542	0.23433262453493722	0.2365431436693679	0.23847772298707692	0.24014497400999116
6.7	0.19305935844140878	0.19469918945530892	0.196411144551107	0.19820215903141264	0.20007979956750865	0.20205208938435212	0.20412712785440543	0.20631237424788362	0.20861341375849315	0.2110319890435086	0.2135631246821274	0.21619144524157138	0.21888736170027537	0.2216048691526129	0.2242833740909901	0.22685525754558694	0.22925784102415322	0.23144498273888822	0.23339322204039795	0.23510090304829975
6.8	0.19033864870058925	0.1918991890002558	0.19352550940572125	0.1952236352737301	0.19700009436173987	0.198861759600836	0.20081552553874427	0.20286772010953372	0.20502311776680002	0.20728339751831076	0.20964492069986487	0.21209589128499173	0.21461332718001963	0.2171610156988756	0.219690150194116	0.22214413517227202	0.22446725117832023	0.22661430526048779	0.22855730564392623	0.23028691149695527
6.9	0.18772114222660033	0.189208250143711	0.1907555203189976	0.19236821018545291	0.19405197857446913	0.19581274509357752	0.19765641415396845	0.19958838871499315	0.20161277399550567	0.20373115685982995	0.20594086916025733	0.20823277624458691	0.2105888654232282	0.2129804383862896	0.21536809632429774	0.2177047253086724	0.2199416541377571	0.2220363579171392	0.2239588396392545	0.2256944131710357
7.0	0.1852005346589545	0.1866194933477217	0.18809362249239425	0.189627528348182	0.19122613906234268	0.19289457935941495	0.1946379344752574	0.19646084575659803	0.1983668628992136	0.20035746840884652	0.20243070637344895	0.20457944418094579	0.20678944438691027	0.2090378081840104	0.21129262469742882	0.21351477159918947	0.2156622293932298	0.21769605840254813	0.21958607088970628	0.22131421098502094
7.1	0.18277105091981857	0.18412663822193576	0.1855329461503606	0.18699402627671075	0.18851418918512194	0.1900978930515492	0.19174954112508433	0.19347314349553624	0.1952717862076669	0.197146842977026	0.19909689078145976	0.2011163142993043	0.20319377362975932	0.20531087485495617	0.20744166712551954	0.2095536806706937	0.2116109139205775	0.21357837897738466	0.21542691291658925	0.21713666228061068
7.2	0.18042738889094762	0.1817239371537029	0.18306722722243604	0.18446083615245812	0.1859085500668424	0.18741426521955418	0.18898181374387957	0.19061467927733028	0.19231555883021398	0.19408572183277936	0.19592413933229785	0.19782636570863257	0.19978330277241935	0.20178007970010275	0.20379549857643908	0.20580258726520276	0.20777064474681087	0.20966864834493304	0.21146920703672478	0.2131518552022038
7.3	0.17816467031690428	0.17940611782441984	0.1806907391564567	0.1820217037796312	0.1834023504011937	0.1848360991685722	0.18632630130631922	0.18787599883408518	0.18948756067353648	0.19116215754544566	0.1928990571179485	0.19469472065556037	0.19654180060507964	0.1984282004734359	0.2003365245554377	0.202244326581562	0.20412549340827765	0.20595277169028445	0.20770094415151494	0.20934977999867013
7.4	0.1759783978543915	0.17716833322357145	0.17839823403655547	0.17967091830344728	0.1809893414010732	0.1823565181607255	0.1837753927481334	0.18524863469230843	0.186778334854263	0.1883655722149703	0.19000983913827357	0.19170830606668024	0.19345500390569237	0.19524003586936767	0.19704905985689272	0.19886335010457562	0.20066071946002423	0.20241737736427237	0.20411044087700597	0.20572048367548157
7.5	0.17386441737080938	0.17500611801867322	0.17618489152089836	0.177403251714947	0.17866382421206298	0.17996927723741857	0.1813222087126058	0.18272497235021692	0.18417942222096603	0.18568655303311768	0.18724602826850847	0.18885557735338665	0.1905103250546596	0.19220213040310863	0.19391911450874874	0.19564561071993644	0.19736276704557817	0.19904990275948736	0.20068647010072524	0.20225420108427414
7.6	0.17181888474422022	0.17291535033736094	0.17404627438421652	0.17521390654528401	0.1764205876436523	0.17766868823674228	0.17896051035908636	0.18029813863753857	0.1816832234172716	0.18311668602978154	0.18459831736224638	0.18612629182698764	0.1876966085614623	0.1893025372106634	0.19093419516091006	0.19257843449099848	0.1942192239222855	0.1958386328030311	0.1974183501322097	0.19894145957167222
7.7	0.1698382365379094	0.17089221817733286	0.17197828966530115	0.173098470449767	0.1742548544971694	0.1754495556860962	0.1766846220790998	0.17796190795982825	0.17928288966334907	0.18064841861969277	0.18205838627969767	0.18351132178329327	0.1850039279798691	0.18653061487545558	0.18808312549532205	0.18965039020870963	0.191218757648763	0.19277270348817785	0.1942959987111012	0.19577315735647388
7.8	0.1679191640221067	0.16893318978941035	0.16997715459232857	0.17105287661740595	0.17216223509637793	0.17330712171584792	0.17448936562658898	0.17571062305450486	0.17697222017771333	0.17827494515403464	0.17961876676090913	0.18100249944807834	0.18242341605950127	0.1838768539912633	0.18535588648237558	0.1868511634092167	0.18835103954281832	0.18984208097860453	0.19130995877882376	0.1927406178109862
7.9	0.16605859009715115	0.16703498748444223	0.16803936659804103	0.1690733691294401	0.1701386868851084	0.171237018501082	0.17237000367957853	0.17353912762473625	0.1747455864074219	0.17599011099507872	0.17727272966077204	0.17859248763817262	0.17994712222491954	0.1813327292986066	0.18274347578053368	0.18417143856738105	0.1856066637305167	0.1870375246902075	0.1884514026345042	0.18983562292345119
8.0	0.16425364873993006	0.16519456440143993	0.16616167684995103	0.16715647254102048	0.16818047916104653	0.16923522702103538	0.17032219124404055	0.17144270792593488	0.172597862449214	0.1737883316175495	0.17501419026830015	0.1762746712864094	0.17756789254316765	0.17889057360162877	0.18023778480490052	0.18160279122900058	0.18297706611603295	0.18435054074890178	0.1857121203101824	0.1870504296300998
8.1	0.16250166665163135	0.1634090838454963	0.1643410668129094	0.1652989650818736	0.16628416217813521	0.16729804114844113	0.16834193361688585	0.16941704665597712	0.17052436670817928	0.17166452398680088	0.17283762834910543	0.17404306598426963	0.17527926823453313	0.17654347013020533	0.17783149167111229	0.17913759062499496	0.18045444629255636	0.18177333050407243	0.18308449701593763	0.1843777726504988
8.2	0.16080014683151697	0.1616759008631227	0.16257472743708354	0.16349785497059735	0.1644465399813299	0.16542203625782273	0.16642554986521643	0.1674581751592264	0.16852081185458048	0.16961404803399238	0.1707380202516074	0.17189224047926782	0.17307539951553683	0.17428516047650305	0.17551796816077497	0.17676891258117985	0.17803169414492917	0.17929873739308255	0.18056148351072465	0.18181085712863393
8.3	0.15914675384070687	0.1599925457716465	0.1608600406267884	0.16175035941793348	0.16266464644351225	0.16360404168307316	0.16456964096880342	0.16556243983186889	0.16658326169086912	0.16763265648767603	0.16871078095833394	0.16981725067588105	0.17095097216041608	0.1721099656673831	0.1732911989346691	0.1744904621292994	0.1757023220314901	0.17692019438547704	0.17813656235185496	0.17934334391758047
8.4	0.15753930055310472	0.158356709400274	0.15919456269723736	0.1600538859606337	0.16093572406062354	0.1618411164683712	0.16277106132228436	0.16372646901443574	0.1647080938058597	0.16571645166217125	0.1667517143835014	0.16781358316847206	0.16890114465061026	0.1700127183178259	0.17114571136848622	0.17229650502258897	0.17346040286444891	0.17463167344114547	0.17580371220951876	0.17696932984431918
8.5	0.15597573621793362	0.15676622983474492	0.1575760095693151	0.15840601582216485	0.1592572051315707	0.16013052794851287	0.16102689664799788	0.16194714480917405	0.16289196710158735	0.16386184806987686	0.1648569705461378	0.16587710671239184	0.16692149417175764	0.16798870414211325	0.1690765145609374	0.1701818072841721	0.1713005140482555	0.1724276378422554	0.1735573718115181	0.17468332481211923
8.6	0.15445413568239671	0.15521908048632177	0.1560022434883531	0.1568044890418272	0.1576266950073869	0.15846973230411524	0.15933443869999311	0.16022157835225684	0.16113179344356468	0.16206553993485873	0.16302300850607768	0.1640040303382033	0.165007970032339	0.16603361138110156	0.1670790462421625	0.16814158191765277	0.16921768701909448	0.17030299785446398	0.17139240459729593	0.17248022717188158
8.7	0.15297268964275712	0.15371335933035807	0.15447126108303494	0.15524719115158042	0.15604195714199373	0.1568563595737765	0.1576911686146663	0.15854708804104786	0.1594247128170487	0.16032447285177673	0.16124656415442587	0.1621908670514941	0.16315685333210206	0.16414348694055989	0.16514912647886276	0.16617144195308992	0.16720736200894903	0.1682530698962874	0.16930406479084767	0.17035529843319294
8.8	0.15152969580905443	0.15224727918022818	0.15298118260590074	0.15373214121139	0.1545008997165696	0.15528819577986572	0.15609473931455742	0.15692118029955435	0.15776807147777092	0.15863581896735338	0.15952462211277876	0.16043440225042324	0.16136472191383786	0.16231469823307973	0.16328291722572072	0.1642673590671723	0.16526534760157427	0.16627353921229784	0.16728796532810225	0.16830413809150993
8.9	0.1501235508835551	0.15081915888009156	0.15153024221840278	0.15225748104039882	0.15300156330239242	0.15376317141096835	0.15454296040509655	0.1553415325326777	0.15615940267114478	0.15699695516851694	0.15785439112581257	0.1587316661454102	0.15962841979863265	0.16054389988036874	0.16147688690830117	0.16242562709086428	0.16338778463216502	0.16436042592955988	0.16534004787605736	0.166322659114546
9.0	0.14875274326528032	0.1494274153148671	0.1501167792015992	0.1508214655035705	0.15154211144754295	0.1522793489077028	0.15303378469650752	0.153805977975133	0.15459640956344275	0.1554054438477858	0.15623328243684786	0.15707990958815765	0.15794503044011274	0.15882800456905735	0.15972777934084645	0.16064282979334735	0.16157111399191154	0.162510054307463	0.163456555040891	0.16440706445037676
9.1	0.1474158464038287	0.14807055614866807	0.14873922998911035	0.14942245348378938	0.15012081888340256	0.15083491185890016	0.1515652961444801	0.15231249218624934	0.15307695008521605	0.1538590158866734	0.15465889072103284	0.15547658281672497	0.15631185324363958	0.15716415746626683	0.15803258638426645	0.15891581240339941	0.15981204792250164	0.16071902495421764	0.16163400476652348	0.16255382478313843
9.2	0.14611151273493436	0.14674717321398195	0.14739612093211524	0.14805890093261687	0.14873606414565607	0.14942815527767767	0.15013569903331572	0.15085918097945436	0.15159902343386525	0.1523555555552596	0.15312897722003638	0.15391931670435854	0.1547263828867829	0.15554971369501105	0.15638852383684868	0.15724165639613097	0.15810754441703573	0.15898418976814196	0.15986916686049063	0.16075965766097589
9.3	0.14483846813831358	0.14545593648330177	0.14608606171754676	0.14672935214131178	0.14738632128299087	0.14805747683016982	0.14874330825044244	0.14944426960635715	0.15016075802073084	0.1508930870731652	0.15164145477880417	0.15240590616606164	0.15318629105159062	0.15398221844746776	0.15479301012451094	0.15561765713326486	0.15645478437838045	0.15730262936094502	0.1581590415457803	0.15902150804755752
9.4	0.14359550686509082	0.14419558856314124	0.14480773920469026	0.1454324342011053	0.14607015265972362	0.14672136890690096	0.14738654052232414	0.14806609304134657	0.1487604006799848	0.14946976261603317	0.15019437453150886	0.15093429543129572	0.15168941024033794	0.15245938937898	0.1532436474205467	0.15404130399876007	0.15485115122089	0.1556716327282466	0.15650083991243352	0.15733653029670516
9.5	0.1423814868884513	0.14296493965745496	0.14355991261809314	0.14416685077497665	0.14478620241869322	0.1454184114413832	0.14606390649956574	0.14672308723439087	0.14739630698316264	0.14808385158381251	0.1487859140223158	0.14950256493612835	0.1502337193969767	0.15097910097971615	0.15173820487833187	0.15251026271868454	0.15329421263505683	0.15408867894584014	0.1548919661324734	0.1557020715142792
9.6	0.14119532563610396	0.14176286285190826	0.1423414075340572	0.1429313766508547	0.14353319053318003	0.14414726539292994	0.14477400359409368	0.14541378121801002	0.14606693252540728	0.1467337309739568	0.14741436657849752	0.14810891962532943	0.1488173310984987	0.1495393706660585	0.15027460370585197	0.15102235959542887	0.15178170426604115	0.15255142068632782	0.153330001298195	0.15411565624827273
9.7	0.14003599606794598	0.14058829029048445	0.14115111197605043	0.1417248527653738	0.14230990738538193	0.1429066668212821	0.14351550948404426	0.14413678996984847	0.14477082506815261	0.14541787672505985	0.1460781317800401	0.14675167848587192	0.1474384801153558	0.1481383463715919	0.14885090384936409	0.14957556742209316	0.1503115150858096	0.15105766936797596	0.15181268874604323	0.15257497243390536
9.8	0.13890252301936035	0.13944020866775136	0.13998797204227495	0.14054618165045252	0.14111520881660228	0.14169542148969558	0.14228717621290637	0.1428908079453735	0.1435066174387052	0.1441348559152637	0.1447757068921238	0.14542926515913174	0.14609551316928068	0.14677429544931767	0.14746529208613365	0.1481679928738455	0.14888167426456111	0.1496053817649818	0.15033792073392965	0.1510778585128378
9.9	0.13779398006400845	0.13831765606716248	0.13885098804757245	0.13939432326049697	0.13994801160086498	0.14051239994095532	0.1410878248187235	0.14167460320633926	0.14227302110049875	0.14288331971563048	0.14350567914555576	0.14414019950074358	0.14478687974136523	0.14544559472340757	0.1461160713539055	0.14679786519980548	0.1474903393703197	0.14819264792507034	0.14890372634745547	0.14962229164259574
10.0	0.1367094861591809	0.13721971856115334	0.1377392109759656	0.13826829114283526	0.1388072892993285	0.13935653299746412	0.13991634043717027	0.14048701208016254	0.14106882031910722	0.14166199701205626	0.14226671876597421	0.1428830899752985	0.1435111238038262	0.14415072155137315	0.14480165116829402	0.14546352606207436	0.14613578574616526	0.14681768025610592	0.14750826051925459	0.14820637691245578
10.1	0.13564820300282882	0.1361455271721106	0.13665173921448098	0.13716714891824444	0.13769206845782306	0.13822680764237627	0.13877166782915165	0.1393269342934838	0.13989286685872884	0.14046968862072548	0.14105757266597893	0.14165662678844737	0.14226687636631333	0.14288824577659015	0.14352053899936473	0.1441634203884487	0.14481639693274453	0.14547880365799615	0.1461497940548031	0.14682833748437377
10.2	0.1346093323636339	0.1350942550661892	0.1355877155421149	0.13609000704206234	0.1366014251140829	0.1371222632437396	0.13765280728949444	0.1381933285301589	0.1387440751520981	0.1393052620317422	0.13987705872564818	0.14045957567201758	0.14105284874231594	0.14165682246729341	0.14227133249577192	0.14289608812250695	0.14353065601969933	0.14417444658946943	0.14482670456718447	0.14548650558124263
10.3	0.13359211365389367	0.1340651149590405	0.13454632435056776	0.13503601981962904	0.13553448158501077	0.1360419880880039	0.13655881089840546	0.13708520836994972	0.1376214178938463	0.13816764662390008	0.13872406059654044	0.13929077224882436	0.13986782645374762	0.14045518535194332	0.14105271245944587	0.14166015676957042	0.1422771378236595	0.1429031329713947	0.1435374682321371	0.14417931424929076
10.4	0.13259582167999046	0.13305735671476493	0.13352678907579954	0.13400438265256437	0.13449040350755648	0.13498511619302034	0.13548877908181475	0.1360016385693522	0.1365239220134069	0.1370558293006207	0.13759752297251893	0.13814911691331805	0.13871066370245008	0.13928214087259166	0.13986343648634628	0.1404543346498201	0.14105450180274512	0.14166347483912087	0.14228065228307013	0.14290528982641149
10.5	0.13161976455523447	0.13207026512118766	0.13252836982170646	0.1329943294949742	0.13346839710966807	0.13395082437398337	0.1344418574505725	0.1349417316505251	0.1354506649888033	0.13596885050320914	0.13649644727778507	0.13703357017225704	0.13758027834645012	0.13813656278791625	0.13870233319954778	0.13927740478088282	0.13986148562826445	0.14045416566603688	0.1410549081735458	0.1416630450533061
10.6	0.13066328176143982	0.131103157826336	0.13155036115899216	0.13200513050071794	0.13246770669026559	0.13293832953866544	0.1334172338918208	0.13390464476814742	0.13440077146720716	0.1349058005628291	0.13541988772857871	0.1359431483965745	0.13647564732662823	0.13701738726621965	0.13756829701014786	0.13812821932177238	0.13869689934368878	0.13927397428917104	0.13985896534191095	0.1404512726790643
10.7	0.1297257423467222	0.1301553834223891	0.1305920900841665	0.1310360898449391	0.13148761228940653	0.13194688619084086	0.13241413588881773	0.13288957682747532	0.13337341016206594	0.13386581635714345	0.13436694773024188	0.13487691994152975	0.13539580249614844	0.13592360841607304	0.1364602833494735	0.13700569451832836	0.1375596200492181	0.1381217393753422	0.13869162551933092	0.1392687401404729
10.8	0.12880654324846944	0.12922631966480772	0.12965291412493007	0.13008654370467715	0.13052742753177107	0.13097578412301647	0.13143182804802864	0.13189576582978835	0.13236779100004903	0.13284807824152176	0.13333677657584875	0.13383400159739745	0.13433982681078377	0.13485427420867346	0.13537730432290668	0.13590880609747555	0.13644858705741178	0.13699636437316884	0.13755175752847176	0.13811428336931936
10.9	0.12790510773113575	0.1283153718154402	0.12873221957970765	0.12915585838491947	0.12958649762828825	0.13002434628155776	0.13046960981459885	0.13092248642405538	0.13138316249402468	0.13185180722814138	0.13232856641654564	0.1328135553374017	0.13330685084327293	0.13380848275149032	0.13431842474162578	0.13483658506387278	0.1353627974716844	0.13589681290229588	0.1364382925254476	0.13698680284570763
11.0	0.12702088392986477	0.1274219710995074	0.1278294198801309	0.1282434285777892	0.12866419752227928	0.12909192678905795	0.1295268133592621	0.1299690476458823	0.13041880932090322	0.13087626238928085	0.13134154947713006	0.131814785333449	0.13229604958915075	0.1327853788775508	0.13328275849369337	0.1337881138579264	0.13430130214493685	0.13482210453650975	0.1353502196425397	0.135885258695237
11.1	0.12615334349134558	0.126545573267296	0.12694395406643602	0.1273486757437778	0.12775993016781792	0.12817790911028756	0.1286028016215312	0.12903479082683963	0.12947405008544932	0.1299207384637384	0.13037499549339235	0.13083693521358103	0.13130663953526583	0.1317841510188522	0.13226946522041916	0.13276252283888684	0.13326320198044825	0.1337713109421559	0.13428658199354662	0.1348086666910124
11.2	0.12530198030447834	0.12568565725224037	0.12607528536663026	0.12647104660495345	0.12687312492921782	0.1272817043494628	0.1276969664955224	0.12811908765899752	0.12854823525320205	0.12898456364757563	0.1294282093503098	0.12987928553798703	0.13033787596545798	0.13080402833599408	0.13127774726781835	0.131758987060864	0.13224764454136917	0.13274355233744295	0.13324647300754838	0.1337560944952012
11.3	0.12446630931381221	0.12484172391782362	0.12522289987115606	0.12561001174106798	0.12600323609164024	0.12640274966776002	0.1268087271461703	0.12722133840107536	0.1276407452373735	0.12806709755239373	0.12850052890247093	0.12894115147296745	0.12938905048072208	0.12984427807926896	0.1303068468863922	0.130776723313209	0.13125382093888438	0.13173799424191032	0.13222903306036426	0.13272665820072513
11.4	0.12364586540945913	0.12401329488642775	0.12438630529551173	0.12476506428029488	0.125149741473732	0.1255405068110708	0.12593752844477327	0.12634097021396462	0.12675098862617734	0.12716772931612044	0.12759132296009407	0.12802188064449144	0.12845948871367452	0.12890420315917964	0.12935604365543915	0.1298149873998677	0.1302809629723795	0.1307538444886096	0.13123344637613674	0.13171951914619856
11.5	0.12284020238772211	0.1231999114438162	0.12356502982398739	0.12393571867712481	0.12431214113408973	0.12469446073896374	0.12508283951390192	0.1254774356146171	0.12587840053840219	0.12628587585283013	0.12669998942575467	0.12712085115493102	0.12754854821932893	0.1279831399067837	0.12842465211069728	0.12887307163508618	0.12932834049782033	0.12979035047444357	0.13025893817424825	0.13073388097976876
11.6	0.12204889197718385	0.12240113351358535	0.12275862102829747	0.1231215095705935	0.12348995616408645	0.12386411834666025	0.12424415237266075	0.1246302110383576	0.1250224410962716	0.12542098022950104	0.12582595356847243	0.12623746974830755	0.12665561652609522	0.12708045600633822	0.1275120195564258	0.12795030253528578	0.1283952590030975	0.12884679662667586	0.1293047720393027	0.12976898694986272
11.7	0.12127152292540129	0.12161653869628711	0.12196664485538904	0.12232199071664761	0.12268272756027539	0.12304900727259074	0.12342098067414103	0.12379879550065662	0.12418259400569999	0.12457251015881675	0.12496866642318537	0.12537117011088478	0.12578010933261735	0.12619554858460422	0.12661752404502377	0.12704603868906314	0.12748105737132018	0.12792250206589095	0.12837024749412398	0.12882411740294475
11.8	0.12050770014179253	0.12084572136850756	0.121188684679266	0.12153673398899864	0.12189001517021786	0.12224867478479294	0.12261285852767415	0.12298270935023108	0.1233583652350317	0.12373995659821128	0.12412760330483096	0.12452141129529762	0.12492146883753792	0.12532784244278716	0.1257405725090741	0.12615966878917487	0.12658510581502652	0.12701681844771198	0.12745469775772533	0.12789858747027238
11.9	0.11975704389271864	0.12008829183745975	0.12042434041206579	0.12076532844330136	0.12111139670609641	0.12146268674001298	0.1218193393991678	0.12218149310612557	0.12254928178418167	0.12292283244629496	0.12330226242732566	0.12368767625759537	0.12407916219060894	0.12447678841853177	0.12488059903225042	0.1252906098120195	0.12570680396602502	0.1261291279673697	0.12655748767198166	0.12699174492736665
12.0	0.11901918907059736	0.11934387560258879	0.11967322775457552	0.12000737955449076	0.1203464669665399	0.12069062678221892	0.12103999529389589	0.12139470661655054	0.12175489081633682	0.12212067164417074	0.12249216396432482	0.12286947088838873	0.12325268048469766	0.1236418623369313	0.12403706375850035	0.12443830587718852	0.12484557970448497	0.12525884215455932	0.12567801126534392	0.1261029676895113
