E(ħω₀)|α↓|ω→	0.1	0.2	0.3	0.4	0.5	0.6	0.7	0.8	0.9	1.0	1.1	1.2	1.3	1.4	1.5	1.6	1.7	1.8	1.9	2.0
0.1	-6.005118739880724	-6.009693627029962	-6.013941367008326	-6.017938899213714	-6.021730481000385	-6.025345821335094	-6.028806609543132	-6.032129550651929	-6.035327999500436	-6.038412930470131	-6.041393554699072	-6.04427773431999	-6.047072272294715	-6.049783122141262	-6.05241554396381	-6.054974223269578	-6.057463363261089	-6.059886757762195	-6.062247849706879	-6.064549778667593
0.2	-6.010241353767178	-6.019398469884087	-6.027902756266547	-6.035907301954507	-6.04350019875216	-6.050740613256677	-6.057671767203429	-6.064326970653646	-6.070732869653088	-6.076911373485876	-6.0828808814306266	-6.088657106207727	-6.094253650243541	-6.099682422760863	-6.1049539501649965	-6.110077612473498	-6.11506182702413	-6.119914193682897	-6.124641611345442	-6.12925037264023
0.3	-6.015367863887973	-6.0291146210292785	-6.041884366246289	-6.05390553614515	-6.065309624534517	-6.07618499719882	-6.086596246154553	-6.096593182725913	-6.106215677840753	-6.1154965343331105	-6.124463315368969	-6.133139571922133	-6.141545701948359	-6.149699572387487	-6.157616982164307	-6.16531201497536	-6.17279731349611	-6.180084296196223	-6.187183331353623	-6.194103878560849
0.4	-6.020498292746329	-6.0388421745375656	-6.0558863995206655	-6.071933937260279	-6.087159241302323	-6.101679610801092	-6.115580840483911	-6.128929135207859	-6.141777521626373	-6.154169652794841	-6.166142230186774	-6.177726629860109	-6.188950040900893	-6.199836289792983	-6.210406454221277	-6.220679330904933	-6.230671799344983	-6.2403991095393785	-6.249875112984629	-6.2591124505942215
0.5	-6.025632663125437	-6.048581226129799	-6.069909062896676	-6.089992848597502	-6.109049544136325	-6.127225108565378	-6.1446263660707325	-6.16133580315951	-6.177419530073936	-6.192932004677329	-6.207919039768259	-6.222419822435263	-6.236468328003694	-6.2500943441316315	-6.263324233528009	-6.27618151546354	-6.288687318055039	-6.300860736138055	-6.312719118704152	-6.324278302819669
0.6	-6.0307709980939705	-6.058331873220968	-6.0839525675535056	-6.108082621561909	-6.130981040717229	-6.152822162549304	-6.173733661514764	-6.19381418952943	-6.213142865148684	-6.231784903428753	-6.249795200026698	-6.267220738071163	-6.28410227371399	-6.300475557208762	-6.316372242576966	-6.331820581366356	-6.346845962420533	-6.361471339129951	-6.3757175727243425	-6.3896037117580775
0.7	-6.035913321011754	-6.0680942149672426	-6.098017129187028	-6.126203615964794	-6.152954251825257	-6.178471463098835	-6.202903589119349	-6.226365326392437	-6.248948723202679	-6.270729701857535	-6.291772210834428	-6.312131013318022	-6.331853640319964	-6.35098180588872	-6.369552461673014	-6.387598601432016	-6.405149887187888	-6.422233145036601	-6.438872763684435	-6.455091019042732
0.8	-6.041059655535576	-6.07786835231481	-6.112102968160891	-6.144356200337558	-6.174969711866967	-6.2041737196229345	-6.23213703593297	-6.258990276262744	-6.284838336552451	-6.30976779395823	-6.333851618074246	-6.357152335102636	-6.3797242443599	-6.401615024653104	-6.422866931600954	-6.443517711330794	-6.4636013118577305	-6.483148446594553	-6.502187047488769	-6.520742634244348
0.9	-6.046210025625166	-6.087654388050602	-6.126210309664569	-6.162540752261716	-6.197027969431227	-6.229929661413358	-6.261434914853716	-6.291690133488464	-6.320812975156006	-6.348900616853605	-6.37603501582198	-6.402286443122273	-6.427715959195666	-6.452377208321231	-6.476317756460777	-6.499580112503788	-6.522202523659034	-6.5442196057579824	-6.565662850313916	-6.586561037861523
1.0	-6.051364455549347	-6.0974524268550105	-6.1403393838787705	-6.180757658716132	-6.21912958787641	-6.255740038512962	-6.290798165801558	-6.324466025733922	-6.3568739483972525	-6.388129652862382	-6.418324048670991	-6.447535132394307	-6.475830717753132	-6.503270414946021	-6.529907106684142	-6.555788075266607	-6.580955880708853	-6.60544905688588	-6.629302671797718	-6.652548784488895
1.1	-6.056522969892348	-6.107262575356673	-6.154490426148678	-6.1990073164425885	-6.241275145951096	-6.281605622636225	-6.320227756963783	-6.357319115556897	-6.393022606986656	-6.42745643170308	-6.460720414210425	-6.492900255974611	-6.5240705154433565	-6.554296768899697	-6.583637222246819	-6.6121439421124375	-6.639863815372342	-6.666839310128284	-6.693109088424109	-6.718708506176307
1.2	-6.061685593560296	-6.117084942189453	-6.168663677165466	-6.217290132330964	-6.263465238450688	-6.307527208146007	-6.3497246861194405	-6.390250602088589	-6.429260344987871	-6.46688253284544	-6.50322586567027	-6.538383727858961	-6.57243741327984	-6.605458464165232	-6.637510416093361	-6.668650131230837	-6.698928837839235	-6.728392955027287	-6.757084757119037	-6.7850429159936185
1.3	-6.06685235178791	-6.126919638051717	-6.182859383156618	-6.235606523825356	-6.285700476912663	-6.333505613090976	-6.37928998204928	-6.423261722824912	-6.465588601981057	-6.506409588022159	-6.545842214747603	-6.5839875260833	-6.620933541208647	-6.656757767851101	-6.691529077791931	-6.725309140260178	-6.758153539934527	-6.790112664350149	-6.821232419074119	-6.851554811817005
1.4	-6.072023270145362	-6.136766775768037	-6.197077796085586	-6.253956919352623	-6.307981490353344	-6.359541680308531	-6.408924706038229	-6.4563537555386095	-6.502008865374716	-6.546039283914916	-6.588571334629971	-6.629713696040292	-6.669561101670043	-6.70819702394866	-6.745695677438983	-6.782123550293555	-6.817540599182888	-6.852001198173517	-6.885554903816329	-6.918247080354216
1.5	-6.0771983745453575	-6.146626470353421	-6.21131917386139	-6.272341758774924	-6.330308926049408	-6.385636278598567	-6.438629953478273	-6.489528020322661	-6.538522672879194	-6.585773365030278	-6.631415163233552	-6.675564354031541	-6.718322373412267	-6.759778657353664	-6.800012769835687	-6.839096030159984	-6.877092783148297	-6.914061408239675	-6.950055133543811	-6.985122701427822
1.6	-6.082377691250411	-6.156498839080241	-6.225583780558784	-6.290761493868001	-6.352683450367609	-6.411790303973911	-6.468406855580331	-6.522785881776589	-6.575131615156368	-6.6256136367827	-6.674375706675693	-6.721541691076967	-6.7672197155802944	-6.8115051781755955	-6.854482998960226	-6.896229341005025	-6.936812954072657	-6.976296242607801	-7.014736127749855	-7.0521847525374035
1.7	-6.087561246880339	-6.16638400154798	-6.239871886649682	-6.309216588827074	-6.375105749646552	-6.438004680993896	-6.498256581204717	-6.556128751348537	-6.611837338661661	-6.665561968803849	-6.717455043003627	-6.7676479770052165	-6.816255572105035	-6.863379186361259	-6.9091091027627485	-6.953526341197561	-6.9967040738396244	-7.038708750625689	-7.079601008159344	-7.119436413723635
1.8	-6.092749068419979	-6.176282079755949	-6.254183769246567	-6.327707520802409	-6.397576531134736	-6.4642803641882	-6.528180338820718	-6.589558089847387	-6.648641548696374	-6.705620298499555	-6.760655326203656	-6.8138855648517485	-6.865432476421262	-6.915403376661956	-6.963893918312812	-7.010989991592398	-7.056769209292693	-7.101302088249969	-7.144653004004452	-7.186880972759546
1.9	-6.09794118322713	-6.186193198179149	-6.268519712358717	-6.3462347804668005	-6.420096523989464	-6.490618339578797	-6.558179378607072	-6.623075410140867	-6.6855460126903665	-6.745790634878323	-6.803978790517955	-6.8602568955946115	-6.914753056545889	-6.9675805439769585	-7.018840387332386	-7.068623361181591	-7.117011537939756	-7.164079523745892	-7.209895457669165	-7.2545218306968104
2.0	-6.103137619040745	-6.196117483847448	-6.282880007162074	-6.3647988726174045	-6.442666480341735	-6.517019626308768	-6.588254994706394	-6.656682280057365	-6.722552563737512	-6.786075062678034	-6.847427755099321	-6.9067645032594935	-6.964220040551897	-7.019913589109835	-7.073951562151443	-7.126429633171233	-7.177434354079972	-7.2270444438011445	-7.275331830735343	-7.322362507797756
2.1	-6.108338403989363	-6.20605506642826	-6.297264952283717	-6.383400316814624	-6.4652871764327315	-6.543485278387628	-6.618408527648088	-6.690380325511302	-6.759663104408995	-6.826475746820819	-6.891004629037992	-6.953411020435526	-7.013836262477544	-7.072405524978536	-7.129230612127403	-7.18441211152459	-7.238041075392768	-7.290200360091925	-7.34096571046655	-7.390406649887076
2.2	-6.113543566599798	-6.2160060783129145	-6.311674854101958	-6.402039648060979	-6.4879594138281025	-6.570016386563946	-6.648641366956034	-6.724171233874302	-6.796879610872642	-6.866994937229702	-6.934711916798789	-7.000199184237955	-7.063604668715272	-7.12505948332511	-7.184680830574758	-7.242574228017368	-7.298835250033465	-7.353550916343874	-7.406800816769915	-7.458658035160767
2.3	-6.118753135806111	-6.225970654706954	-6.32611002706315	-6.420717417523163	-6.510684020716939	-6.596614080337222	-6.678954953959219	-6.758056757617103	-6.834204137349966	-6.907634974044955	-6.97855222411177	-7.047131842771034	-7.113528324930449	-7.177878721976688	-7.24030564225678	-7.300919549856328	-7.35982056428521	-7.417099895935307	-7.472841009680697	-7.527120581493964
2.4	-6.123967140958845	-6.235948933724552	-6.340570794016416	-6.439434193300877	-6.533461853303027	-6.623279530122421	-6.709350784825736	-6.792038718250305	-6.871638820946718	-6.948398293282928	-7.022528264365182	-7.09421196213791	-7.163610423566396	-7.230866632715866	-7.296108611497784	-7.359451787918831	-7.421000850822895	-7.480851230095773	-7.539090297419417	-7.595798354293924
2.5	-6.1291856118345605	-6.24594105648734	-6.355057486567616	-6.4581905612463055	-6.556293797296899	-6.650013949582123	-6.739830413843091	-6.826119010595675	-6.909185886897353	-6.989287432985879	-7.066642865555956	-7.141442634064838	-7.213854291999678	-7.284026749826188	-7.352093450981837	-7.418174805678042	-7.482380097651512	-7.544809006759286	-7.605552845077132	-7.664695574949592
2.6	-6.13440857864567	-6.25594716722786	-6.369570445453946	-6.476987125838586	-6.579180769518076	-6.6768185981430825	-6.770395456970702	-6.8602996074238565	-6.946847654269298	-7.030305039917811	-7.110898977860527	-7.188827084203475	-7.264263401418178	-7.337362759387207	-7.408264031312472	-7.4770926288868385	-7.543962457789277	-7.608977480138804	-7.672232983991032	-7.733816629935115
2.7	-6.139636072050589	-6.265967413399035	-6.38411002094076	-6.495824511117986	-6.602123719618053	-6.703694783716062	-6.801047595693805	-6.894582564499164	-6.984626542179198	-7.071453876869022	-7.155299681897523	-7.2363686811914265	-7.314841376504517	-7.390878509403665	-7.464624391417842	-7.536209456103036	-7.605752259774748	-7.673361081096795	-7.739135221880009	-7.803166080631322
2.8	-6.144868123164214	-6.276001945783523	-6.398676573242287	-6.514703361685112	-6.6251236319357805	-6.730643865640207	-6.831788581211916	-6.928970026077781	-7.022525076580585	-7.112736830640991	-7.199848197764014	-7.284070946560005	-7.3655920060189555	-7.444578020865099	-7.521178749897378	-7.595529670149549	-7.6677540190875675	-7.737964428396213	-7.8062642538184575	-7.872748673936815
2.9	-6.150104763568743	-6.286050918619227	-6.4132704729681045	-6.533624343770956	-6.648181527498856	-6.757667257875963	-6.862620238999467	-6.963464230912153	-7.060545897691131	-7.1541569207936195	-7.244547894939069	-7.331937565591618	-7.416519254389603	-7.49846549984596	-7.577931517419367	-7.65505785061595	-7.729972450584343	-7.80279234092715	-7.873624974136304	-7.942569353748977
3.0	-6.155346025324853	-6.296114489720201	-6.427892101597427	-6.552588146384314	-6.671298466185212	-6.78476643247375	-6.893544473781519	-6.99806751882201	-7.0986917681375115	-7.195717309249173	-7.289402303162332	-7.379972399244386	-7.4676272744336565	-7.552545350772304	-7.634887310294594	-7.714798787522751	-7.79241248206506	-7.867849851016963	-7.9412224893445575	-8.012633273405118
3.1	-6.160591940983241	-6.3061928206090485	-6.442541851983402	-6.571595482543771	-6.694475549062004	-6.8119429233492905	-6.924563274973615	-7.032782337901494	-7.136965581907992	-7.237421310861743	-7.334415124412029	-7.428179497279816	-7.5189204213522585	-7.606822191000107	-7.692050965369546	-7.774757496287151	-7.855079269101484	-7.933142218946325	-8.009062132198675	-8.082945809185304
3.2	-6.165842543596563	-6.3162860766549835	-6.457220128889927	-6.5906470906023795	-6.717713920920545	-6.839198330400764	-6.955678722641945	-7.067611252442338	-7.175370374216669	-7.279272405078211	-7.379590246126461	-7.476563112750593	-7.570403268163798	-7.6613008668724305	-7.749427556404258	-7.834939234149351	-7.917978211277726	-7.9986749488105	-8.077149477026907	-8.15351257499151
3.3	-6.171097866731768	-6.326394427219014	-6.4719273495636385	-6.609743735674007	-6.7410147730285805	-6.866534324008028	-6.986892994048618	-7.102556951665611	-7.213909332400109	-7.321274248837152	-7.424931755836512	-7.525127718031196	-7.622080622766896	-7.715986471449148	-7.807022412125369	-7.895349518242444	-7.981114970015176	-8.064453805884808	-8.145490356468208	-8.224339438332603
3.4	-6.1763579444828585	-6.336518045806734	-6.4866639443440945	-6.628886211171516	-6.764379346124121	-6.89395264995997	-7.018208370856669	-7.137622259369463	-7.252585807986975	-7.363430690876585	-7.470443957404782	-7.573878022604373	-7.67395754685591	-7.77088436413424	-7.8648411361752135	-7.955994145517203	-8.044495488179663	-8.130484835676352	-8.214090879784367	-8.295432537762116
3.5	-6.181622811484086	-6.346657110229239	-6.501430357315439	-6.648075340468109	-6.787808933678378	-6.92145513486303	-7.04962724708151	-7.172810144617976	-7.291403330105071	-7.4057457876508295	-7.516131389100677	-7.622818992853183	-7.726039376949509	-7.826000192463226	-7.922889629213646	-8.01687921476647	-8.108126011699149	-8.196774384870816	-8.282957452934426	-8.366798301935656
3.6	-6.186892502923607	-6.356811802772703	-6.516227047003177	-6.667311978694662	-6.811304885459243	-6.949043692092055	-7.0811521378895215	-7.20812373361769	-7.33036562041905	-7.4482238210922596	-7.561998843781648	-7.671955874152466	-7.778331747838519	-7.881339916358375	-7.9811741134723775	-8.07801115103376	-8.172013113456119	-8.26332912441503	-8.352096800626882	-8.438443470478123
3.7	-6.19216705455762	-6.366982310377256	-6.531054487120148	-6.686597014687489	-6.834868611431352	-6.976720328354404	-7.11278568936164	-7.24356632295401	-7.369476609826854	-7.490869318496906	-7.608051391500274	-7.721294215607224	-7.830840618814293	-7.9369098352135605	-8.039701160113186	-8.139396732738192	-8.236163719761596	-8.330156075013246	-8.421515990597221	-8.51037511687788
3.8	-6.197446502725008	-6.377168824825774	-6.545913167366148	-6.705931373102892	-6.858501586034127	-7.004487150949705	-7.1445306893601	-7.279141394391012	-7.408740457185451	-7.533687074865469	-7.654294404917511	-7.770839897850905	-7.883572303106105	-7.992716618236706	-8.098477719803718	-8.201043121905004	-8.30058513976844	-8.397262635359366	-8.491222460396	-8.582600673656527
3.9	-6.202730884362487	-6.3873715429433355	-6.560803594286243	-6.725316016717084	-6.882205352885548	-7.032346375821599	-7.1763900796613544	-7.31485263147622	-7.4481615703885815	-7.576682178096225	-7.700733587977055	-7.820599164396981	-7.936533501038215	-8.048767338558022	-8.15751115700029	-8.26295789795979	-8.365285098242822	-8.464656613480159	-8.561224047017369	-8.655127960099975
4.0	-6.208020237020333	-6.397590666808091	-6.575726292193331	-6.744751948932589	-6.905981529966915	-7.060300336514369	-7.20836696954829	-7.350703938238708	-7.487744630183448	-7.619860037506357	-7.747375008387912	-7.870578657136684	-7.989731337518776	-8.105069511711012	-8.216809288519329	-8.325149095628174	-8.430271772185886	-8.532346261627245	-8.631529019750515	-8.72796521287962
4.1	-6.213314598878651	-6.407826403974404	-6.590681804161214	-6.764240216515308	-6.929831815352849	-7.088351494167577	-7.2404646510917825	-7.386699460326732	-7.527494617193294	-7.663226416258249	-7.794225134577477	-7.920785456699526	-8.043173404598377	-8.161631139215022	-8.276380427092517	-8.387625247584323	-8.495553831886731	-8.600340315231271	-8.702146116699288	-8.801121119943712
4.2	-6.218614008764273	-6.418078967709198	-6.605670693095154	-6.783781912589857	-6.953757993561449	-7.116502448706319	-7.272686616397156	-7.422843609002931	-7.567416842712743	-7.706787468392699	-7.841290877921889	-7.971227128548415	-8.096867809993284	-8.218460758139486	-8.33623343074063	-8.450395432616718	-8.561140487095543	-8.668648036522583	-8.77308458549012	-8.874604858119083
4.3	-6.2239185061682605	-6.428348577242477	-6.620693542887788	-6.803378179925001	-6.977761942612449	-7.144755951414711	-7.305036577147592	-7.45914108850534	-7.607516983969024	-7.750549781329811	-7.888579641243437	-8.021911775877399	-8.150823232666209	-8.275567497719724	-8.396377758974959	-8.513469330233372	-8.627041539137892	-8.737279263532773	-8.84435422877799	-8.948426134935048
4.4	-6.22922813126409	-6.438635458033184	-6.635750959669236	-6.823030214545824	-7.001845641896756	-7.173114919117253	-7.337518486847163	-7.495596927396372	-7.647801124702738	-7.794520424900991	-7.93609937479866	-8.072848100629994	-8.205048986808482	-8.332961144333165	-8.456823537053216	-8.57685728281989	-8.693267439953384	-8.806244465325559	-8.91596545526815	-9.022595235266174
4.5	-6.2345429249265125	-6.448939842051561	-6.650843573161378	-6.842739269715096	-7.026011180979696	-7.201582450238474	-7.370136566255056	-7.5322165146670335	-7.6882758021278885	-7.838707008236732	-7.983858641281946	-8.12404547427763	-8.259555095888919	-8.39065221644899	-8.517581629791524	-8.640570366702473	-8.759829359242552	-8.875554804469228	-8.98792933710168	-9.097123073492146
4.6	-6.239862928751149	-6.459261968079347	-6.665972038147609	-6.8625066603331675	-7.050260769483405	-7.230161843068671	-7.40289533261574	-7.569005641550376	-7.7289480615981265	-7.883117746174712	-8.031866691761952	-8.175514020415216	-8.314352378849849	-8.448652051554344	-8.578663726783436	-8.7046204737686	-8.82673926115567	-8.94522220796442	-9.060257674611425	-9.172021251994483
4.7	-6.2451881850748485	-6.469602082029302	-6.681137036070891	-6.882333767813982	-7.07459674822231	-7.258856616635543	-7.435799633434547	-7.6059705502407144	-7.769825520656168	-7.927761537300096	-8.080133554984418	-8.227264711778874	-8.369452551072573	-8.50697290756529	-8.640082441325056	-8.769020405679113	-8.89400999227003	-9.015259448090085	-9.132963069647694	-9.247302126955733
4.8	-6.25051873699683	-6.47996043728563	-6.696339276774685	-6.90222204550471	-7.099021601800857	-7.287670534673229	-7.468854685735842	-7.643117991033568	-7.810916444607323	-7.972648056325245	-8.12867014316279	-8.279309485018207	-8.424868343449493	-8.56562808189123	-8.7018514259251	-8.833783983192976	-8.961655382997098	-9.0856802349404	-9.206059008909852	-9.322978882602902
4.9	-6.255854628400696	-6.490337295067105	-6.711579500403429	-6.9221730247284725	-7.123537972926668	-7.316607633297392	-7.502066121986331	-7.680455289824387	-7.852229836380492	-8.017787864319011	-8.177488378305775	-8.331661377533353	-8.480613643854284	-8.624632052195105	-8.763985508036484	-8.898926173754296	-9.029690365062748	-9.15649932281319	-9.279559959010987	-9.39906561524975
5.0	-6.261195903977297	-6.50073292481484	-6.7268584794816615	-6.942188321544254	-7.148148678747602	-7.345672253146798	-7.535440044190602	-7.717990428473457	-7.89377554428701	-8.063192541394082	-8.226601344400182	-8.38433469201922	-8.536703666591821	-8.68400064406018	-8.826500850647063	-8.964463241309483	-9.098131108346724	-9.227732633098812	-9.35348147536292	-9.475577428750908
5.1	-6.266542609248553	-5.999361339469748	-6.742177021193671	-6.962269644335892	-7.172856729589523	-7.374869076950036	-7.5689830881011275	-7.755732141321238	-7.93556439245733	-8.10887484798626	-8.276023472531055	-8.437345196201907	-8.593155157178858	-8.74375123235794	-8.88941514370421	-9.030412923398003	-9.166995181198011	-9.299397396937714	-9.427840327416563	-9.552530543295216
5.2	-6.27189479059223	-6.061392722139941	-6.757535969889025	-6.982418802364011	-7.197665350573538	-7.4042031737380976	-7.602702500075568	-7.793690032215142	-7.977608340378009	-8.154848923015521	-8.325770768513635	-8.4907103678431	-8.649986642270143	-8.80390298528814	-8.952747834157066	-9.096794641989367	-9.236301739425095	-9.371512321705206	-9.502654643351473	-9.629942419849222
5.3	-6.277252495267767	-6.129823689785753	-6.772936209843191	-7.002637715441991	-7.222578006670574	-7.433680051274313	-7.636606229928605	-7.8318747179264	-8.019920680300796	-8.201130530324242	-8.375861096202533	-8.544449698799614	-8.707218738034513	-8.864477163099647	-9.016520404880353	-9.163629756460042	-9.306071750583756	-9.44409778639819	-9.577944078009727	-9.70783190303058
5.4	-6.282615771443177	-6.20295076583329	-6.788378668307309	-7.022928424930996	-7.247598431962897	-7.463305718748952	-7.670703044266951	-7.870298006016369	-8.062516284726428	-8.2477373693582	-8.426314534927487	-8.598585077336452	-8.764874535322596	-8.925497487812295	-9.080756716194562	-9.230941869717599	-9.376328262075951	-9.517176072313934	-9.653730008752959	-9.786219385765008
5.5	-6.287984668223098	-6.280030593340701	-6.8038643188867844	-6.696829243085202	-7.272730664021058	-7.493086762441067	-7.705002666425534	-7.908973118411655	-8.105411921293163	-8.294689472946272	-8.477153837469622	-8.653141276031072	-8.822980087393162	-8.986990606495839	-9.145483428576636	-9.298757202083133	-9.447096724110875	-9.590771637126457	-9.730035765038906	-9.865126999782317
5.6	-6.2933592356780474	-6.360604252245798	-6.819394185295234	-6.768525187731078	-7.297979084606853	-7.523030437967376	-7.739515951497304	-7.947914976758112	-8.148626660268516	-8.342009725712106	-8.528405027328319	-8.708146584994724	-8.88156503717339	-9.048986679870568	-9.210730532176981	-9.367105052583335	-9.518405382021461	-9.664911442718912	-9.806886898931815	-9.944578836864986
5.7	-6.298739524874959	-6.444347168935952	-6.834969345538576	-6.845692309187514	-7.05658945925789	-7.553144784045772	-7.774255108489926	-7.987140573054748	-8.19218241228675	-8.389724553726447	-8.580098193743172	-8.76363364985273	-8.940663438405375	-9.11152014191353	-9.276532019062216	-9.436018374461796	-9.590285757151154	-9.739625350108515	-9.884311505562998	-10.024601206805439
5.8	-6.304125587909058	-6.531011582401787	-6.850590936594032	-6.927038474643844	-7.132533357247848	-7.583438764603871	-7.80923398706357	-8.02666946091338	-8.236104654355799	-8.437864864334635	-8.632268575602062	-8.81964060605009	-9.00031485280925	-9.174630697753653	-9.342926749550761	-9.505534502055692	-9.662773242076536	-9.814946598762077	-9.962340604847332	-10.105222939286046
5.9	-6.309517477937167	-6.620398833388704	-6.866260159661204	-7.011943354494406	-7.21362856480984	-7.422523853311247	-7.844468454856051	-8.066524422368094	-8.280423436931004	-8.486467364148323	-8.684958081846487	-8.876212655773838	-9.060565851390754	-9.23836466167111	-9.409959587728256	-9.575696081376726	-9.735907845125228	-9.890912392893025	-10.041008598660309	-10.186475738390028
6.0	-6.31491524921251	-6.712344076104648	-6.881978286077354	-7.100013061305479	-7.2987018279362506	-7.50253635167885	-7.879976905370466	-8.106732398933712	-8.325174827143925	-8.535576472627369	-8.73821749871875	-8.93340433135931	-9.121472127385223	-9.302776794137237	-9.477682918632611	-9.646552279491608	-9.809735132193392	-9.967564624419857	-10.120353821318783	-10.268394600180912
6.1	-6.320318957121124	-6.806707031236593	-6.997686517806271	-7.190965093715164	-7.38717443640094	-7.587379074219514	-7.793967986363712	-8.147325836934705	-8.370403061636733	-8.585247222291375	-8.792109832944332	-8.991282873183746	-9.183101572090532	-9.367932895114025	-9.546158720352077	-9.71816038256746	-9.884307432558412	-10.044950771742942	-10.200419205696319	-10.351018305699869
6.2	-6.3257286582199415	-6.903366005451506	-7.0929735525026825	-7.284582016333543	-7.478675770478024	-7.676005084488864	-7.877946777637639	-8.188344715618596	-8.416163924437436	-8.63554990109679	-8.846715655149021	-9.04993352253352	-9.245538940934441	-9.433913587883248	-9.615461466281895	-9.79058794666191	-9.95968540234996	-10.123125026051602	-10.281253092653742	-10.434390003658429
6.3	-6.331144410276678	-7.002213820108807	-7.190573700076138	-7.380688542060067	-7.572938923311629	-7.767878818547802	-7.966411680601341	-8.170409631706274	-8.462530408614892	-8.686578039412703	-8.902142265393971	-9.109468352593149	-9.308893306848159	-9.500820064384355	-9.685682310445744	-9.86391575154419	-10.035940078301767	-10.202149713130401	-10.362910217423888	-10.518557898663747
6.4	-6.336566272311608	-7.103154924861585	-7.290372526403921	-7.479138667977415	-7.669757991668577	-7.862652995967851	-8.058459110323739	-8.258280220449038	-8.464908149589764	-8.73846360200548	-8.958541026169195	-9.170042299775153	-9.373310785112857	-9.568783246167854	-9.756935330892631	-9.938241947165972	-10.113155610106185	-10.282097098629203	-10.445452912258123	-10.603576061190545
6.5	-6.341994304641363	-7.206103282610433	-7.392269124549726	-7.579807800413269	-7.76896675377062	-7.960075972077233	-8.15360269314771	-8.350275262675286	-8.551460786178982	-8.791410608960316	-9.016145274182586	-9.23188598956704	-9.438998286766727	-9.637979313474743	-9.829367215181467	-10.013688009215935	-10.191432936503185	-10.36305168650133	-10.528952567681262	-10.689505373095853
6.6	-6.34742856892487	-7.3109807766002834	-7.496173444116025	-7.682587616744698	-7.870426631870867	-8.059952932801027	-8.251520909850903	-8.445642494384323	-8.643145524311203	-8.84573319656489	-9.075376689724557	-9.295386973096083	-9.506273847257901	-9.708658166474935	-9.903172968304084	-10.090407483173916	-10.270894765835848	-10.445113136045826	-10.613491389674694	-10.776414614189223
6.7	-6.35286912821156	-7.417715982669758	-7.6020043290723525	-7.787382544144021	-7.974019294301344	-8.16212626449644	-8.351978431057223	-8.543950720503933	-8.738593440929213	-8.93682435158108	-9.140712634983633	-9.361379441369813	-9.575696283168348	-9.781201097458446	-9.978622611117753	-10.168599028024481	-10.351692304866901	-10.528399910006689	-10.699164465210101	-10.864381675601384
6.8	-6.3583160469920115	-7.526243204014337	-7.70968803682082	-7.894107250258065	-8.079641814873964	-8.266464376957703	-8.454791980179106	-8.64490720978727	-8.837196612583796	-9.03223021267393	-9.230965133336664	-9.435560521441435	-9.648534894420106	-9.856252716304345	-10.056108224648877	-10.248525789458483	-10.434014118292641	-10.61305366539803	-10.786082079569322	-10.95349484464153
6.9	-6.363769391251167	-7.6365016992095995	-7.819157094764877	-8.002684797041708	-8.187203348704836	-8.372854793517908	-8.559812705364235	-8.748294549864	-8.938581859104218	-9.131055717381301	-9.326265422616602	-9.525074277423691	-9.728795524253663	-9.935039538802059	-10.136224129065937	-10.330542281755687	-10.518096854805709	-10.699244069807484	-10.87437206965901	-11.043854027668559
7.0	-6.369229228524305	-7.74843505547722	-7.930349400089883	-8.113045245912458	-8.296622759690157	-8.481199610344602	-8.666916005323232	-8.85394188051843	-9.042487470504298	-9.2328192349163	-9.425283696750055	-9.620336750931795	-9.818509412046662	-10.019590289304393	-10.219854377235123	-10.415121510969566	-10.604235100824248	-10.787172876360383	-10.964181670896313	-11.135571640106676
7.1	-6.374695627955948	-7.861990673102698	-8.043207498949576	-8.225124579920536	-8.4078268729787	-8.591412368202393	-8.775995178800526	-8.961709597476322	-9.148715382303736	-9.337204317336813	-9.527406781313424	-9.719590678442636	-9.914013228324318	-10.11062682483842	-10.307994923142196	-10.502841304295284	-10.692780799468952	-10.877074270070725	-11.055677727150563	-11.228772674866356
7.2	-6.380168660361903	-7.977119336291784	-8.15767800070945	-8.338863854657104	-8.520749153523383	-8.703415814327375	-8.88695722177761	-9.071480348280854	-9.257108049183966	-9.443980946001208	-9.632256903389596	-9.822101513337739	-10.01364716096226	-10.206844125936543	-10.40101190874082	-10.594236163520197	-10.784110974124758	-10.969205605448138	-11.149043282392551	-11.323593169859862
7.3	-6.385648398294659	-8.09377485221464	-8.273711095693647	-8.454208518065707	-8.635328684326453	-8.817140250802863	-8.999719916362487	-9.183153331853783	-9.367535678663854	-9.552971182484535	-9.739569694379746	-9.927435453775786	-10.116634842899824	-10.307107847026892	-10.498447239237144	-10.689533226422967	-10.878543731515634	-11.063820991123993	-11.24446788225077	-11.420176036774755
7.4	-6.391134916112372	-8.211913744537446	-8.391260153519967	-8.57110785751213	-8.751509361160162	-8.932522283822097	-9.11420973924211	-9.296640485584527	-9.479888519300488	-9.664031410313408	-9.849145832562348	-10.035296793139402	-10.22251249308525	-10.410726625347268	-10.599653905255717	-10.788580164853254	-10.976235030948207	-11.161126746637251	-11.342129702559351	-11.518663285187031
7.5	-6.396628290051688	-8.33149499099996	-8.510281385072394	-8.68951454444744	-8.869239247276067	-9.0495038555246	-9.230360313091488	-9.411863822454539	-9.594071885106315	-9.777042091979784	-9.960827439923841	-10.145466683054233	-10.330964607886678	-10.517252092419849	-10.704108929248694	-10.891037651397273	-11.077146299260024	-11.261236421290356	-11.44217162386144	-11.619184555560764
7.6	-6.402128598304694	-8.452479796975057	-8.630733555369432	-8.80938425509896	-8.988470048739435	-9.168031480296237	-9.348111230744887	-9.528753505344353	-9.710002779143492	-9.891901385569218	-10.074484995335308	-10.25777420028119	-10.441758862770946	-10.626369244407394	-10.81142477680493	-10.99655376703415	-11.181106347191427	-11.364154465538864	-11.544679590378887	-11.721843782390815
7.7	-6.407635921100288	-8.574831398707026	-8.752577737605142	-8.930675351224783	-9.109156682320851	-9.288055632394782	-9.467407143069115	-9.647246413755829	-9.827607508691655	-10.008520929338971	-10.190009414296137	-10.37208067457365	-10.554714823958722	-10.737842808945585	-10.921310638083451	-11.10482560770246	-11.287894203576563	-11.469797260013896	-11.649673693736874	-11.82670787184567
7.8	-6.4131503407903026	-8.698514891243162	-8.875777100846593	-9.05334860892108	-9.231256915523037	-9.409530247801692	-9.58819703822014	-9.767285050884418	-9.946819944937936	-10.126822929227409	-10.30730693658365	-10.488270372286886	-10.66968689916833	-10.851488895156546	-11.033541485549295	-11.215604962260898	-11.397290300154616	-11.578031049868706	-11.757115546104934	-11.933801528905777
7.9	-6.4186719419407545	-8.823497077078311	-9.000296725506216	-9.177366986313062	-9.354731063614198	-9.532412313805123	-9.710433662901293	-9.888816692817436	-10.067580218087087	-10.246738072099458	-10.426295658568973	-10.606244568897333	-10.78655418921466	-10.967158740013387	-11.147937834946593	-11.32868927913717	-11.509096650958693	-11.688704273677022	-11.86692581269443	-12.043109812509595
8.0	-6.424200811428583	-8.949746332302187	-9.126103441933724	-9.302695423037362	-9.479541732278687	-9.656661527009787	-9.834073051036667	-10.01179271428569	-10.189833716255146	-10.368203985227597	-10.546903086403587	-10.725917576234815	-10.90521403669758	-11.08472873903507	-11.264352720223844	-11.443911514048793	-11.623141041826631	-11.801666894799972	-11.979002798610479	-12.154586456108582
8.1	-6.429737038544352	-9.077232487638076	-9.253165688408599	-9.429300665962577	-9.605653597187228	-9.782240005456936	-9.959074135092152	-10.136168045936765	-10.313530302175705	-10.491164070144036	-10.669064352988814	-10.847213967662666	-11.02557771051971	-11.204093988450738	-11.382663123568312	-11.56113187960224	-11.739275171339768	-11.916779332051046	-12.093236669130507	-12.268164249739307
8.2	-6.435280715101362	-9.20592672223295	-9.381453385530806	-9.557151116753404	-9.733033213754046	-9.909112044065958	-10.085398421956238	-10.26190073143607	-10.438623689788695	-10.615566602891603	-10.792720883292615	-10.970066573787653	-11.147567399172004	-11.325163911973728	-11.502764163796062	-11.680231648297665	-11.857371167412817	-12.03391539560743	-12.209518315207163	-12.383764453860802
8.3	-6.440831935551695	-9.335801468430132	-9.51093782456817	-9.686216697764204	-9.861648851810338	-10.037243905150874	-10.213009719938364	-10.388951561602369	-10.565070940610564	-10.741364013398888	-10.917819372293652	-11.094414993765465	-11.2711140449066	-11.447859188749321	-11.62456503506795	-11.801108580004326	-11.97731810169297	-12.152962346454755	-12.327744041602504	-12.501303872219623
8.4	-6.446390797109787	-9.466830326053403	-9.641591567755494	-9.816468733425996	-9.991470351019775	-10.166603637625196	-10.341873906737677	-10.517283768870612	-10.692832051466853	-10.868512337459975	-11.044310986891729	-11.220204463180401	-11.396155739658566	-11.572109528171282	-11.747986089413006	-11.923673537164477	-12.099018983705385	-12.273819784081828	-12.447817595820146	-12.62069950443566
8.5	-6.451957399884133	-9.598987984969694	-9.773388358891252	-9.947879844819234	-10.122468993698456	-10.297160919890796	-10.471958730613407	-10.646862769625633	-10.821869613027024	-10.996970734585469	-11.172150732046854	-11.347384975514466	-11.522636508698168	-11.69785201564864	-11.872956688631094	-12.047847951161922	-12.222388303842662	-12.396398181385152	-12.569650700344944	-12.74187128019151
8.6	-6.457531847017851	-9.732250154894937	-9.906303042851894	-10.080423855538305	-10.254617392345457	-10.428886922446514	-10.60323363873286	-10.777655944976823	-10.952148523991267	-11.126701118838604	-11.301296939807836	-11.47591058834983	-11.650505369441541	-11.825029855323534	-11.999413587759149	-12.173561899265183	-12.347350064014735	-12.5206174238575	-12.693162822232209	-12.864743472115805
8.7	-6.463114244838863	-9.866593501560661	-10.040311492871515	-10.214075707283063	-10.38788938969133	-10.561754187045015	-10.735669627970486	-10.90963245273638	-11.083635749582049	-11.257667841349225	-11.431710851950106	-11.60573886698438	-11.779715590260905	-11.953591395354271	-12.127299694808686	-12.300752623700847	-12.473836206814662	-12.646405489521028	-12.818280599072427	-12.98924527687179
8.8	-6.4687047030205544	-10.001995588494623	-10.175390544612638	-10.348811383874468	-10.522259969465205	-10.69573651983736	-10.869239114410638	-11.04276306497602	-11.21630011571415	-11.389837425451882	-11.563356275053762	-11.73683043215186	-11.910224097727005	-12.08348935997019	-12.256563102717616	-12.429363374984563	-12.60178535983025	-12.773697307011775	-12.944937145140187	-13.115310907752725
8.9	-6.4743033347538725	-10.138434823773085	-10.311517936204996	-10.484607842603713	-10.657705176393465	-10.830808896420523	-11.003915818552871	-11.1770200267406	-11.350112132199333	-11.523178342257326	-11.696199292436031	-11.86914858790243	-12.041990996049657	-12.214680234982797	-12.387156322124266	-12.559342496363575	-12.731141826225425	-12.902433787680243	-13.073071350200408	-13.24287941984121
9.0	-6.47991025693192	-10.275890411193476	-10.448672253549649	-10.621442951995412	-10.79420204419267	-10.96694737707652	-11.13967466379524	-11.312376932406357	-11.485043839804122	-11.65766081891214	-11.830208021274881	-12.00265901210654	-12.174979172716526	-12.347123769358847	-12.519035664920155	-12.690642690033501	-12.861854767389232	-13.032561012403047	-13.202627222967253	-13.371894402523779
9.1	-6.485525590348223	-10.414342305389983	-10.586832880287027	-10.759295435205615	-10.931728530520175	-11.104129030789132	-11.276491686219684	-11.44880861686674	-11.621068677076478	-11.793256673550557	-11.96535240606694	-12.137329496521199	-12.309153971322663	-12.480782566819828	-12.652160742814205	-12.823220422227928	-12.993877535837376	-13.164029550163553	-13.333553299551369	-13.502303618182454
9.2	-6.491149459910022	-10.553771170479394	-10.725979951911874	-10.898144818391302	-11.070263458008988	-11.242331866860711	-11.414343954057378	-11.586291059266918	-11.7581613636885	-11.929939172243367	-12.101604041604476	-12.273129726545458	-12.44448291746182	-12.615621746700212	-12.786494054889303	-12.957035435748503	-13.127167126320602	-13.296793886549468	-13.465802121311938	-13.634058631281816
9.3	-6.496781994868028	-10.694158341875635	-10.866094313587396	-11.037971383482656	-11.209786460647024	-11.381534773143198	-11.553209495491975	-11.72480129742705	-11.89629779767987	-12.067682904227455	-12.238936020163527	-12.410031093098661	-12.580935487018209	-12.751608660226152	-12.922000644917796	-13.0920503466029	-13.261683720576478	-13.430811943055883	-13.599329779001087	-13.76711445134177
9.4	-6.502423329064362	-10.835485790958476	-11.007157481271669	-11.178756124869757	-11.350277934870185	-11.521717460052358	-11.693067233683877	-11.864317351426125	-12.035454964481687	-12.206463672445759	-12.377322798723279	-12.548006530751865	-12.718482908703987	-12.888712650823365	-13.058647814009419	-13.228230307214076	-13.39739030682668	-13.566044671139393	-13.734095516935547	-13.901429201173887
9.5	-6.5080736012005005	-10.977736092319617	-11.149151605816567	-11.320480709580387	-11.49171899483003	-11.66286040966115	-11.833896928078907	-12.00481815508097	-12.175610855987536	-12.34625839700221	-12.51674008289222	-12.687030377507094	-12.857097994527596	-13.026904850029268	-13.196404877624914	-13.36554272286247	-13.534252359396135	-13.702455707805967	-13.870061389992733	-14.036963814858245
9.6	-6.513732955127402	-11.120892393341464	-11.292059439745689	-11.46312744058363	-11.634091431371083	-11.80494482927272	-11.975679121212757	-12.146283494265152	-12.316744398244436	-12.487045029583205	-12.657164724871192	-12.827078252573697	-12.996754993247343	-13.166158002438996	-13.335242958516487	-13.503957011102905	-13.67223756706288	-13.840011081959354	-14.007191966361933	-14.1736817661334
9.7	-6.519401540160163	-11.264938385894283	-11.435864306448991	-11.606679222898432	-11.777377674317453	-11.947952608959351	-12.118395090341782	-12.288693951184278	-12.458835386580159	-12.628802477249502	-12.79857463329215	-12.968126949220478	-13.137429462896973	-13.306446314536991	-13.475134809027429	-13.6434443961833	-13.811315601200048	-13.978678962762942	-14.14545406958463	-14.311548825881403
9.8	-6.525079511419967	-11.409858279960574	-11.580550071568116	-11.751119532229282	-11.921560757720599	-12.091866282625833	-12.262026803330969	-12.432030853860674	-12.601864427179322	-12.771510534280008	-12.94094869316742	-13.110154340345007	-13.279098159256606	-13.44774532333886	-13.61605465758681	-13.783977732207866	-13.95145791664576	-14.118429442918563	-14.284816554184822	-14.450532846444377
9.9	-6.530767030206389	-11.555636779015831	-11.726101116368614	-11.896432385882225	-12.06662428776482	-12.23666899221588	-12.4065568783105	-12.576276230195525	-12.745812884278614	-12.9151498209728	-13.084266694498723	-13.253139294840397	-13.421738937749815	-13.590031781587385	-13.75797807529908	-13.925531350088074	-14.092637579675339	-14.25923435109522	-14.425250109970598	-14.590603570154986
10.0	-6.536464264403639	-11.702259057015919	-11.872502312920417	-12.042602315747025	-12.212552413065819	-12.382344454730745	-12.551968546681735	-12.721412766068848	-12.890662832281045	-13.059701728486647	-13.228509268343899	-13.397061603185604	-13.565330666719085	-13.733283556878392	-13.900881859344382	-14.068080924321803	-14.234829118565342	-14.401067088808198	-14.566727090811133	-14.731732459431596
10.1	-6.542171388924768	-11.849710736854561	-12.019739000927693	-12.189614343153494	-12.359329797129693	-12.52887693177134	-12.698245619109763	-12.867423767015033	-13.036397012194286	-13.205148368953225	-13.373657829339962	-13.541901910958803	-13.709853150403903	-13.87747954258417	-14.044743930537232	-14.211603356411038	-14.378008393106525	-14.543902487905324	-14.709221364334214	-14.873892545924313
10.2	-6.547888586198518	-11.997977870169677	-12.167796966065286	-12.337453955432956	-12.506941592767397	-12.67625120135245	-12.845372454187721	-13.01429312307668	-13.182998791885943	-13.351472530207669	-13.519694523842553	-13.687641659193382	-13.855287060239284	-14.022599578829542	-14.18954324288425	-14.356076672329948	-14.522152480104817	-14.687716685503736	-14.852708179542551	-15.017058296411868
10.3	-6.553616046704198	-12.147046918390462	-12.316662419695852	-12.486107084035513	-12.655373418284121	-12.824452531767506	-12.993333929499407	-13.162005276492955	-13.330452129720527	-13.49865763458331	-13.666602182973403	-13.834263030672421	-14.00161387332745	-14.168624382081832	-14.335259703371591	-14.501479931928193	-14.6672395724476	-14.832487013773795	-14.997164049816398	-15.16120549338897
10.4	-6.5593539695608225	-12.296904734926642	-12.466321979853209	-12.6355600840681	-12.804611335282718	-12.97346665730943	-13.14211541484002	-13.310545191924149	-13.478741541203451	-13.646687701297097	-13.814364279975617	-13.98174890140115	-14.148815817125158	-14.315535482161117	-14.481874100520846	-14.647793148528692	-14.813248889741113	-14.9781919024129	-15.14256664916632	-15.306311128524257
10.5	-6.565102563177769	-12.447538548410456	-12.616762653389259	-12.785799715133798	-12.954641827939433	-13.123279755675526	-13.291702747385205	-13.459898328952551	-13.62785206830813	-13.795547312018943	-13.962964891364958	-14.130082796614012	-14.296875819541398	-14.46331516567469	-14.629368040500339	-14.794997217278883	-14.960160598867875	-15.124810792013806	-15.288894719930942	-15.452353307393967
10.6	-6.570862045975417	-12.598935946912295	-12.767971819194294	-12.936813123365646	-13.105451783624371	-13.27387842690446	-13.442082208623084	-13.61005061663267	-13.777769251204454	-13.945221579274307	-14.112388661438928	-14.27924885076952	-14.445777463766294	-14.611946425038855	-14.777723889778347	-14.943073851055134	-15.107955743089114	-15.272324056826031	-15.436127990392066	-15.599311164102058
10.7	-6.576632647185725	-12.751084863057727	-12.919937212404975	-13.088587824557713	-13.257028474753291	-13.425249673709047	-13.593240502886232	-13.76098842989084	-13.928479102143605	-14.095696117376537	-14.262620769767146	-14.429231771065396	-14.595504947253634	-14.761412912382195	-14.926924723466062	-15.092005522914917	-15.256616178541757	-15.420712935649702	-15.584247101010824	-15.747164784578745
10.8	-6.58241460774444	-12.903973559978077	-13.072646909527204	-13.24111168830737	-13.409359541769668	-13.577380883085514	-13.745164737338229	-13.912698567599172	-14.079968081284154	-14.24695701562499	-14.41364690133727	-14.580016804073079	-14.746043044365361	-14.9116988977309	-15.076954278631149	-15.241775414250103	-15.406124517161462	-15.569959469798247	-15.733233538182313	-15.895895137510168
10.9	-6.588208181288836	-13.057590618036375	-13.226089314404298	-13.39437292308979	-13.56243297716454	-13.730259809090242	-13.897842403286628	-14.06516823216846	-14.23222307427126	-14.398990813538312	-14.56545321907458	-14.731589705145755	-14.897377072255466	-15.062789230965361	-15.22779691197125	-15.39236736792503	-15.556464075213459	-15.720046447229016	-15.883069574567786	-16.04548401199046
11.0	-6.594013635277511	-13.211924922273539	-13.38025314496895	-13.5483600621941	-13.716237110453477	-13.883874556688234	-14.051261358707276	-14.218385010522386	-14.385231371402828	-14.551784477921824	-14.71802633848936	-14.88393671030093	-15.04949285963066	-15.214669307110622	-15.379437561326434	-15.54376584578996	-15.70761882673597	-15.870957352075632	-16.033738215199648	-16.195913961107983
11.1	-6.599831252252036	-13.36696565052344	-13.535127420723406	-13.703061950457254	-13.870760594034703	-14.038213566586471	-14.205409811878035	-14.37233685633144	-14.538980648235722	-14.705325381591088	-14.87135330423719	-15.037044510317003	-15.202376718073534	-15.367325034584052	-15.531861710584241	-15.695955890049788	-15.859573361303386	-16.02267631892758	-16.185223148668175	-16.347168250781166
11.2	-6.605661331264341	-13.522702262153775	-13.690701450895016	-13.858467731736425	-14.025992389863031	-14.193265600973493	-14.360276306029657	-14.527012073397113	-14.69345894750218	-14.859601283595719	-15.025421568404468	-15.19090022681781	-15.356015415655861	-15.520742806075319	-15.68505535759368	-15.848923088041154	-16.012312845601052	-16.17518809129612	-16.337508702795233	-16.499230813249063
11.3	-6.61150418949879	-13.679124487387838	-13.84696482322202	-14.014566837068227	-14.181921756877486	-14.349019730095868	-14.515849704931604	-14.682399300089351	-14.84865466222065	-15.014600310805438	-15.180218970352975	-15.345491390145888	-15.510396152605004	-15.674909471776473	-15.839004984756226	-16.002653540033926	-16.165822988374938	-16.32847798378375	-16.4905798042816	-16.652086204697916
11.4	-6.617360164124305	-13.836222317171146	-14.003907393325097	-14.171348973464504	-14.338538239128056	-14.50546531960688	-14.672119179339024	-14.838487494750456	-15.004556519898117	-15.170310940735412	-15.335733717977824	-15.500805918850624	-15.665506538815656	-15.82981231471723	-15.993697532006273	-16.15713382972414	-16.32009000837908	-16.482531847540322	-16.644421941892922	-16.805719566571952
11.5	-6.623229614420115	-13.99398599354663	-14.161519274627114	-14.328804113302631	-14.495831654551374	-14.662592018630392	-14.829074194233279	-14.995265921986608	-15.161153567731631	-15.32672198550215	-15.491954370249012	-15.656832100637764	-15.821334573025265	-15.985439027990516	-16.149120371930913	-16.312350997129982	-16.47510060499393	-16.63733603864487	-16.799021132737458	-16.960116590173026
11.6	-6.6291129242291476	-14.152406000505184	-14.319790828782832	-14.486922484268227	-14.65379208434938	-14.820389748487234	-14.986704496796207	-15.152724139776986	-15.318435158726693	-15.48382257681283	-15.648869820922233	-15.813558574644116	-15.977868623492945	-16.14177769368085	-16.305261286810005	-16.468292513639398	-16.630841931231224	-16.79287738909859	-16.954363891449788	-17.115263484202654
11.7	-6.635010504806713	-14.311473055283422	-14.478712656587838	-14.645694559814153	-14.812409862929186	-14.97884869203671	-15.145000105062937	-15.310851987337067	-15.476390938658287	-15.641602151900653	-15.806469283316193	-15.970974314917555	-16.135097410040714	-16.298816763330247	-16.46210844738526	-16.62494625898953	-16.78730156887777	-16.94914318015549	-17.110437201786368	-17.27114694494286
11.8	-6.640922798150018	-14.47117810007887	-14.638275589334214	-14.805111050101466	-14.971675568365942	-15.137959283589325	-15.30395129720372	-15.469639573678194	-15.635010833807609	-15.800050440329041	-15.964742276065707	-16.129068614995333	-16.29300998733175	-16.456545039795856	-16.619650393189776	-16.7823004999854	-16.944467505560777	-17.106121117750956	-17.2672284905244	-17.427754128808225
11.9	-6.646850280917704	-14.63151229415897	-14.798470680586167	-14.965162893391422	-15.131580013353783	-15.297712199351889	-15.463548601389434	-15.629077266811922	-15.794285039414891	-15.959157451593796	-16.123678609768362	-16.287831073485304	-16.451595729274896	-16.61495166037067	-16.777876014289426	-16.940343870788425	-17.102328113544306	-17.263799309817614	-17.424725603378256	-17.585072627033735
12.0	-6.652793469080539	-14.792467006338303	-14.959289198348586	-15.12584124785964	-15.292114236612814	-15.458098348368082	-15.623782786199623	-15.789155683551655	-15.954204008792967	-16.11891346346106	-16.283268374452092	-16.447251580564924	-16.610844314456397	-16.774026081052813	-16.936774534304973	-17.09906535462522	-17.260872130089037	-17.42216624530394	-17.582916782744146	-17.743090442289883
