κ(m₀ω₀²)|α↓|ω→	0.1 ω₀	0.2 ω₀	0.3 ω₀	0.4 ω₀	0.5 ω₀	0.6 ω₀	0.7 ω₀	0.8 ω₀	0.9 ω₀	1.0 ω₀	1.1 ω₀	1.2 ω₀	1.3 ω₀	1.4 ω₀	1.5 ω₀	1.6 ω₀	1.7 ω₀	1.8 ω₀	1.9 ω₀	2.0 ω₀
0.1	0.00641257238643346	0.017441521275517236	0.03082429897719563	0.045620449305507904	0.06127070759344844	0.07741094139602289	0.09379383755987547	0.11024741889820788	0.12665046756268783	0.14291698974762657	0.15898596771572127	0.17481835121618694	0.1903766722322331	0.2056443900832594	0.2206085417655057	0.2352615498300974	0.2495998744377239	0.26362300589049426	0.27733270519110675	0.29073242740279426
0.2	0.013274723366310373	0.035728496200463145	0.06286120549376162	0.09278674938970344	0.12438428391360468	0.15692571948252487	0.18991979877753895	0.2230220591207166	0.255994300360479	0.28866744501518404	0.3209222611764835	0.35267533729702016	0.38386933200551354	0.41446606554766596	0.44444154640391	0.47378234256322216	0.502482903317043	0.5305435630113777	0.5579690405369888	0.5847673033678831
0.3	0.020668939129738925	0.054963350628419116	0.09622693873297095	0.1416243430950508	0.189471790803593	0.2386793833712746	0.28850876590252605	0.33845307411795744	0.3881576563148439	0.43737360427471916	0.4859265469438858	0.5336955031654114	0.5805982146714328	0.6265807799097427	0.6716102113001394	0.7156690196176729	0.7587512281551589	0.8008594103956206	0.8420024699424005	0.8821939650275112
0.4	0.02870244365216315	0.07526822861615434	0.13105518055956178	0.19227448433433159	0.25667956647600754	0.3228162800883885	0.38970883947394785	0.4566865643405231	0.5232834397129871	0.5891743205930702	0.6541330406046049	0.7180040864885697	0.7806830016974811	0.8421025733989573	0.9022229426367563	0.9610244287912231	1.0185022640062655	1.0746626915847965	1.1295200511420909	1.1830945859247528
0.5	0.03751764682654202	0.09679019783855458	0.16750063251540015	0.24489691900583987	0.3261676580583941	0.4094993274225325	0.49367927947707546	0.5778780432693136	0.6615223629969096	0.7442147827800341	0.8256809451594753	0.9057340427904155	0.984250291537478	1.0611516915002976	1.1363937207081278	1.2099564333466972	1.2818379476790227	1.352049636160089	1.4206125438608872	1.4875547034807468
0.6	0.04730835737167595	0.11970820457327441	0.20574348359564099	0.29967376008922764	0.3981178901671276	0.49890676886172924	0.6005940872564852	0.7021960458426957	0.8030366414151988	0.9026503386060734	1.0007184333076582	1.0970262455457203	1.1914336712679159	1.2838545478422123	1.3742419700658086	1.4625777024814433	1.5488644592646619	1.6331202211755258	1.7153740184649848	1.795662780930261
0.7	0.0583456995227347	0.14424249417243312	0.24599507152743771	0.35681091196709214	0.4727330279017623	0.5912357974746132	0.7106437551876565	0.8298235028138059	0.9480010767830489	1.0646473500152682	1.1794033209828658	1.2920300141767846	1.4023741273029717	1.5103440399415575	1.6158927980528404	1.7190058868640214	1.8196923461127223	1.917978252790208	2.0139019027262997	2.107510225292355
0.8	0.07102081731596216	0.17066755344208756	0.28850511945719803	0.41654674962092186	0.5502412604105651	0.6867051962143331	0.8240372959043527	0.960959320233941	1.0966042964987492	1.2303841696487154	1.3619038389630722	1.4909037242642844	1.617220527632563	1.7407599294527163	1.8614772934492638	1.9793638517762329	2.094436703250407	2.2067315041822564	2.316297085402571	2.423191463185475
0.9	0.08591724737887546	0.19933015499635953	0.3335710708123887	0.47915553160079205	0.6309004061764376	0.7855584319697373	0.9410045789361279	1.0958201724211896	1.2490501434882306	1.4000522256278973	1.5483994831825072	1.6938154757899087	1.8361301475692233	1.975249255719799	2.1111328512643333	2.243779931434702	2.373217371599841	2.499491868992969	2.622664033906389	2.742804029884251
1.0	0.10393595258686116	0.23067489149317222	0.3815506333748899	0.5449554847791596	0.7150029710536498	0.8880672889172061	1.0617990227168996	1.2346425350998191	1.405559231107576	1.5738572208186703	1.7390819450125248	1.9009438174539808	2.0592692348901256	2.213966777023879	2.3650035170208223	2.5123881970587245	2.6561591459376217	2.796375521770429	2.933110917120864	3.066448662306687
1.1	0.1265102217918338	0.2652808319300708	0.43287618584751675	0.6143180947261022	0.8028822582524044	0.9945361473474903	1.1867007012272337	1.3776849924197703	1.5663706820965126	1.7520204570391842	1.934156126766526	2.11247852913539	2.286813614480179	2.4570754384255498	2.6232403486763314	2.7853287363657397	2.9433919900006735	3.0975030826310785	3.2477497304612974	3.394229392955225
1.2	0.15595106817867793	0.30391481908620377	0.488078327147768	0.6876797900026361	0.8949197811319092	1.1053070373062615	1.3160199356007602	1.5252308571057407	1.7317440736005452	1.9347802963594631	2.133841248814333	2.328621465485382	2.5189493334638566	2.7047468660232106	2.8860017953335735	3.0627479432831173	3.2350512573428745	3.4029997846694684	3.5666964217045063	3.726253643355207
1.3	0.19588591466301908	0.34760987131431853	0.547812645128191	0.7655567273415178	0.9915542942686448	1.2207656237801041	1.4501014532329783	1.6775911484789194	1.9019616126841363	2.122393772615281	2.3383720550291187	2.5495874637243796	2.7558733478252435	2.957161887468981	3.15345409197762	3.344798816817029	3.531277916769623	3.7129956429287425	3.890071016435458	4.062632315901588
1.4	0.25145139014359	0.3977792595687546	0.6128983324940058	0.8485636069227672	1.0932928386350043	1.3413483125146017	1.5893292105258032	1.835107978737502	2.077330568897467	2.315138366858588	2.548000123227835	2.775605318415143	2.997794251167864	3.2145110782817596	3.425771669223339	3.631641267838976	3.8322187810615613	4.0276256236985635	4.217997741976452	4.403479883097596
1.5	0.3285814081034559	0.4563844290046676	0.6843699843327753	0.9374377327629502	1.200724295152045	1.4675507030999289	1.7341319901939856	1.9981584034751227	2.258185992203267	2.513313960611957	2.7629952868237293	3.006918825365635	3.2449330456578664	3.4769953329642345	3.70313757664214	3.9234424322281303	4.13802673746757	4.347029812731501	4.5506051485344905	4.7489144730704105
1.6	0.43255341162586103	0.526166145340885	0.7635479070389929	1.0330698884463492	1.3145360581076675	1.5999376581555318	1.8849898994444896	2.1671587975113606	2.4448937456402176	2.71724498036128	2.9836471729872045	3.2437878958448634	3.497523954333751	3.7448264592175047	3.9857439176567393	4.220376988365253	4.448860978109483	4.671353580727871	4.888026226142559	5.0990579501581585
1.7	0.5673560288986887	0.6109366131748967	0.8521330782844322	1.1365440115967549	1.4355345727719786	1.739155302266008	2.0424419100173994	2.3425698209188854	2.637853882018357	2.9272827453975614	3.2102668610676828	3.486489740889371	3.7558152727906826	4.018227792625222	4.273792293292658	4.5226274764362255	4.7648872280331815	5.00074774413825	5.230398515738122	5.4540359891728585
1.8	0.7362822703494215	0.7158643172839647	0.952333326366201	1.2491880663522896	1.5646706181902028	1.8859453070137766	2.2070945926710848	2.5249020413714782	2.837504392002434	3.1438080285254326	3.443188662628443	3.7353201234896014	4.020070256703857	4.2974348279925	4.567494251181621	4.830384616349832	5.086277968172626	5.335368718978469	5.5778642124709705	5.813978141779877
1.9	0.9425553218594536	0.8475624030586787	1.0670249696574217	1.3726387762516823	1.7030703272570573	2.041161849328187	2.3796322030568056	2.7147222756253577	3.044325346139154	3.367233834760756	3.682772020906663	3.990594673757891	4.29056803964699	4.5826958620644795	4.867071735153248	5.143847620297823	5.413212649919009	5.675378664958997	5.930570259046988	6.1790178932191075
2.0	1.1894047435671364	1.0136742272177208	1.1999447246393795	1.5089226255472912	1.8520729585500448	2.2057916311928683	2.5608282661208075	2.9126607020148336	3.2588434442428293	3.598008396201127	3.9294035224507144	4.2526502585467405	4.567604573092679	4.87427264052832	5.1727575294597905	5.463224495084425	5.7458778973626465	6.020945616766296	6.288668426591087	6.5492927073724125
2.1	1.4797255950429853	1.2218110386842216	1.3558823297598948	1.6605539905412305	2.0132762422110626	2.3809772867924766	2.751558770894784	3.1194187727317226	3.4816369700585037	3.8366183708152723	4.183499006640494	4.521846392217607	4.851493577225905	5.172440999967069	5.484795690149431	5.788732328285681	6.084467692526209	6.372243598830906	6.652315380158475	6.924944057925636
2.2	1.815537846499577	1.4782323047648918	1.5407956955840532	1.8306469301028925	2.188589479598054	2.5680443220473776	2.9528170089414214	3.3357779126265927	3.71334112443248	4.083592217692729	4.445505749154821	4.798566669019325	5.14256748711233	5.47749149273149	5.803441954281817	6.1205975510772905	6.429183538086679	6.729452719348986	7.021672725634424	7.306117443123208
2.3	2.197467971168468	1.786969285289871	1.761699617683407	2.0230274960534342	2.380293067266826	2.768531337720481	3.1657299403144994	3.562608920677451	3.954653672538396	4.3395036996984055	4.715904682509432	5.083220189538107	5.441178373698911	5.789729979424173	6.128964115557656	6.45905616916151	6.780234591138443	7.092759238694649	7.3969070343445225	7.692962381316139
2.4	2.6244853604837775	2.1495927038522975	2.026131015032682	2.2423149331685535	2.5911000604041887	2.984222533145992	3.3915757098504455	3.800881877628479	4.206340785013895	4.604975434468896	4.995212599658743	5.376242943503316	5.747698812903944	6.109478169807881	6.461642352450022	6.8043539516340825	7.137837760524752	7.462355606684547	7.778189841251624	8.085632384216646
2.5	3.0940264314020376	2.565303997258788	2.341076537558067	2.493910414123319	2.8242098101445166	3.2171801545320613	3.6318015060152993	4.051676190525701	4.469242872787735	4.880682373823641	5.283984264384175	5.678099098506579	6.0625226685112885	6.43707408835898	6.801769492087843	7.156746565831618	7.502217759107799	7.8384404624167185	8.165697612131154	8.484284904463443
2.6	3.6024456580449833	3.0311820535383918	2.7115465570701724	2.783796313505042	3.083334522279902	3.4697723498614392	3.8880402779812826	4.316190149038252	4.7442801032158055	5.167355037173542	5.582814323701324	5.989282128479566	6.38606574558087	6.7728724353674306	7.1496511899185045	7.516499644221398	7.873607101119138	8.22121858963049	8.559611674635695	8.889081253788728
2.7	4.145590618743381	3.5426770543522577	3.1393491078276092	3.11803328140266	3.3726664661069137	3.744688515130032	4.162123815187208	4.595749003185794	5.03245713250666	5.465782253484191	5.89233888179579	6.310315696739834	6.718766260481033	7.117244808381236	7.505606001572433	7.883888767229001	8.25224603340495	8.610900819717209	8.960118107643298	9.30018648776391
2.8	4.71930161644354	4.09434168541007	3.6226720302044315	3.501901064386912	3.6967391334072017	4.044929530207515	4.456088270004836	4.89181007235016	5.334866388199209	5.776813076247455	6.213236551243903	6.641754185833815	7.061085061443439	7.4705797419532445	7.869965319417387	8.25919934358045	8.638382388006463	9.007703873681656	9.367407582798464	9.71776925280629
2.9	5.3197380487783406	4.680587308290916	4.1566843956884965	3.9388127353822133	4.0601292599261525	4.373754774870184	4.772166362531334	5.205962748892132	5.652688981447188	6.101357425476126	6.5462287452455215	6.984182740310545	7.413505519813422	7.83328251615412	8.243073142082155	8.642726367330411	9.032271342108785	9.411850133535921	9.78167515165703	10.142001590843789
3.0	5.943533272907006	5.2962447821826455	4.734802924310609	4.429385752486428	4.466967186410797	4.734563403930613	5.112758432765412	5.5399204887511555	5.987192026001775	6.440384881441206	6.892078915110324	7.338216659481104	7.776532997245808	8.205774676370979	8.625285640882673	9.034774028315153	9.434175070025251	9.82356733283321	10.203119971422321	10.573058696795892
3.1	6.587827704520426	5.936853487260716	5.350023843907543	4.971149731451001	4.920292101048844	5.13068835562556	5.480372771635444	5.895501080529533	6.339720810619341	6.794920913351223	7.251590372909733	7.704499946343675	8.150693778608453	8.588493198865965	9.016970482785581	9.435655150448502	9.84436227061074	10.243088155342454	10.63194496188605	11.011118623839522
3.2	7.250234077326122	6.598729292444904	5.995877943125741	5.559102168450744	5.421402701988903	5.565094720381921	5.877525457164911	6.274590872575947	6.711683964901591	7.166039687401287	7.625602275433601	8.083702788476039	8.536533345361384	8.98188922894811	9.418505865609648	9.845690430206378	10.263107552421193	10.670649730343312	11.068356385916273	11.456361931315053
3.3	7.928774161037637	7.278903937483757	6.666895627861694	6.186842372197982	5.9694483422735125	6.0400054107894645	6.306593136137158	6.67908861193756	7.1045295701711595	7.554852489936847	8.014983291743846	8.476517720487807	8.934613851297929	9.386426312208311	9.830279217951702	10.265207446068045	10.69069065817341	11.106493012641218	11.512563345717199	11.90897127010795
3.4	8.621809848426166	7.975012220950841	7.358697402323088	6.847750089881448	6.561474047488949	6.556523504478763	6.769620958117205	7.11082570002512	7.519710247669414	7.962490766441338	8.420622447230034	8.883654201123456	9.345510654106059	9.802578035139856	10.252685514388386	10.694539408821617	11.127395509751313	11.550862035394976	11.964777187146966	12.369130900456323
3.5	9.327979639865472	8.685172230194283	8.067882346278582	7.535810999024858	7.192939790251197	7.114360854230542	7.2681030656245715	7.571462673446775	7.958635810329069	8.390082877201326	8.843416652648836	9.305831338910334	9.76980775534203	10.230824990992936	10.68612515648864	11.134023622886968	11.573509055326578	12.004003024147156	12.425210804685195	12.837026137394103
3.6	10.046144560068294	9.407879119740494	8.791845622835092	8.245997985299528	7.858505619920834	7.711781172440397	7.80277183083837	8.062367006554755	8.422613313201113	8.838723981435493	9.284254513225648	9.743768528060496	10.208092012020092	10.671650991624858	11.13100137286526	11.583999630486765	12.029319901318487	12.466163361294774	12.89407784025752	13.312842719498414
3.7	10.775344006851952	10.141918580338325	9.528596221070135	8.974322291697252	8.552788372629474	8.345802118006175	8.373446139408275	8.584484513910196	8.912776429538225	9.30943905873572	9.743996199547697	10.198173822343605	10.660946009666631	11.125538458328684	11.587717097809861	12.044807014094145	12.495116714114994	12.937590391658699	13.371591770072609	13.796766097279443
3.8	11.514760520515765	10.88629939608793	10.276603225032428	9.71771233651918	9.270889517356993	9.01260114847755	8.978987160554016	9.138223893023522	9.430008938569438	9.803140005577838	10.223449474491888	10.6697299900413	11.12893953410933	11.592962946285814	12.056671298931333	12.51678283851908	12.971186379949897	13.418530061952888	13.857964875037275	14.288980638487978
3.9	12.263691994423791	11.640202081660824	11.034676197308821	10.473836037060828	10.008651236016952	9.707996731351852	9.617385918367667	9.72337802800821	9.974870267959359	10.320578977293268	10.72334242097249	11.159078366363394	11.612619651652578	12.07438679029335	12.538254740579784	13.000258722726572	13.457811916297004	13.90922538994617	14.353407092170327	14.789668748822972
4.0	13.021529852599794	12.402940172702204	11.80187617871576	11.24092805576512	10.762703352470234	10.427873524233807	10.28596769161954	10.33910307684169	10.547533553589219	10.862301531782544	11.24429398812617	11.666800852695339	12.11249950703595	12.570251905206199	13.032845192403801	13.495557543366933	13.955270134786478	14.409914763000529	14.858124746835932	15.299009908062597
4.1	13.787741921905482	13.173931139135794	12.577449402307645	12.017645604954446	11.530391213051248	11.168474668334367	10.98166302929954	10.983965716367074	11.147747341536826	11.42860437098161	11.786784110477386	12.193400695055862	12.629046074755394	13.08097183342867	13.540802121514458	14.002989787255053	14.463829064071234	14.920830070570158	15.372319168583317	15.81717962348022
4.2	14.56185893997923	13.952674487319427	13.360781640280722	12.802956802434743	12.309656268859827	11.926550074619756	11.701281963614115	11.656052928647963	11.774829870232695	12.019503153529364	12.351125746982566	12.739282981426204	13.162667245977609	13.60692320248112	14.062460942140868	14.522849588635296	14.983745151329352	15.442194681133655	15.89618519689489	16.344348304618357
4.3	15.343463887090493	14.738735191334	14.151362967890321	13.596057606644388	13.098911927311551	12.69939160368421	12.441740214743211	12.353123597377351	12.427699745579204	12.634715552539497	12.937441583409747	13.304736085205262	13.713698787970264	14.148436834486448	14.59812693725932	15.05541050864981	15.515260272992077	15.974221280880421	16.42990958723238	16.880680065974012
4.4	16.132183494492658	15.531731228519622	14.948763231101722	14.396311282086662	13.896934231359186	13.48479827670781	13.200212377966205	13.07277320583769	13.104939962532745	13.273663230331199	13.545648179998505	13.889915490525983	14.282391856304255	14.7057888300528	15.14806901024658	15.600921138173618	16.058598598573816	16.517109599120204	16.973669332323098	17.426331466971643
4.5	16.927681441183132	16.33132323611436	15.752613933713173	15.203204696397647	14.702773260875125	14.281008284653302	13.97421213049833	13.812584563122142	13.8048858083493	13.935493837401848	14.1754499069887	14.494831499515804	14.868901847008893	15.27919202232432	15.712513467793972	16.15960062977254	16.613963365550276	17.071044053609555	17.527629918537613	17.981450201601113
4.6	17.729652863571758	17.13720795741153	16.56259489706314	16.016316843635273	15.51568455967002	15.086622193755474	14.761614608462516	14.570246375960703	14.525723348238126	14.619121068282775	14.826344076362652	15.119342187859523	15.473279419082015	15.86878825172521	16.29163807361982	16.731634288162702	17.181533637345453	17.636191357421165	18.09194354234554	18.546173753272413
4.7	18.53781996667838	17.949111708316693	17.378424339732078	16.835296125261777	16.335077428572063	15.900530616546067	15.560640669537985	15.343632690604487	15.265584984475367	15.323278029749005	15.49763737256346	15.763152620461897	16.095464473577824	16.474641936110842	16.88556664064422	17.31716936887741	17.761461129582464	18.212698137149943	18.66674731689524	19.120628033625856
4.8	19.351928065656264	18.766785885779782	18.199851423064047	17.65984386923644	17.160476485090044	16.721852006334373	16.369820546880558	16.130845439208237	16.022631525554253	16.04657744621801	16.188472260491537	16.42582078826414	16.735283730743056	17.09673539412936	17.494364441737694	17.91631124930504	18.353867200651955	18.80068861959065	19.252161503540066	19.704926027102296
4.9	20.17174302016627	19.590003253307408	19.02665058800234	18.48970229065585	17.991493275478835	17.54988187361754	17.18794954929577	16.930227596213847	16.795114783346722	16.787571928140718	16.89786081777374	17.106770056458547	17.39245230501584	17.73496631498779	18.1180347111205	18.529120142232035	18.958840110029655	19.400262449861586	19.84828780724367	20.299166465859834
5.0	20.9970484218034	20.418554947132456	19.858617204256184	19.324645623900853	18.82780534709003	18.3840526081559	18.014043625445858	17.740356019997193	17.581419257943057	17.544808557321012	17.624722669193375	17.805307237796484	18.06657936270202	18.38914765536997	18.756516476793653	19.15560851725905	19.57643265035453	20.011492707643985	20.45520777791065	20.903432561919388
5.1	21.82764356758611	21.252248040157927	20.69556418955501	20.16447353078713	19.669140796864973	19.22390228919741	18.847298895327594	18.560022215188223	18.380084845661898	18.316873912686184	18.36792353052283	18.52064484625725	18.757177600156847	19.059010091725362	19.40968390854755	19.795739378445674	20.20666025599017	20.634424189081493	21.072981361453955	21.517790825045722
5.2	22.66334168685476	22.090903541317836	21.537319352706156	21.00900615251957	20.515266820132	20.06905073839968	19.68705681425613	19.3882073475552	19.189814349617826	19.10242775473174	19.12631126516641	19.251925744874107	19.463675952765307	19.74420697902117	20.077347288885512	20.449425516979012	20.849499680919735	21.269072019442874	21.70164564447166	22.14228999562881
5.3	23.503968435696887	22.934354737732562	22.38372328183679	21.85808035752974	21.365981179077682	20.919181238196703	20.532775224366752	20.224055804869955	20.009470089425488	19.900225399465125	19.89874715157258	19.998248323986566	20.185434686965763	20.44432158649455	20.759255621787368	21.116529816647606	21.50488832222139	21.915420655548427	22.3412138345497	22.776960121550886
5.4	24.34936061028146	23.782445809036044	23.234627647213305	22.711546866173677	22.22110580594185	21.774026604026243	21.38400483736246	21.066849887483848	20.838063552143847	20.709130069313158	20.684131021938764	20.75869051858252	20.92176187589071	21.158876219989555	21.45510079555614	21.796866640069894	22.172724242531	22.573423327136545	22.991674514239847	23.421811806587456
5.5	25.19936504043527	24.635030659592456	24.089893822349694	23.569268023670215	23.080481972515283	22.63335856840637	22.2403704046111	21.91598696741499	21.67474125205318	21.52811716510939	21.481419850222288	21.532331331567693	21.671930229473425	21.887342719577873	22.1645231215164	22.490204268930828	22.85286691702774	23.243001953058787	23.652991200688678	24.07683565522413
5.6	26.05383763264316	25.491971926567647	24.949391751799425	24.43111605632161	23.943966614298414	23.496979670816916	23.101555775089746	22.770959638580166	22.51876909922185	22.356272566974358	22.289640096097227	22.318268983688448	22.435193334402307	22.629153754158846	22.887117990361507	23.196268316762875	23.54513869943069	23.924047552032714	24.32510223485623	24.742001934873308
5.7	26.912642537625814	26.353140131063103	25.812999011951373	25.296971691128775	24.81142951054869	24.364717039669593	23.967292098870125	23.63133889490682	23.36951680017126	23.192786908841704	23.107894591088318	23.115635271249875	23.210800531386955	23.38371432636564	23.622443330870517	23.91474598314344	24.249326969565786	24.61642114955772	25.00792101457007	25.41726047144588
5.8	27.775651422450398	27.218412946520562	26.680600024230117	26.166723051034808	25.682751102602264	25.236417603320366	24.837348535708372	24.496760114850684	24.226443202188374	24.036947440217833	23.93536499223264	23.923606111504895	23.998009879639262	24.15041294684231	24.37002752667279	24.645290978152673	24.965186894791557	25.319955163657887	25.701336574774036	26.102540788231906
5.9	28.642742830841765	28.087674563989772	27.552085389751817	27.040264761039143	26.55782079122729	26.11194438238186	25.71152493910858	25.366911516924876	25.08908305289331	24.888128708186972	24.771310876579197	24.741408554129585	24.79609889308056	24.928632024824086	25.129377446853237	25.38752891899798	25.692444711382656	26.03445523363722	26.405214506861093	26.79775249132958
6.0	29.51380161834534	28.960815137966122	28.42735110996767	27.917497217062614	27.436535595893822	26.99117360264029	26.58964608913406	26.241524046358247	25.95703535362783	25.745782935524545	25.615066469899993	25.56832472553649	25.604371672515533	25.71775713571193	25.899986272802057	26.141062988666153	26.430801411888314	26.75970052946476	27.11939819758031	27.502785897759697
6.1	30.388718451337414	29.83773029972024	29.30629915658454	28.798325981522883	28.318799089344896	27.87399243308275	27.471557135754725	27.12036706987427	26.829953304367827	26.609430672205352	26.46603585376739	26.403693261581978	26.42217143634067	26.51718494904464	26.681340851071276	26.905479649376446	27.179936711907793	27.495455844387607	27.843710357374505	28.217512895259713
6.2	31.267389360797047	30.71832072753286	30.188834931172515	29.682661278420863	29.20452054302537	28.760297202165788	28.357119987432526	28.003235389235137	27.707535736257174	27.478652067327573	27.323687321614862	27.24690879552247	27.24887186594372	27.326329717216698	27.472928362681543	27.680354219871987	27.939513165222994	28.24145528752217	28.57795479879515	28.941788015959254
6.3	32.14971534326674	31.602491765234227	31.07486901176113	30.570417567273893	30.093614235152753	29.649991981698854	29.246210438125622	28.889950934971715	28.589519878745342	28.353078942006928	28.18754738593183	28.09742002695473	28.083892181580403	28.14462832583119	28.274242165501597	28.46525615233396	28.709180299606807	28.99742433910023	29.321918418365634	29.67544970005339
6.4	33.035602002669066	32.490153081971584	31.964315768787447	31.46151318006058	30.985998885124083	30.542987454720283	30.138715872028836	29.78035528711983	29.47567529195525	29.23238773032614	29.05719479139454	28.954726826779286	28.926691618438067	28.971543984739178	29.084786731005654	29.25975387836828	29.488578655910256	29.763073340267926	30.07537333031419	30.418321720528617
6.5	33.92495922767241	33.38121836739456	32.85709328838419	32.35587000896506	31.881597186760736	31.439200003909917	31.03453342138521	30.674307016189026	30.36579879760549	30.116293282714913	29.93225476881776	29.818376750742416	29.776770396640753	29.806568692875793	29.904081654530067	30.063419130334722	30.277343628743864	30.538102443969713	30.838079098183094	31.170214736211967
6.6	34.817700900093875	34.27560505742448	33.753123115489515	33.25341323543387	32.78033541943418	32.33855097217976	31.9335684806373	31.571678968674647	31.259710254616778	31.004543483003932	30.812393672585564	30.6879612521035	30.63366854521777	30.649224641502936	30.731664765668	30.87583068088016	31.075109026417458	31.322204584297353	31.60978501038777	31.930927938031893
6.7	35.71374463053888	35.17323408657447	34.65233002375127	34.154071093113316	33.68214312101181	33.240966058427944	32.835733501774996	32.47235605126399	32.157249042793346	31.896914607678365	31.6973140766524	31.563111809729214	31.496964108324335	31.49906473295263	31.567094401125665	31.696577477138206	31.881510288928904	32.115068310029095	32.39023234822739	32.70025075250798
6.8	36.613011518032934	36.07402966343842	35.5546418083868	35.057774658815475	34.58695281022499	34.14637481998246	33.74094701240345	33.37623341655234	33.05827113637823	32.79320734661074	32.586750356959435	32.44349612490591	32.3662709457455	32.35567238990001	32.40995092627553	32.525261174800335	32.696187323982954	32.916380429714266	33.17915659924027	33.477964567016784
6.9	37.51542593082957	36.97791906649155	36.45998909883867	35.964457666857626	35.49469974885258	35.05471025973853	34.649132810901655	34.283214972410846	33.96264666698655	33.69324340368974	33.48046475671636	33.32881448932972	33.2412362984274	33.21866081808077	33.259837604938255	33.36149810008674	33.51878694087347	33.72582842812292	33.976289574758354	34.263844443244814
7.0	38.42091530604733	37.884832457780284	37.36830518860571	36.87405634306078	36.40532173620897	35.96590848091499	35.56021930296943	35.193212152707744	34.87025789150635	34.59686259983333	34.37824391139445	34.218796387376244	34.121538251393076	34.0876718671969	34.11638092144735	34.20492068433251	34.348964879527685	34.543102626463586	34.78136139751619	35.05766078817862
7.1	39.32940996603261	38.79470271242629	38.27952588007349	37.786509255410714	37.3187589300471	36.87990839609808	36.474138951541114	36.106142899549695	35.780997494663175	35.50392040750263	35.279895799149834	35.113197366447075	35.00688319274392	34.962374613732464	34.97923045685376	35.05517842669912	35.18638744647085	35.367898070700576	35.59410233272574	35.85918095579502
7.2	40.24084294967115	39.707465262186744	39.193589342503444	38.701757178948036	38.234953689219964	37.79665148013613	37.39082781798506	37.021930817152466	36.694767168036144	36.414285853547796	36.185247077093244	36.01179618816154	35.89700333923968	35.842463767905635	35.8480584142564	35.91193844622018	36.03073278065838	36.19991614304565	36.414244443665474	36.66817075699585
7.3	41.15514985708883	40.623057951536616	40.110435981641245	39.61974297290645	39.15385043440694	38.71608155865179	38.31022517714686	37.940504465375696	37.611476417511895	37.32783973510005	37.09414076239997	36.91439225870755	36.79165437615785	36.72765798658441	36.722558878469094	36.774885685859616	36.88169178006933	37.038865900850354	37.24152306015197	37.484395860013834
7.4	42.072268706384946	41.54142090494976	41.03000831962392	40.540411468471135	40.07539552393865	39.63814462566687	39.232273192383886	38.86179676725224	38.53104155966983	38.24447310072001	38.00643421828019	37.820803327202036	37.69061324131312	37.617698155631366	37.60244688401907	37.643722829525544	37.73896872495027	37.884465154517315	38.07567805494901	38.30762306827072
7.5	42.99213980118844	42.46249640423552	41.95225088407034	41.46370936578608	40.999537142357454	40.56278868515647	40.15691663957111	39.78574450987	39.45338487463195	39.16408595589675	38.92199740726292	38.730863435188624	38.593676069605614	38.512345689296005	38.487457353904475	38.51816998898041	38.60228163601744	38.736441301633384	38.91645492900103	39.13762146722341
7.6	43.914705608016384	43.38622877494454	42.87711010538072	42.38958513911243	41.92622519977239	41.489963612398974	41.084102671256936	40.71228792195154	40.37843388871634	40.08658615809602	39.840711377480396	39.64442109731559	39.5006563045316	39.41138088100306	39.37734396039606	39.39796421215108	39.47136240627611	39.59453193839352	39.763605711247344	39.97416343597763
7.7	44.83991064248639	44.31256428093926	43.804534221418436	43.31798894916031	42.85541124046044	42.41962103179598	42.013780613899364	41.641370314671704	41.306120764985614	41.011888471904854	40.76246695111321	40.561337692036034	40.41138297604016	40.31460132911984	40.27187794892621	40.28285885814664	40.34595674386283	40.45848527172117	40.61688968260276	40.81702552319593
7.8	45.767701363569145	45.241451026384226	44.73447318885153	44.24887256181509	43.787048359422	43.35171420848508	42.945901792478544	42.572937774802	42.23638178368267	41.9399137594207	41.6871635876868	41.48148604119109	41.32569913931735	41.221820452757775	41.170846957044404	41.17262287788337	41.22582396092956	41.32806035650321	41.47607393653653	41.6659891900358
7.9	46.698026075172166	46.17283886446609	45.666878600512625	45.18218927257022	44.72109112583622	44.286197951571665	43.88041937788039	43.506938901303464	43.16915689772928	42.87058828496505	42.614708398253605	42.404749158173026	42.243460465989706	42.13286610608404	42.07405385262683	42.06704003295455	42.11073664046897	42.20302718230926	42.34093379058822	42.52084142546551
8.0	47.63083483438858	47.106679312240004	46.60170360823674	46.117893836079865	45.65749551254393	45.22302852720778	44.81728825330074	44.443324578137016	44.10438935107004	43.803843116536854	43.54501528958434	43.33101914566295	43.16453397743687	43.04757929466714	42.98131560899324	42.965908079540014	43.00048020945461	43.083166633105	43.21125306426835	43.38137524133674
8.1	48.56607936584061	48.042925471071364	47.53890285067879	47.05594240033903	46.596218830825315	46.162163580073326	45.75646489662568	45.38204777736877	45.042025349771635	44.73961360922851	44.478004220294174	44.26019622548295	44.088796909008636	43.96581299376636	43.8924622292451	43.869037938868836	43.894852443011104	43.96827034200513	44.08682423917701	44.24739005605686
8.2	49.503712981607805	48.98153195219951	48.47843238568391	47.996292445046	47.53721966986138	47.103562062066466	46.697907276288305	46.32306338771525	45.98201377753433	45.67783895819034	45.41360055330414	45.19218788474666	45.016135693717295	44.887431065917994	44.80733572784597	44.776252871110415	44.79366292071986	44.858140461280456	44.967448517030334	45.11869197666535
8.3	50.44369050627871	49.922454806992185	49.42024962683325	48.93890272377877	48.48045784035994	48.04718416721438	47.64157475855051	47.266328064530384	46.92430594869022	46.61846181071843	46.35173449122109	46.12690812413748	45.946445054180195	45.81230727345226	45.72578917410117	45.68738766557087	45.69673245275811	45.7525893657629	45.85293579068969	45.99509398963304
8.4	51.385968206708164	50.86565146150842	50.364313283812976	49.88373320964531	49.42589432191037	48.99299127199506	48.58742802451675	48.21180009793966	47.8688553929439	47.561427928686136	47.2923405831276	47.06427679569276	46.879627192092045	46.740324380486456	46.647685799612624	46.60228785672914	46.60389249042775	46.651439305648005	46.74310454237877	46.87641607083432
8.5	52.33050372608611	51.81108065503578	51.3105833063095	50.83074504412096	50.3734912136875	49.9409458803787	49.53542899548337	49.15943929637767	48.815617667066064	48.506685893945395	48.23535729290347	48.00421901895795	47.8155910651696	47.671373338329886	47.57289816983573	47.52080897285062	47.514984532827164	47.55452202256672	47.637781682165965	47.762485224919274
8.6	53.27725602201366	52.758702382283765	52.25902083116057	51.77990048880933	51.32321168818458	50.89101157301966	50.4855407654539	50.10920688326764	49.76455018954084	49.45418685046105	49.1807266206275	48.946664665692225	48.754251742289796	48.605352547982996	48.501307418461835	48.44281582168675	48.42985953895504	48.46167834076116	48.5368023385469	48.65313546437376
8.7	54.226185308284	53.70847783895965	53.20958813250229	52.73116287990527	52.27501994769558	51.843152960117436	51.43772753985488	51.06106540494379	50.71561209482512	50.40388427794231	50.12839376982048	49.891547904534846	49.69552982832533	49.54216719339635	49.43280254235094	49.36818181594477	49.34837735240865	49.37275774329422	49.44000961167307	49.54820773657882
8.8	55.177253000024024	54.66036937046859	54.16224857471042	53.68449658514623	53.228881183303464	52.79733563753465	52.391954579628816	52.01497864823694	51.668764104410165	51.35573379251621	51.07830685432794	50.83880679809952	50.63935095099449	50.481728639332054	50.36727975407463	50.29678833982764	50.270406144048756	50.28761794150948	50.347254298482945	50.447549808829415
8.9	56.1304216620426	55.614340423524574	55.11696656790455	54.63986696307118	54.1847615361626	53.75352614582383	53.3481881500338	52.97091156639178	52.62396841232643	52.30969297069357	52.03041663953273	51.78838294594342	51.5856453027989	51.42395388793693	51.30464188871973	51.22852415684502	51.19582187649091	51.20612444440412	51.25839459775524	51.351016118170136
9.0	57.08565496008677	56.57035550043259	56.07370752587568	55.597240324422884	55.142628060888995	54.711691931867584	54.30639547355775	53.92883021219973	53.581188583100904	53.265721193434544	52.98467631334841	52.74022116768248	52.534347231848315	52.36876508849927	52.244797861389166	52.16328485829377	52.12450779306561	52.128150133231955	52.17329580192756	52.258467593525516
9.1	58.04291761479847	57.52838011589	57.03243782622456	56.556583895544186	56.102448690892274	55.67180131286877	55.266544686464826	54.8887016774052	54.54038946048517	54.22377950759951	53.94104128308106	53.694269221272286	53.485394876043	53.31608909523946	53.18766217176795	53.10097235121549	53.05635393287454	53.05357484547944	53.091829981446054	53.16977145632267
9.2	59.00217535824315	58.488380756105634	57.99312477258816	57.51786578363156	57.064192205503	56.63382344248044	56.228604798555295	55.85049403758225	55.50153708552365	55.183830502486884	54.899468994816814	54.650477552117984	54.43872983569513	54.26585706839791	54.13315445213496	54.04149438422199	53.991256672786854	53.98228497136491	54.01387566644152	54.084801005111395
9.3	59.963394892756334	59.45032484009403	58.95573655881514	58.481054943715826	58.02782819876714	57.597728278866306	57.192545655784095	56.81417630180846	56.464598622754	56.14583819948048	55.85991877244127	55.608799069236454	55.39429688022784	55.21800411427812	55.08119905533826	54.98476410930717	54.929118296584534	54.9141730651568	54.93931752964435	55.003435388950464
9.4	60.926543852004926	60.41418068297801	59.920242234942855	59.44612114727074	58.99332704978603	58.56348655454187	58.15833790542789	57.779718366544024	57.429542293504845	57.109767953122315	56.82235167381697	56.56918894518904	56.35204368508767	56.172468960300876	56.03172467937309	55.93069967760112	55.86984659099615	55.84913747292637	55.868046073688745	55.925559373631856
9.5	61.8915907640851	61.3799174612126	60.88661167488323	60.41303495234272	59.96065989449653	59.53106974783242	59.12595296354298	58.74709097324253	58.396337315405226	58.07558636217482	57.78673036197604	57.53160443692402	57.31192059545975	57.12919366149179	56.98466402541264	56.879223866938254	56.81335446798813	56.7870819777556	56.79995732529758	56.85106310420814
9.6	62.85850501653521	62.347505179537336	61.85481554569589	61.3817676750935	60.92979859880457	60.50045005582707	60.095362984477774	59.71626566924658	59.36495384735644	59.043261189428044	58.75301898948264	58.496004725032584	58.27388041376388	58.0881233351775	57.93995348632999	57.83026373909896	57.75955961243031	57.72791546297106	57.73495253824561	57.779841866781595
9.7	63.82725682315479	63.31691463961527	62.82482527835364	62.35229136268922	61.90071573297092	61.47160036871255	61.066540832257665	60.687214771614215	60.33536293930916	60.01276128918883	59.72118309436756	59.462350769252936	59.23787820827158	59.04920592098414	58.897532862969875	58.78375032460669	58.7083841540572	58.671551593596604	58.67293790652894	58.71179585142651
9.8	64.79781719246103	64.28811741021194	63.79661303990456	63.324578767439895	62.873384547182646	62.44449424537941	62.039460053648604	61.65991133356133	61.30753648628965	60.984056541528936	60.69118950625138	60.430605178323816	60.20387114049389	60.01239196353025	59.85734510563532	59.73961833303289	59.65975436254068	59.61790851592038	59.613824288760284	59.64682991944685
9.9	65.77015789776969	65.26108579882295	64.77015170696434	64.29860332212957	63.847778948231735	63.4191058902156	63.01409485276499	62.634329113240334	62.28144718619777	61.95711779250914	61.663006261463764	61.40073209253238	61.17181830926373	60.97763441547582	60.819336078461006	60.69780588684227	60.61360036440405	60.566908574860605	60.557526944446295	60.58485337480746
10.0	66.74425144868991	66.23579282467907	65.74541484043108	65.27433911645255	64.8238734772363	64.3954101309984	63.99042006708504	63.610442544622856	63.25706850094556	62.93191679967504	62.63660252610348	62.372697077514395	62.14168060968633	61.94488845883686	61.78345434454624	61.658254276916836	61.56985588049213	61.518478048628396	61.50396528255239	61.52577974220546
10.1	67.7200710640354	67.21221219302818	66.7223766613759	66.25176087450775	65.80164328834523	65.3733823978181	64.96841114475492	64.58822671027677	64.23437462058942	63.90842618224372	63.611948526148765	63.34646702803261	63.11342060533675	62.914111342688734	62.74965096990838	62.62090773800049	62.52845798269651	62.47254690007603	62.4530626225092	62.46952655218305
10.2	68.69759064603991	68.19031827062965	67.7010120280307	67.23084393328367	66.78106412836745	66.35299870296048	65.94804412307393	65.56765731585693	65.21334043012773	64.88661937545064	64.58901548381341	64.32201008063552	64.08700241228267	63.88526223559126	63.71787934448292	63.585713242426834	63.48934686866499	63.42904854402362	63.40474596765	63.416015134019126
10.3	69.67678475575443	69.17008606238075	68.68129641381108	68.21156422207525	67.76211231727736	67.33423562168944	66.92929560808228	66.54871066615364	66.19394147869444	65.866470588614	65.56777555946725	65.29929553421238	65.0623915936679	64.85830209123495	64.688095018575	64.55262031060352	64.45246565325509	64.38791962980885	64.35894579090704	64.36517041685762
10.4	70.65762858964754	70.15149118901824	69.66320588632522	69.19389824280252	68.74476472954105	68.31707027387507	67.91214275515368	67.5313636425511	67.17615395090785	66.8479547665122	66.54820179851185	66.278293777595	66.0395550637438	65.8331935259801	65.66025555330965	65.5215808368376	65.41776017554882	65.34909983826631	65.3155958325033	65.31692073934224
10.5	71.64009795723635	71.13450986583581	70.64671708729327	70.1778230511505	69.72899877623318	69.30148030641591	68.89656325052955	68.51559368178394	68.15995464016022	67.83104755373398	67.53026808268666	67.25897622346118	67.0184610003597	66.80990070709086	66.6343203837593	66.49254892920081	66.38517882028634	66.31253169233345	66.27463290927376	66.27119766789811
10.6	72.6241692597887	72.11911888234171	71.63180721335596	71.16331623851585	70.71479238788733	70.28744387641255	69.88253529372643	69.50137875587139	69.14532092366638	68.81572526170164	68.51394908533491	68.24131524785989	67.99907876503937	67.78838925060627	67.61025069357092	67.46548076223002	67.35467235265456	67.27816038048464	67.23599673520238	67.22793582367218
10.7	73.60981946993675	73.10529558282616	72.61845399770412	72.15035591470784	71.70212399804993	71.27493963504007	70.87003758075416	70.48869735314351	70.1322307391024	69.80196483806247	69.49922023022744	69.22528413479665	68.98137882987224	68.76862612788976	68.58800930000987	68.44033444136691	68.32619376541943	68.24593359220069	68.19962975271082	68.1870727180625
10.8	74.59702611223248	74.0930178477874	73.60663569248447	73.13892069135598	72.69097252750103	72.26394671209361	71.85904928809511	71.47752846025791	71.12066256269708	70.78974383837831	70.48605765357742	70.21085702534363	69.96533271052448	69.75057958001553	69.56756054845904	69.41706987811976	69.29969813745473	69.21580136471228	69.16547697420985	69.1485485966844
10.9	75.58576724455659	75.08226407614345	74.59633105196052	74.12898966600156	73.68131736910766	73.25444470116265	72.84955005739589	72.46785154514892	72.11059538863984	71.7790403995215	71.47443816893349	71.19800887083102	70.95091290476627	70.73421903922595	70.5488702154931	70.39564867503103	70.27514250278823	70.18771594027326	70.1334858334192	70.11230629155997
11.0	76.57602144033946	76.073013168221	75.5875193163669	75.12054240683355	74.67313837327569	74.24641364539822	73.8415199808211	73.45964654082064	73.10200870969939	72.76983321509768	72.46433923466714	72.18671538971053	71.93809283596948	71.71951505678449	71.5319054197437	71.37603401960203	71.2524857293438	71.16163163326071	71.10360604591686	71.07829108129245
11.1	77.56776777154512	77.06524450946385	76.58018019643346	76.11355893803496	75.66641583397478	75.23983402385046	74.83493958703687	74.45289382993973	74.09488249894319	73.76210151235287	73.45573892380571	73.17695302773251	72.92684680109222	72.70643923661122	72.51663454131358	72.3581905864067	72.23168840661957	72.13750470643615	72.07578947845347	72.046450558927
11.2	78.56098579237414	78.05893795481823	77.57429385854198	77.10801972571308	76.66113047530749	76.23468673834199	75.82978982778137	75.44757423015507	75.08919719247419	74.75582503057724	74.44861589599391	74.16869892111853	73.9171499227201	73.69496417416343	73.50302714031503	73.34208444669515	73.21271274159348	73.1152932557072	73.04999002649578	73.01673450721024
11.3	79.55565552367354	79.05407381377604	78.5698409104883	78.10390566437994	77.65726343859131	77.23095310084783	76.82605206499123	76.44366898010723	76.08493367310298	75.75098400087246	75.44294937137694	75.1619308624482	74.90897810478184	74.68506340006545	74.49105389578102	74.32768298484169	74.19552246222493	74.09495710281894	74.02616349953533	73.98909478090819
11.4	80.55175743799056	80.0506328360273	79.56680238780523	79.10119806396594	78.65479626994079	78.22861482136211	77.82370805845223	77.44115972607558	77.0820732548801	76.74755912701539	76.43871910624343	76.15662726900379	75.90230799159288	75.67671132805575	75.48068653549116	75.3149548210554	75.18008272791221	75.07645769539837	75.00426751367878	74.96348519587558
11.5	81.54927244525244	81.04859619769138	80.56515974064615	80.09987863732901	79.65371090831398	79.2276539962269	78.82273995394108	78.4400285092215	78.0805976684213	77.74553156769836	77.4359053702637	77.15276715335463	76.89711692991878	76.66988320685323	76.47189777781716	76.30386973984177	76.16636004640071	76.05975801381912	75.98426139107522	75.93986142453315
11.6	82.54818187901004	82.04794548811766	81.564894821163	81.09992948824582	80.6539896740057	80.228053096899	79.82313027184173	79.44025775339004	79.08048904697522	78.74488291954466	78.43448892518448	78.15033009596274	77.89338293379383	77.66455507559326	77.46466127657726	77.29439862368581	77.15432219660397	77.04482248440333	76.96610606574805	76.91818089743053
11.7	83.5484674832629	83.048662697204	82.5659898713976	82.10133309985997	81.65561525757634	81.22979495913188	80.82486189620006	80.44183025343904	80.08172991317392	79.7455952011991	79.43445100486328	79.1492962196566	78.89108465183368	78.6607037225141	78.45895156993716	78.28651339157628	78.14393815687696	78.03161689849466	77.94976399541842	77.89840271057066
11.8	84.5501113998163	84.05073020321181	83.56842751162658	83.10407232356187	82.6585707091798	82.23286277255721	81.82791806420126	81.44472916405915	81.08430316641734	80.7476508382646	80.43577329651208	80.14964616578598	79.89020133682848	79.65830664660652	79.45474403300946	79.28018694192673	79.13517803831292	79.0201083369794	78.93519907893028	78.88048753818029
11.9	85.55309615612641	85.05413076106622	84.57219072915643	84.10813036828179	83.6628394282867	83.23724007065437	82.83228235605014	82.44893798905596	82.08819207085375	81.7510326490459	81.43843792307112	81.15136107192777	80.89071281743246	80.65734202196866	80.45201483383195	80.27539309954747	80.12801302267145	80.01026509985314	79.92237657891009	79.86439755061826
12.0	86.55740461905154	86.05884738659459	85.57726270727998	85.11349057254085	84.66840487714859	84.24291040871343	83.83793828571295	83.45444010459349	83.09337971481102	82.75572323457654	82.44242678846474	82.15442181469591	81.89259865679553	81.65778778174867	81.45074334282334	81.27210556007829	81.12241770125028	81.00205901227389	80.91126539768952	80.85009866358327
