αωE	0.1	0.2	0.3	0.4	0.5	0.6	0.7	0.8	0.9	1.0	1.1	1.2	1.3	1.4	1.5	1.6	1.7	1.8	1.9	2.0
12.0	-8.553854225605654	-8.60757232952129	-8.661022144914462	-8.714193186051858	-8.76707419259824	-8.819653105335043	-8.871917050015869	-8.923852331753483	-8.975444442356956	-9.026678083289617	-9.077537206832453	-9.128005077777498	-9.178064357720217	-9.227697213143928	-9.276885447687695	-9.325610657991243	-9.373854410344196	-9.421598435558128	-9.468824836018573	-9.51551629927285
11.9	-8.480329194123712	-8.534071743356161	-8.587545925710387	-8.640741108443084	-8.693645860393588	-8.746247925987468	-8.798534207672308	-8.850490759320099	-8.902102793175969	-8.95335470319604	-9.004230107534681	-9.054711912669662	-9.104782401364835	-9.154423345743483	-9.203616145865924	-9.252341993106715	-9.300582055365552	-9.348317681193203	-9.395530616389763	-9.442203226927019
11.8	-8.406918160258085	-8.460685581702514	-8.514184574098906	-8.567404354297274	-8.620333315940167	-8.672959001638056	-8.725268083885346	-8.777246357401376	-8.828878745649	-8.880149324559829	-8.931041366415426	-8.981537406550508	-9.031619335218258	-9.081268515975806	-9.130465930982893	-9.179192352398703	-9.227428536694688	-9.275155438595243	-9.322354437763087	-9.369007571533341
11.7	-8.333622616864941	-8.387415349369583	-8.44093960768479	-8.494184454747973	-8.547138104473248	-8.599787891977464	-8.6521202528688	-8.70412071444319	-8.755773901727903	-8.807063561601584	-8.857972608145262	-8.908483192081633	-8.958576796794382	-9.008234362375514	-9.057436438089772	-9.106163362316776	-9.154395466546791	-9.202113299736235	-9.24929786565449	-9.295930865930512
11.6	-8.26044408983329	-8.314262584660407	-8.36781257807333	-8.421082975476999	-8.47406180635755	-8.526736192428746	-8.579092325177164	-8.631115455824473	-8.68278990084701	-8.734099066498771	-8.78502549571395	-8.835550940453464	-8.885656462150543	-8.935322561798761	-8.984529340063387	-9.033256686336417	-9.081484493040398	-9.129192891041003	-9.176362498264997	-9.222974673584206
11.5	-8.187384139123044	-8.24122886043224	-8.29480507195612	-8.348101517828447	-8.401106038231632	-8.453805535323356	-8.506185948913533	-8.5582322450955	-8.609928421188512	-8.661257530672211	-8.712201731729262	-8.762742362684456	-8.812860047172073	-8.862534830675326	-8.911746348805801	-8.960474026084732	-9.008697301227908	-9.056395874302712	-9.103549967264293	-9.150140589226286
11.4	-8.114444359844565	-8.168315785200637	-8.221918712242307	-8.275241719969879	-8.328272454201217	-8.380997591128226	-8.4334028109906	-8.485472785271265	-8.537191181004324	-8.588540686130008	-8.639503059773247	-8.690059210976822	-8.74018930891113	-8.789872926311096	-8.839089216488674	-8.88781712250376	-8.936035614155008	-8.983723947617385	-9.03086193858283	-9.077430239491733
11.3	-8.04162638338381	-8.095525004289748	-8.149155159237683	-8.202505258103194	-8.255562747084499	-8.308314069726865	-8.36074463844767	-8.412838820182825	-8.464579939997643	-8.515950306872057	-8.5669312658193	-8.61750328013184	-8.667646046982396	-8.717338648243055	-8.76655973684402	-8.815287757052138	-8.863501193948874	-8.911178846336442	-8.958300113210475	-9.004845283550774
11.2	-7.968931878573818	-8.022858201031047	-8.076516111874053	-8.129893847727852	-8.182978649711803	-8.23575672175722	-8.288213199826949	-8.34033213588995	-8.392096500767353	-8.443488210361282	-8.494488179713121	-8.545076409027743	-8.595232105018404	-8.644933839649031	-8.694159746502788	-8.742887752945839	-8.791095842934993	-8.838762344036134	-8.885866227999665	-8.93238741373321
11.1	-7.896362552915967	-7.950317098013166	-8.00400330899151	-8.057409244959313	-8.110521936282886	-8.163327340009669	-8.21581030661229	-8.267954562158582	-8.319742710319213	-8.371156259048854	-8.422175676721189	-8.472780482163545	-8.522949372187357	-8.572660388814487	-8.621891126382852	-8.670618976438567	-8.718821404782052	-8.766476253502262	-8.813562056470614	-8.860058356141572
11.0	-7.8239201538526135	-7.877903458385377	-7.9316185306767215	-7.985053247905532	-8.038194423785031	-8.091027760888402	-8.143537814734055	-8.195707974006789	-8.247520461647278	-8.298956361998176	-8.349995679150494	-8.400617431272218	-8.450799784776448	-8.50052023065862	-8.549755803151914	-8.598483338142218	-8.646679765674305	-8.69432242772844	-8.74138940961548	-8.787859871249378
10.9	-7.75160647009538	-7.805619087217924	-7.859363599659929	-7.912827698105025	-7.965997973475217	-8.018859865939945	-8.071397626143925	-8.123594293323258	-8.175431695389959	-8.22689047655704	-8.27795015804347	-8.32858923700691	-8.378785327843854	-8.42851534832226	-8.477755750621823	-8.526482794387706	-8.574672855510407	-8.622302760925622	-8.669350136698345	-8.71579375448007
10.8	-7.679423333009809	-7.7334658329218104	-7.78724038277412	-7.8407344820296805	-7.893934492430217	-7.946825583452545	-7.999391690463737	-8.051615490562575	-8.103478401564937	-8.154960610123453	-8.206041134952361	-8.256697930704096	-8.306908036942566	-8.356647774819892	-8.405892991439133	-8.454619348626215	-8.50280264912737	-8.550419189540252	-8.597446126046986	-8.643861836761872
10.7	-7.60737261806196	-7.66144558873159	-7.715250792479749	-7.768775532656013	-7.82200593516829	-7.874926890130656	-7.927522006712662	-7.979773586521848	-8.031662621387698	-8.08316882199335	-8.134270683797524	-8.184945596227609	-8.235169999919552	-8.284919594758238	-8.334169598586831	-8.382895052870609	-8.431071167547952	-8.47867369327785	-8.525679305832002	-8.572065985053078
10.6	-7.535456246328066	-7.589560294254629	-7.643396788458663	-7.696952831108973	-7.7502143053469155	-7.803165812849029	-7.855790625117544	-7.908070654203618	-7.959986449178661	-8.011517225295462	-8.0626409328144	-8.113334371898038	-8.163573358793682	-8.213332946123854	-8.262587697064207	-8.311312009176588	-8.359480479249394	-8.407068296128301	-8.454051644828207	-8.500408102831578
10.5	-7.463676186072277	-7.517811937090499	-7.5716803792811564	-7.625268408382169	-7.678561657540683	-7.731544430490951	-7.784199649011306	-7.836508820770298	-7.88845203436431	-7.940007989033495	-7.991154066594332	-8.041866452511785	-8.092120311716066	-8.141890022142126	-8.191149465598862	-8.239872371162647	-8.288032701450692	-8.335605067388483	-8.382565153152443	-8.428890130541818
10.4	-7.392034454395402	-7.446202554524381	-7.5001036241504515	-7.553724347139292	-7.607050099104491	-7.660064875875966	-7.712751236824976	-7.765090269595753	-7.817061583578184	-7.868643340204228	-7.919812328224429	-7.970544091454704	-8.020813115016553	-8.070593073209926	-8.119857138416064	-8.168578345567518	-8.216730001415208	-8.264286122677033	-8.311221882971155	-8.357514045991476
10.3	-7.320533118959207	-7.374734235298744	-7.428668634728892	-7.482322783601319	-7.535681792126885	-7.588729337782443	-7.641447604178946	-7.693817242420225	-7.745817362867692	-7.797425566047245	-7.848618021532422	-7.8993696029151845	-7.94965408534013	-7.9994444089042815	-8.048713007065707	-8.09743219384332	-8.145574597764623	-8.193113624935354	-8.24002392917022	-8.286281864689316
10.2	-7.249174299789802	-7.303409121467977	-7.357377577050885	-7.411065909524709	-7.464458955479264	-7.51754006307088	-7.570291026079934	-7.622692041614929	-7.674721700013707	-7.726357016395518	-7.777573513442423	-7.828345364201944	-7.878645601877185	-7.928446400069058	-7.977719422306896	-8.026436233781967	-8.074568761799364	-8.122089785407944	-8.168973429978456	-8.215195640114686
10.1	-7.177960171165713	-7.232229410340462	-7.28623267352757	-7.339955974276139	-7.393383866966717	-7.446499358914332	-7.499283839230209	-7.5517170325634915	-7.603776986969805	-7.655440106148806	-7.70668123644813	-7.757473818171963	-7.80779010869151	-7.8576014809816055	-7.90687879604951	-7.955592841171635	-8.003714818819864	-8.05121686459401	-8.098072567535223	-8.144257463908126
10.0	-7.106892963594374	-7.1611973565135685	-7.215236205048701	-7.268995287009645	-7.322458865586917	-7.375609595142702	-7.4284284444563635	-7.480894646167744	-7.532985682428995	-7.584677317874791	-7.635943691210253	-7.686757475774215	-7.737090117149979	-7.786912151600964	-7.836193603351795	-7.8849044514793505	-7.933015149441802	-7.9804971731613215	-8.027323568391239	-8.073469465971414
9.9	-7.035974965883349	-7.0903152740069295	-7.144390513187876	-7.198186218952488	-7.251686353903892	-7.304873206708342	-7.357727309265513	-7.4102273814860276	-7.462350314526153	-7.514071204546049	-7.565363449285503	-7.61619891871517	-7.666548208457819	-7.7163809798989735	-7.765666384472141	-7.8143735615547065	-7.8624721908973285	-7.9099330728116435	-7.956728703930441	-8.00283381446417
9.8	-6.96520852731083	-7.019585538499937	-7.073698002517144	-7.127531205806694	-7.181068800544098	-7.234292696280798	-7.287182970537234	-7.33971780851275	-7.3918734836849875	-7.443624392421329	-7.494943155994688	-7.545800802252028	-7.596167036303244	-7.646010604275109	-7.695299746972516	-7.744002731348608	-7.792088438312916	-7.83952697708591	-7.886290290699241	-7.932352715682912
9.7	-6.894596059902124	-6.949010589679894	-7.00316114303808	-7.057032750273452	-7.110608742822709	-7.16387063697932	-7.21679803736046	-7.269368571108759	-7.3215578656191465	-7.373339584080293	-7.424685533438149	-7.475565858120143	-7.525949329615166	-7.575803736055297	-7.625096367870022	-7.673794585639579	-7.721866445952797	-7.769281352095312	-7.816010690627973	-7.862028413807051
9.6	-6.824140040818483	-6.878592933707527	-6.93278247273653	-6.986693424708545	-7.040308789508622	-7.093609675252354	-7.1465751940250755	-7.1991823900927425	-7.251406214497781	-7.303219561621576	-7.354593383667	-7.405496897600937	-7.455897895437328	-7.505763162074425	-7.555058995831862	-7.603751815758674	-7.651808828415289	-7.699198717162879	-7.7458923111276405	-7.791863190494887
9.5	-6.753843014864506	-6.808335145807403	-6.8625646002688985	-6.916515873917046	-6.970171623737592	-7.023512533914021	-7.076517203178964	-7.129162066504703	-7.181421366286564	-7.233267190034571	-7.284669592019201	-7.335596814736903	-7.386015621921956	-7.435891747341172	-7.485190453407734	-7.533877181302142	-7.581918261767155	-7.629281645357901	-7.675937605042982	-7.721859364314966
9.4	-6.683707597122428	-6.738239872990736	-6.792510207788567	-6.846502818096777	-6.900200006083503	-6.9535820153484025	-7.0066269091619535	-7.0593104850535315	-7.1116062422762205	-7.163485420756112	-7.214917130629916	-7.265868589700288	-7.316305481445534	-7.366192437782882	-7.415493639291835	-7.464173511819121	-7.5121974845989	-7.559532763903395	-7.6061490704413295	-7.6520192899705215
9.3	-6.6137364757204455	-6.668309836919589	-6.72262205392154	-6.776657055940381	-6.830396777798429	-6.8838210048934325	-6.936907241529251	-6.989630617761655	-7.041963852811378	-7.0938772954241	-7.145339062126068	-7.196315292321991	-7.246770533848597	-7.296668263066877	-7.345971530605025	-7.394643708459052	-7.442649298981422	-7.489954754434217	-7.536529250214157	-7.582345357351603
9.2	-6.543932414743873	-6.598547836921302	-6.652902976901284	-6.706981467906765	-6.760764864233524	-6.8142324744170715	-6.867361218777921	-6.920125527820835	-6.972497301233636	-7.024445949840679	-7.075938543515347	-7.126940085787073	-7.177413929800748	-7.227322339492989	-7.276627185185189	-7.325290745560862	-7.3732765713012824	-7.420550353080868	-7.467080731466331	-7.51283999031687
9.1	-6.474298257298798	-6.528956753162877	-6.583355897873398	-6.637479019673684	-6.691307278453314	-6.744819486099605	-6.797991952291122	-6.85079837367431	-6.903209788053918	-6.955194618158615	-7.0067188302803896	-7.0577462305030885	-7.108238914290894	-7.158157872950193	-7.207463743871344	-7.256117672162899	-7.304082232948987	-7.351322350350946	-7.39780614466558	-7.443505645237078
9.0	-6.404836928737039	-6.459539549996402	-6.513983824381686	-6.568152765783992	-6.622027125057317	-6.675585196437234	-6.7288026505162915	-6.781652413341888	-6.834104615370094	-6.8861266373053045	-6.937683280689166	-6.988737088146909	-7.039248830241416	-7.0891781619279755	-7.1384844327638195	-7.187127613408919	-7.235069280830716	-7.282273590777154	-7.328708162522433	-7.37434480925157
8.9	-6.335551440054282	-6.390299279486618	-6.444789854048233	-6.4990058534995025	-6.552927604224063	-6.606532860483213	-6.659796623394567	-6.712691009005933	-6.765185191547463	-6.817245451659704	-6.86883536033282	-6.919916125895126	-6.970447122243316	-7.020386600570179	-7.069692565439357	-7.118323771821402	-7.1662407776703	-7.213406972297413	-7.259789498568494	-7.30535999821451
8.8	-6.266444891471968	-6.32123908513317	-6.37577717846095	-6.430041526877144	-6.484012015993942	-6.537665836344498	-6.590977287060678	-6.643917631877795	-6.696455036180769	-6.7485546179984475	-6.800178646902369	-6.851286920842238	-6.9018373404071625	-6.951786681755884	-7.001091545095579	-7.049709428408933	-7.097599852063616	-7.144725445329016	-7.19105290539841	-7.236553754302479
8.7	-6.1975204762159155	-6.2523622058012185	-6.306949087283446	-6.361263131083863	-6.415283764808731	-6.468987589953441	-6.522348168833993	-6.57533586736586	-6.627917785357976	-6.680057810728213	-6.731716835215673	-6.782853164609483	-6.833423144322085	-6.88338200018784	-6.93268486659456	-6.981287943569134	-7.029149698243042	-7.0762320114951365	-7.122501172538881	-7.167928643254367
8.6	-6.1287814845049535	-6.183671979874552	-6.238308972603111	-6.292674116967833	-6.346746364327354	-6.400501700135768	-6.453912912523405	-6.506949420568368	-6.559577197247599	-6.611758827422401	-6.6634537425058635	-6.71461866814571	-6.765208307111838	-6.815176255464243	-6.864476118369412	-6.913062757742798	-6.9608935755043495	-7.007929721958309	-7.054137123905758	-7.099487251214116
8.5	-6.060231307763944	-6.11517184964754	-6.169860333534925	-6.224278045905269	-6.278403442539285	-6.332211863998273	-6.385675284070984	-6.43876212211602	-6.4914371580329995	-6.543661594680886	-6.595393313981951	-6.646587366719307	-6.697196719572805	-6.747173255104135	-6.7964689841514225	-6.845037391768459	-6.89283480724299	-6.939821675311524	-6.985963614808625	-7.031232181146619
8.4	-5.991873443077404	-6.046865365972748	-6.101606781099903	-6.156078594944078	-6.210258747198866	-6.264121902661783	-6.317639177561388	-6.370777934391857	-6.4235016882187335	-6.475770174332375	-6.527539628671496	-6.578763325097588	-6.629392394374186	-6.679376917490004	-6.728667244467724	-6.777215446879437	-6.82497677954096	-6.871911014974251	-6.91798352846084	-6.963166048795166
8.3	-5.923711497900307	-5.978756193182962	-6.033552043398881	-6.0880795622670405	-6.142316151606234	-6.196235767367398	-6.249808621626963	-6.303000958158012	-6.35577494933594	-6.408088769999576	-6.459896905554025	-6.5111507429063735	-6.561799470294348	-6.6117912746834495	-6.661074777850957	-6.709600604277471	-6.7573229392394465	-6.8042009260368985	-6.8501997719522265	-6.89529147817007
8.2	-5.855749195045121	-5.910848114308196	-5.965699971104128	-6.020284873000206	-6.0745796607628995	-6.128557545986894	-6.1821877862809735	-6.235435439621833	-6.288261251075513	-6.3406217340476045	-6.392469509991961	-6.443753960157933	-6.494422216460414	-6.544420475060593	-6.59369556169281	-6.642196624208597	-6.689876791426256	-6.73669463149458	-6.782615271641443	-6.827611096499184
8.1	-5.7879903779647774	-5.843145036609515	-5.898054543293636	-5.952698585393694	-6.007053417932966	-6.061091469971156	-6.1147809902148715	-6.168085777976572	-6.220965058879803	-6.273373574936265	-6.325261960463338	-6.376577462929852	-6.4272650365491675	-6.477268785703313	-6.526533672662351	-6.575007344457658	-6.6226418962611735	-6.669395387808389	-6.715232967926095	-6.7601275286765645
8.0	-5.720439016354145	-5.775650997454088	-5.830619873654914	-5.885324897405637	-5.939741711643929	-5.993841921774004	-6.047592708598852	-6.100956533454964	-6.153891002025343	-6.206348964996453	-6.258278935597021	-6.309625889170028	-6.360332472897051	-6.410340594469849	-6.459593286597956	-6.508036678168257	-6.555621865056477	-6.602306479731039	-6.648055809350431	-6.692843391146797
7.9	-5.653099212093306	-5.708370170557918	-5.763400217087973	-5.818168153722485	-5.872648983164588	-5.92681344279257	-5.980627581428854	-6.034052435937458	-6.087043882231018	-6.139552748650065	-6.19152528150649	-6.242904034594222	-6.2936292104543785	-6.3436404116541745	-6.392878677768238	-6.44128861088483	-6.488820355524773	-6.535431214333391	-6.581086746014006	-6.625761285229922
7.8	-5.585975205559175	-5.641306872624995	-5.696399976740121	-5.751232853252489	-5.805779834501484	-5.86001074186974	-5.913890422467617	-5.967378394160148	-6.020428682827669	-6.072989951091083	-6.125006019412071	-6.1764168586312955	-6.227160080503841	-6.277172871126898	-6.32639421738266	-6.374767196703521	-6.4222410661020595	-6.468772914169515	-6.514328722249645	-6.558883789877955
7.7	-5.519071382333827	-5.574465570414654	-5.629623711508083	-5.6845236571330595	-5.739139036959671	-5.793438704408949	-5.847386228831919	-5.9009395055716	-5.954050578526604	-6.006665787442957	-6.0587263535334	-6.110169490357816	-6.1609300640455515	-6.210942730831802	-6.260144371216769	-6.308476553408628	-6.3558877292510125	-6.402334909521163	-6.447784668545913	-6.49221345386512
7.6	-5.452392280340732	-5.50785088827204	-5.56307614404702	-5.6180453972967355	-5.672731540318491	-5.727102402157007	-5.781120191283604	-5.834741066891423	-5.887914945825377	-5.940585672403264	-5.992691679223441	-6.044167234346422	-6.094944294729833	-6.144954872490909	-6.194133696200195	-6.242420856462285	-6.289764103648704	-6.3361205296679834	-6.381457492698254	-6.425752787423766
7.5	-5.38594259744276	-5.441467616159523	-5.496762169329737	-5.551803085645549	-5.606562482678763	-5.661007103716704	-5.7150977052876915	-5.7687885854277425	-5.822027374089584	-5.874755230381022	-5.92690759130201	-5.978415576332142	-6.029208061194116	-6.079214300347376	-6.128366835798525	-6.176604331707464	-6.223873965164463	-6.270133093138019	-6.315350070184223	-6.359504253349017
7.4	-5.319727199540058	-5.375320718231423	-5.430686863804114	-5.4858019238887845	-5.540637201043809	-5.595158285857774	-5.649324382907233	-5.703087791214836	-5.756393677348864	-5.8091803061238645	-5.861379892529603	-5.9129201885753	-5.963726808631467	-6.013726138749442	-6.062848514002823	-6.111031246638758	-6.158221096538638	-6.204375896904552	-6.249465233771955	-6.293470257607888
7.3	-5.253751129207789	-5.3094153419980135	-5.364855495201722	-5.420047314105371	-5.474961242704079	-5.529561645702296	-5.583806065611579	-5.637644650036307	-5.69101990684344	-5.7438669758213985	-5.796114602140581	-5.847686934769291	-5.898506139384988	-5.948495628350697	-5.997583527724469	-6.045705900093092	-6.0928092756818995	-6.138852204510505	-6.183805762387156	-6.227653139502541
7.2	-5.188019614919993	-5.243756828130254	-5.299273533056619	-5.354544870098996	-5.409540377502985	-5.464223113869339	-5.518548838082328	-5.5724653774031125	-5.625912364353825	-5.678821558656029	-5.731117964327343	-5.782721874304796	-5.833551812324089	-5.883528120672056	-5.93257673737859	-5.9806326102146485	-6.027642262528709	-6.073565233120645	-6.118374369282481	-6.162055161452189
7.1	-5.122538080908355	-5.178350720961282	-5.233946659999472	-5.289300429621877	-5.344380611070796	-5.399148868673123	-5.453559043109338	-5.507556453558928	-5.561077616340203	-5.6140506287528735	-5.666396456532734	-5.71803126565785	-5.768869740715691	-5.818829070740647	-5.8678330554284575	-5.91581570055585	-5.962723784398126	-6.008518139525112	-6.053173689574098	-6.096678498473845
7.0	-5.05731215771114	-5.1132027797475175	-5.168880783899835	-5.224320067552046	-5.279488199123586	-5.334345351479866	-5.3888432976781475	-5.442924639588089	-5.496522508908502	-5.549561027453947	-5.601956797364876	-5.6536215686171625	-5.70446598825576	-5.754404027490998	-5.803357432657753	-5.851259484191406	-5.8980575198412115	-5.943714005145332	-5.988206267232899	-6.031525227457913
6.9	-4.992347693472471	-5.04831899075857	-5.104082050937565	-5.159610110119122	-5.214869662936213	-5.269819283340491	-5.32440851035923	-5.378576994702043	-5.432254183605943	-5.485359875807537	-5.537805953895307	-5.589499445004637	-5.640346762874685	-5.690258621586802	-5.739154841939343	-5.786968245746104	-5.833647080987374	-5.879155820124767	-5.923474541641859	-5.966597316350062
6.8	-4.927650766059097	-4.983705580272973	-5.039556859693819	-5.095177150285083	-5.15053180611147	-5.205577683029899	-5.260261900119254	-5.314520894779351	-5.3682800940287025	-5.421454587118735	-5.473951148035564	-5.5256717574720025	-5.576518407875605	-5.626398550299609	-5.675230259281475	-5.722946221271301	-5.769495994442527	-5.814846466622052	-5.858980833855777	-5.90189661336533
6.7	-4.863227696068048	-4.919369028565509	-4.975311876362978	-5.03102806439988	-5.0864817327828415	-5.141627886638566	-5.196411016684108	-5.250764052229675	-5.304608023195648	-5.357852879349121	-5.410399861606804	-5.462145565875154	-5.51298738990935	-5.562829559067696	-5.611588641957417	-5.659197575951188	-5.705607680839593	-5.750788701461665	-5.794727332723763	-5.837424836373204
6.6	-4.799085060807993	-4.8553160849816575	-4.91135405119905	-4.967170030266681	-5.022726867405761	-5.077977568878859	-5.132863762592739	-5.187314537243134	-5.241246101602652	-5.2945627870789735	-5.347159839619629	-5.398928120636885	-5.4497602832374366	-5.499557419358285	-5.548234903566374	-5.595726379678625	-5.641985433196329	-5.686985138336378	-5.730716081057615	-5.773183562602607
6.5	-4.7352297093448446	-4.791553784206091	-4.847690636324197	-4.90361054676906	-4.959274976311875	-5.014634766286912	-5.06962841708898	-5.124180800470478	-5.1782028258178965	-5.231592672650117	-5.284239091164416	-5.336026852409498	-5.386843749689325	-5.436587902474851	-5.48517388593467	-5.532536580612714	-5.5786323942951785	-5.623438229794542	-5.666948962049251	-5.709174218822868
6.4	-4.671668778713336	-4.728089463844491	-4.784329205043173	-4.840357455232352	-4.8961341912235365	-4.951607902520838	-5.0067136620046995	-5.061371697154122	-5.115487077405186	-5.168951235986771	-5.221645887174404	-5.273449357244838	-5.324244513689806	-5.373926748994273	-5.422410327849703	-5.469631976914988	-5.51555153336295	-5.560150249281886	-5.603427686156026	-5.645398072159828
6.3	-4.608409711407468	-4.664930783453078	-4.721277672825948	-4.777418962714413	-4.833313034951411	-4.888905815977703	-4.944128609789958	-4.99889651269125	-5.053108141863952	-5.106647522440033	-5.1593887541638335	-5.2112033763758046	-5.261969331724724	-5.311579633593363	-5.359948830726919	-5.407016186957139	-5.452745622391798	-5.497123273539637	-5.540153778683265	-5.581856221704856
6.2	-4.545460274276245	-4.602085745166201	-4.658544320142176	-4.714803667447516	-4.7708204495272994	-4.826537789974315	-4.881882833842454	-4.936764989552776	-4.991075727143381	-5.044690927813042	-5.0974764628624305	-5.149296769619718	-5.200024955640273	-5.249552125136395	-5.297793821442216	-5.344692618396772	-5.390217212503528	-5.434359165685825	-5.477128568296909	-5.51854959106835
6.1	-4.48282857896541	-4.539562716091874	-4.596137817355686	-4.652520586683812	-4.708665827057436	-4.764513585760119	-4.819986401275941	-4.874987355398769	-4.92939998111466	-4.98309119949236	-5.0359180104694685	-5.087737481342731	-5.13841808924515	-5.1878496420515265	-5.2359495127169575	-5.282664436624292	-5.327968610812473	-5.371859559322442	-5.414353176695311	-5.455478922017859
6.0	-4.42052310406382	-4.477370452666656	-4.5340672519157605	-4.5905791872322235	-4.6468590436189405	-4.702843478652911	-4.758449908240749	-4.813574352112431	-4.868091507158107	-4.921858432331808	-4.974722595044627	-5.026533497894152	-5.077155337821179	-5.1264774032266685	-5.174419861615564	-5.220934533187178	-5.266001858283801	-5.309625844015296	-5.351828509656908	-5.392644769324749
5.9	-4.358552719131371	-4.415518127186397	-4.472342158114834	-4.52898941901557	-4.58541049656397	-4.641538297607952	-4.697284517862348	-4.752537265307785	-4.807161376727057	-4.861003057605326	-4.913899580354199	-4.965692795453595	-5.016243150360157	-5.0654403749047825	-5.113208526897887	-5.159505494889349	-5.204318709109023	-5.2476591524842595	-5.289555249659836	-5.330047496922297
5.8	-4.296926710808295	-4.35401535675839	-4.410972549720586	-4.467761752024306	-4.524331145642636	-4.580609468545049	-4.636502000786036	-4.6918879536339375	-4.746621137372126	-4.800535822967972	-4.853458449325503	-4.905223277361448	-4.955687754645291	-5.004743214348423	-5.0523188261489524	-5.098379574334765	-5.142920612125098	-5.185960349818333	-5.227533850240779	-5.26768727545318
5.7	-4.235654811230262	-4.292872234953673	-4.34996895583499	-4.406907217097963	-4.463632558406427	-4.520069061761539	-4.576114778193616	-4.63163887687835	-4.6864828142319	-4.740467760950381	-4.793408744166795	-4.845132700257042	-4.895495085690313	-4.944390211360645	-4.991753693771746	-5.0375586627265525	-5.081808694784559	-5.124530024992189	-5.165764532224238	-5.20556408125632
5.6	-4.174747229002688	-4.232099366476746	-4.289342460384667	-4.3464374510287405	-4.40332696040795	-4.459929843744212	-4.516135966971055	-4.5718031214343045	-4.626758902404536	-4.680810143087633	-4.7337599912366315	-4.785428588761682	-4.835670708534633	-4.884385229073221	-4.931515641057242	-4.9770442657381055	-5.020983750139875	-5.063368484909779	-5.104247281911407	-5.143677696812963
5.5	-4.114214683020466	-4.171707905214916	-4.229104745707535	-4.286364746554468	-4.343427290768098	-4.400205333648523	-4.456579426427108	-4.512394421107777	-4.5674623469015705	-4.621574416396066	-4.674521608961766	-4.7261181390427165	-4.7762197369505355	-4.824731645714078	-4.871606719622031	-4.916837483234771	-4.96044622723629	-5.00247575113799	-5.04298185127185	-5.082027712641084
5.4	-4.054068439457273	-4.111709596080852	-4.169268140771256	-4.226702107891198	-4.283947263734656	-4.3409098646212	-4.397459805552061	-4.45342717045349	-4.508606506057657	-4.562772118638121	-4.6157027975841745	-4.667208112390329	-4.717146750212319	-4.765432299309135	-4.812028489511122	-4.856938993541397	-4.900196225215822	-4.941851559422236	-4.981967760133039	-5.0206135305968855
5.3	-3.994320352291067	-4.05211682112227	-4.109845674641321	-4.1674633125499145	-4.22490143690031	-4.282058649976263	-4.338792589209466	-4.3949164268026	-4.45020509336279	-4.504414768771498	-4.55731241034524	-4.608704720915544	-4.658455710651667	-4.706489437421327	-4.752781993190639	-4.797349042823436	-4.840233491325507	-4.881495361999812	-4.921204300315098	-4.959434368513592
5.2	-3.9349829077827905	-3.9929426504424987	-4.050851135912616	-4.108662980286818	-4.166305286771725	-4.2236678539542	-4.280594140799063	-4.336877895831571	-4.392272091779381	-4.446513729321478	-4.499358806951779	-4.550613508580339	-4.600149885206028	-4.647904674046974	-4.693867736496965	-4.738067439983429	-4.780557422901396	-4.821406332649921	-4.860690541612712	-4.898489266082015
5.1	-3.8760692733809274	-3.934200898556365	-3.99229913892959	-4.050316650151045	-4.108175292366793	-4.165754666340364	-4.222881737719724	-4.279327893898584	-4.334821633860241	-4.389080038337591	-4.441849691834264	-4.4929392318963846	-4.542231774475408	-4.58967895565209	-4.6352856773702396	-4.679093557280245	-4.721167073273774	-4.7615833743456975	-4.800425339485565	-4.837777091855401
5.0	-3.8175933515896	-3.8759061869000964	-3.934205197749011	-3.9924408667138795	-4.050529027434204	-4.1083373795032685	-4.165673594277736	-4.222283278462002	-4.277867840651557	-4.332124210301388	-4.3847919417437184	-4.435685745628054	-4.484703052859855	-4.531812538029335	-4.577035222894639	-4.620426336668782	-4.662061161416141	-4.702025129306984	-4.740407344284013	-4.777296551243737
4.9	-3.759569839411406	-3.818074013322101	-3.876585808946627	-3.935053276681087	-3.9933852616900642	-4.051435465307465	-4.108988864388361	-4.165761335812629	-4.221424612826913	-4.275656008002492	-4.328191429470168	-4.378855899525536	-4.427564523097736	-4.474304975202394	-4.519115234817998	-4.562064301647855	-4.603238085048371	-4.6427299911964965	-4.680635011809814	-4.717046195349916
4.8	-3.7020142940591896	-3.7607208295065844	-3.8194585445359017	-3.8781727371897095	-3.9367640710737346	-3.9950696476746055	-4.052847613370733	-4.109779613384388	-4.165505369252969	-4.219684191028153	-4.272052852603228	-4.322451452310939	-4.370816087944025	-4.4171551210314295	-4.461524043357677	-4.504005574208566	-4.544695936809534	-4.583696119158523	-4.6211066149928115	-4.657024430492854
4.7	-3.644943205724968	-3.7038641274244473	-3.762842156451301	-3.821819437145118	-3.880686956317081	-3.9392619640516755	-3.997270744254136	-4.054355682609846	-4.110122731786928	-4.164216250913296	-4.216379577884239	-4.266473008702171	-4.314456740847363	-4.3603611435326135	-4.404259468748617	-4.446247896308291	-4.48643252304276	-4.524921453369929	-4.56182025645411	-4.597229528259821
4.6	-3.588374078298039	-3.6475225360666412	-3.7067566942451915	-3.7660150329142033	-3.825176967906359	-3.8840358053536113	-3.942279859375206	-3.9995068185762968	-4.055288160994713	-4.109258147634987	-4.161173512366544	-4.210919984133513	-4.258484576385306	-4.303920551279253	-4.347318849682382	-4.388788655166177	-4.4284453846861425	-4.466403731758229	-4.5027738817239555	-4.537659635932239
4.5	-3.5323255190385128	-3.591715929893371	-3.6512236378439047	-3.7107827994736953	-3.770258833495853	-3.8294159186551537	-3.887897033081991	-3.945249585936433	-4.001011555708465	-4.054814066111813	-4.106435011927596	-4.15579060008778	-4.20289682001976	-4.2478302306652695	-4.290699077545277	-4.33162491159138	-4.370731819740614	-4.40814050754018	-4.443965292887561	-4.478312787135087
4.4	-3.4768173383334045	-3.536465550623278	-3.596266047379488	-3.656147797576762	-3.7159590805508107	-3.7754283495724126	-3.834144467163541	-3.891599328210786	-3.9473008392074624	-4.000886213552558	-4.052162835497793	-4.101081910790146	-4.1476898755796725	-4.192086492338106	-4.234396635204126	-4.274753430516233	-4.313288906786695	-4.350129167245488	-4.38539216244363	-4.419186912569337
4.3	-3.421870660785843	-3.481794144181161	-3.541908732212838	-3.6021370564096102	-3.6623061417762397	-3.7221002916221053	-3.781043999333532	-3.8385695711138474	-3.894161564555149	-3.9474746778226515	-3.9983541498393724	-4.04678985971947	-4.092859387898788	-4.136685124785216	-4.178407639014776	-4.218170712911281	-4.256113529044121	-4.292366948911541	-4.327052047176812	-4.3602798506986895
4.2	-3.3675080490044884	-3.427726114800625	-3.4881784412059154	-3.548779769167706	-3.6093304227639855	-3.669459798189979	-3.728616440209888	-3.786171369936797	-3.841596578510006	-3.8945773628786657	-3.9450045853138453	-3.992909362293664	-4.038400317333844	-4.081621452901432	-4.122727882736795	-4.1618730283013345	-4.199202398507807	-4.234850960164495	-4.268942401865793	-4.30158935827574
4.1	-3.313753641551541	-3.374287698403653	-3.4351040759358957	-3.496107495340272	-3.557064299003672	-3.6175353008087576	-3.676880730380782	-3.734412653892783	-3.7896057843683595	-3.8421900100329265	-3.892108338545805	-3.9394344094631784	-3.9843070225158117	-4.0268903993685665	-4.067352882116329	-4.105856447173985	-4.142552079745622	-4.177578195936968	-4.211060592671476	-4.243113120607526
4.0	-3.260633306547316	-3.321507157387552	-3.3827169276112112	-3.444154357204904	-3.5055419915781965	-3.566354869709566	-3.6258529405903177	-3.6832976408218134	-3.7381860369367117	-3.7903063045771206	-3.8396583139972673	-3.886358185981267	-3.930573347644328	-3.9724865468202863	-4.012277919031833	-4.050116872665058	-4.0861590130038055	-4.120545555610649	-4.153403910073978	-4.1848487614760295
3.9	-3.2081748123672575	-3.269414998729127	-3.331050936499101	-3.3929572074590846	-3.4547992466780104	-3.515945157812159	-3.575545185226778	-3.6328264052326182	-3.687331187697019	-3.738918057997357	-3.7876462938181086	-3.833673196860249	-3.877192710878924	-3.918404199010453	-3.957498084265626	-3.994650071010509	-4.0300195363296965	-4.063749859411392	-4.095969581251374	-4.126793852644373
3.8	-3.156408016626326	-3.2180442166739525	-3.2801429689433315	-3.342555727603462	-3.4048727149779747	-3.4663300008543656	-3.5259645738596697	-3.582994673411467	-3.6370322781207367	-3.6880154485845345	-3.7360631242278433	-3.7813713958961968	-3.8241581908367457	-3.8646374395130527	-3.9030083181505466	-3.939451700363201	-3.97412990648575	-4.007187863922708	-4.038754781816769	-4.068945922894525
3.7	-3.105365074099282	-3.1674305598928947	-3.2300331002637384	-3.2929923893277815	-3.3557989002084225	-3.417528718397838	-3.47711236774258	-3.5337938888862	-3.587277859062517	-3.6375872990253084	-3.684898907056533	-3.7294443109911417	-3.7714626087895806	-3.811180186819469	-3.848803448529501	-3.8845173376791458	-3.9184863184897845	-3.9508562766199296	-3.9817566468524883	-4.011302466556124
3.6	-3.055080663170801	-3.1176128203223703	-3.180764879907614	-3.244312170136095	-3.3076125405949695	-3.3695542760157258	-3.428983511660612	-3.4852115464687796	-3.5380543993415974	-3.5876213689348795	-3.6341431865996157	-3.6778831621265318	-3.7190986047826082	-3.7580262450329145	-3.794878225644389	-3.8298425034761086	-3.863084923672667	-3.894751769360448	-3.9249722812004038	-3.95386095149889
3.5	-3.005592228529851	-3.068633136087721	-3.132385534920445	-3.1965618583166178	-3.260344337040236	-3.3224116014046294	-3.38156665874301	-3.4372317473175626	-3.4893467401166496	-3.538104642725893	-3.5837851241572953	-3.626678969056534	-3.667058706506895	-3.7051693496670435	-3.7412273537310448	-3.7754226843546923	-3.807921846194072	-3.838870990794791	-3.8683987689854655	-3.896618826572511
3.4	-2.9569402346255824	-3.0205372925606446	-3.084946034428107	-3.1497887182743183	-3.214018092552437	-3.2760964306179727	-3.334844705419858	-3.3898358955784524	-3.4411385536379817	-3.4890235975931714	-3.5338136550697947	-3.5758226469453978	-3.615335390301113	-3.6526032083213793	-3.6878455192335275	-3.721253353246156	-3.7529931979993174	-3.783210577688497	-3.8120331823651568	-3.8395735284879215
3.3	-2.909168419150749	-2.973374991636831	-3.0385008856065383	-3.1040382441916057	-3.1686475978619613	-3.230595016415841	-3.2887957424426633	-3.3430034472312573	-3.3934127731328343	-3.4403644415078136	-3.484217625358022	-3.525305089171128	-3.5639211341090276	-3.600321536222994	-3.6347274156622738	-3.667329987411818	-3.698295092235108	-3.7277671651657767	-3.755872589510731	-3.782722488142455
3.2	-2.8623240274519883	-2.9272000368367834	-2.9931074562005175	-3.0593507765365517	-3.1242339162895165	-3.1858848328674756	-3.243394250708542	-3.296712632395681	-3.346151971619201	-3.392113315960732	-3.4349859070050663	-3.4751172373093224	-3.512808462568793	-3.5483180867907778	-3.5818677652065833	-3.6136480842662504	-3.643823655169655	-3.672537395902886	-3.6999140618369735	-3.726063136398495
3.1	-2.816457995882374	-2.88207034742666	-2.9488245247073555	-3.015757001570959	-3.0807638858739517	-3.1419361343264347	-3.198612352578979	-3.25094109544085	-3.2993386783619547	-3.3442564621642377	-3.386107492368765	-3.4252501388874315	-3.46198998466114	-3.4965866774988594	-3.5292613372745603	-3.5602031751316128	-3.589575036683631	-3.6175179283123162	-3.644154680505769	-3.6695929093310697
3.0	-2.7716250331429872	-2.838047666070503	-2.9057096772898454	-2.9732728810720377	-3.0382104462320605	-3.098714011466706	-3.154420964054008	-3.205666423266015	-3.2529556305851215	-3.296780352275775	-3.337571569200377	-3.3756949938787217	-3.411458424507565	-3.445121211394933	-3.476902964175845	-3.5069908370548886	-3.5355454194134524	-3.5627054437686345	-3.5885915422354007	-3.6133092529644046
2.9	-2.727883522584988	-2.795196764511844	-2.863815181411022	-2.9318952470401425	-2.9965348120065003	-3.0561805289826656	-3.1107907539102233	-3.1608665541795933	-3.2069859642100873	-3.2496717889881515	-3.2893675783204723	-3.326443191119192	-3.361206646001423	-3.3939156946745013	-3.4247875541875334	-3.4540067028349912	-3.481731026638285	-3.508096652933607	-3.5332217644522284	-3.5572096275209075
2.8	-2.685295136653854	-2.753583897167793	-2.8231822121213215	-2.8915996752868924	-2.9556898796751345	-3.014296619221742	-3.0676928756038215	-3.116520074893544	-3.1614133509249935	-3.2029179777241663	-3.2414852562588496	-3.277486335916894	-3.3112276719905784	-3.342964250730435	-3.3729101022549717	-3.401246469414473	-3.4281281290078223	-3.453688301242415	-3.4780424898246345	-3.5012915112085214
2.7	-2.643924024826323	-2.7132742442145465	-2.7838339259749674	-2.8523417608632355	-2.9156239587910155	-2.9730235607260074	-3.0250994808916687	-3.0726064213242426	-3.116222090362009	-3.156506575918529	-3.193914665191368	-3.2288162701173273	-3.2615146987248473	-3.292261131095488	-3.3212656985797895	-3.348705904792352	-3.374733050209991	-3.3994771736149154	-3.423050890221016	-3.4455524035739957
2.6	-2.6038354285320757	-2.6743281861042174	-2.7457688120874857	-2.8140615915751424	-2.876284061941239	-2.9323240095998853	-2.98298404763628	-3.0291060017572073	-3.0713971662292794	-3.110425723692087	-3.14664621238318	-3.180425085821729	-3.212061106247897	-3.241800723679397	-3.2698495353403785	-3.2963808536118493	-3.32154217167718	-3.3454600984562477	-3.368244170134342	-3.3899898284505428
2.5	-2.565093627897011	-2.636796495647773	-2.708956538019197	-2.7766899329328556	-2.8376183611031096	-2.892162637552582	-2.941321562222396	-2.9860002604328395	-3.0269242744966087	-3.0646640598048815	-3.099670661138605	-3.1323051338518537	-3.1628604653620886	-3.1915775586766593	-3.2186569117774293	-3.2442672415707863	-3.2685519364269107	-3.2916339510101507	-3.3136195696157538	-3.3346013365285785
2.4	-2.527759281908528	-2.600714826997377	-2.6733383844052296	-2.7401542906866796	-2.7995777632942342	-2.852506464946953	-2.9000885954502964	-2.943271697369319	-2.9827898306019685	-3.0192107262478363	-3.0529791350091307	-3.084449027933725	-3.113906541734	-3.1415863124900243	-3.1676832378610533	-3.1923610787941112	-3.215758852128645	-3.237995656126347	-3.2591743667587734	-3.2793845075781034
2.3	-2.4918864996732952	-2.5660979750330366	-2.638832872644627	-2.704383612098379	-2.7621167549254535	-2.813324978201871	-2.8592633047427727	-2.900903857371741	-2.9389809614129314	-2.974055364284764	-3.0065631167543456	-3.0368496454467127	-3.065193297644027	-3.0918218099809307	-3.116924036737931	-3.140658462298245	-3.1631594934832625	-3.1845421905006206	-3.2049058797744134	-3.2243369523506287
2.2	-2.457520282093035	-2.5329341969247974	-2.6053449518947254	-2.6693112596813595	-2.7251937233735526	-2.7745901062575475	-2.8188253882718755	-2.8588812983335696	-2.8954854865093154	-2.929188104238553	-2.960414443305493	-2.9895001254618823	-3.016714891819661	-3.042279025323789	-3.066374946138085	-3.0891555776664745	-3.1107505039958103	-3.1312705844429516	-3.150811468695664	-3.169456314187687
2.1	-2.4246950637710256	-2.5011800601983856	-2.5727756994199433	-2.6348764917898895	-2.688770945295576	-2.736276112153602	-2.778756009881481	-2.8171895464335117	-2.8522918923234863	-2.8845995508541913	-2.9145252977586384	-2.9423938646797594	-2.9684656777313316	-2.992953081707621	-3.016031718902001	-3.0378487000437837	-3.0585285972159255	-3.0781779232254887	-3.096888536747797	-3.114740270361808
2.0	-2.393434718130969	-2.470757724187812	-2.541029926202241	-2.601024900732946	-2.6528143847090435	-2.6983594388036485	-2.7390377081261623	-2.775815043776273	-2.809389301819615	-2.8402807656766296	-2.868888199229037	-2.8955245117753576	-2.9204402006738723	-2.9438392500970276	-2.9658902227706583	-2.9867341945488857	-3.0064905575140264	-3.0252613480583967	-3.0431345314187515	-3.0601865331745914
1.9	-2.363753575146753	-2.44155823794172	-2.510020693817964	-2.5677082309412844	-2.617293397345752	-2.6608185347158235	-2.699654298475455	-2.7347450924153844	-2.766767441699317	-2.7962232475534323	-2.823495991231149	-2.8488859605684467	-2.8726331939062826	-2.894932947235417	-2.915946439563851	-2.935808516190882	-2.9546332404550792	-2.972518056737787	-2.9895469452614907	-3.005792850835066
1.8	-2.3356570619655908	-2.4134527117273734	-2.479671139832364	-2.5348838842973453	-2.5821804012837384	-2.6236336757658743	-2.6605907746007262	-2.693967797475339	-2.7244166085776116	-2.752418912105378	-2.7783418291085242	-2.802472342359481	-2.825039574077975	-2.8462297330470827	-2.866196463856287	-2.885068209368238	-2.9029535728257576	-2.9199453040061933	-2.9361233164579286	-2.9515570081401155
1.7	-2.3091397903718667	-2.3863077151337633	-2.4499145468192105	-2.502514305009031	-2.547450548500243	-2.5867867925293027	-2.6218332124436614	-2.653472011187829	-2.682327635153994	-2.708860070794901	-2.733419166922026	-2.7562780177057506	-2.777654436130806	-2.7977253075712407	-2.8166365012464603	-2.834509907018699	-2.8514485523650164	-2.8675404016624055	-2.882861229171653	-2.897476826977237
1.6	-2.2841783231430712	-2.359998293372846	-2.4206935065213817	-2.4705663516427387	-2.5130814156569383	-2.5502613083434844	-2.5833686792375143	-2.613247279003444	-2.6404918570858973	-2.665539410054222	-2.6887217441104303	-2.710297567856951	-2.730473047832782	-2.749415507540383	-2.7672628663001992	-2.7841303294803876	-2.8001152472427586	-2.815300718453946	-2.8297583137144326	-2.8435501666684555
1.5	-2.260716427879702	-2.3344149613665888	-2.391958743159927	-2.4390107098267793	-2.479052722486947	-2.5140419905216946	-2.545185148625959	-2.5732837884758384	-2.5989010810347986	-2.6224499708041544	-2.6442435721612902	-2.664525786023337	-2.6834908440706444	-2.701296302697176	-2.718071980239122	-2.733926283116725	-2.748950795326234	-2.7632236797822225	-2.776812246549297	-2.789774924172743
1.4	-2.2386467526673806	-2.309465359229207	-2.3636679024692175	-2.4078213677165072	-2.445346080401289	-2.4781148154601293	-2.507271422352491	-2.5335723212914734	-2.557547554180676	-2.5795851285938287	-2.5999789214690905	-2.618957668611699	-2.636703421004409	-2.653363791928407	-2.6690603684338896	-2.6838946587509587	-2.697952403269259	-2.7113067672472657	-2.7240207501508937	-2.7361490341629313
1.3	-2.2178063322522634	-2.2850729218666106	-2.3357844455555155	-2.3769751594450392	-2.4119447707936805	-2.4424668473961795	-2.4696170585667048	-2.4941042085964753	-2.5164239353737514	-2.536938574514781	-2.5559223085094906	-2.5735884065333248	-2.5901065301665276	-2.605614199280951	-2.620224657753047	-2.634032429949909	-2.647117345455094	-2.659547518056102	-2.67138159274189	-2.6826704689917165
1.2	-2.1980018402076578	-2.2611744660362074	-2.3082766948011586	-2.3464513734774357	-2.3788335509525695	-2.407086130038464	-2.4322123065338035	-2.4548712896244096	-2.4755232680018002	-2.4945042969849864	-2.512068483420562	-2.5284133766628907	-2.543696072571317	-2.558043869913136	-2.571561573810298	-2.584336651191057	-2.596442962820087	-2.607943524316185	-2.6188925879223146	-2.629337238560134
1.1	-2.179048218465391	-2.2377177036626046	-2.281117034759886	-2.316231419256135	-2.3459984848280633	-2.371961590028424	-2.395048047385141	-2.4158658735333827	-2.434838954587704	-2.4522765644552402	-2.4684124180523908	-2.48342813350685	-2.4974680928861996	-2.5106492660250286	-2.5230679381461565	-2.534804455942268	-2.545926661581702	-2.556492432232889	-2.5665515942070822	-2.5761473901006426
1.0	-2.1607917154626617	-2.214659072947545	-2.2542812526547724	-2.2862985444783117	-2.3134267957457246	-2.337082951100192	-2.3581157404721194	-2.377080704302256	-2.394364733088276	-2.4102499090586065	-2.424949294523592	-2.438628401123541	-2.4514187737045803	-2.463426962802807	-2.474740665373911	-2.4854330546791203	-2.4955659118915303	-2.5051919412278645	-2.5143565144853115	-2.5230990078858424
0.9	-2.1431130204046243	-2.191961974323957	-2.2277479975628878	-2.2566375955281384	-2.2811067382689214	-2.3024406578101884	-2.321407374857265	-2.3385089285026686	-2.354094654836493	-2.368419111200672	-2.3816744943058183	-2.394010065324231	-2.4055444299506017	-2.4163736444053407	-2.426576760314742	-2.4362197328610944	-2.4453582464311236	-2.454039802993063	-2.462305295413654	-2.4701902128728133
0.8	-2.1259213387641913	-2.169595378924268	-2.201498337575753	-2.227234814299713	-2.2490274866469413	-2.2680258077664535	-2.284915425477111	-2.3001440657477925	-2.3140230640510278	-2.3267791850721093	-2.338583587844128	-2.349569166173986	-2.3598415034381572	-2.3694861000151834	-2.3785733151423436	-2.3871618488845607	-2.395301258966052	-2.4030338204934547	-2.4103959267544823	-2.4174191622920738
0.7	-2.1091472181137956	-2.1475327436044456	-2.1755153966352725	-2.198077665534272	-2.2171790375689375	-2.233830091372978	-2.248632813529804	-2.2619799816146315	-2.274144578826422	-2.285325365053885	-2.295672324711228	-2.305301890803207	-2.3143065576001542	-2.322761219971247	-2.33072750655369	-2.3382568320276516	-2.3453926028714447	-2.352171846929817	-2.3586264406686075	-2.36478404918926
0.6	-2.0927367135775197	-2.125751166489438	-2.1497840557200036	-2.169154689682779	-2.1855521252311974	-2.1998457381998633	-2.2125528706684046	-2.224010862840132	-2.2344540735121825	-2.244053092978076	-2.2529366242863578	-2.261204566534342	-2.268936272398853	-2.276195991996299	-2.283036592979321	-2.289502180399625	-2.2956299896403527	-2.3014517846715616	-2.3069949109710866	-2.3122831019268215
0.5	-2.0766471541508458	-2.1042307274118244	-2.1242907058987925	-2.140455377114493	-2.154138146995825	-2.166065469186548	-2.1766693066136193	-2.1862311945995025	-2.1949466623877867	-2.2029580062027727	-2.2103725669444185	-2.2172736543234874	-2.223727439423954	-2.229787497529027	-2.235497911843808	-2.240895458905157	-2.246011187384613	-2.250871584168225	-2.2554994523576894	-2.2599145836522387
0.4	-2.0608441701060296	-2.0829539694995045	-2.0990230432287564	-2.1119700601964233	-2.1229290981629987	-2.1324824539771328	-2.140976179833937	-2.148635739686124	-2.1556176845419506	-2.1620359264571376	-2.1679763857373495	-2.1735057425128876	-2.1786769571818017	-2.183532908167581	-2.188108876884765	-2.192434297232166	-2.1965340193364047	-2.2004292428471457	-2.2041382196086934	-2.207676791738597
0.3	-2.045299609765054	-2.0619054885454675	-2.073969897504329	-2.0836898203651395	-2.091917514593651	-2.0990902727715492	-2.105467870974975	-2.111219519424737	-2.116462689867555	-2.121282849411814	-2.1257444585474086	-2.1298975408876326	-2.1337818265764357	-2.1374294822292237	-2.140866975536778	-2.144116387870147	-2.1471963623574117	-2.150122804003776	-2.152909406775872	-2.155568057202721
0.2	-2.029990063701336	-2.041071605026537	-2.0491210884972353	-2.0556064078098104	-2.0610964221052206	-2.0658828821526733	-2.070139058752012	-2.0739777961625245	-2.0774774260877984	-2.080694934930123	-2.083673300690574	-2.086445875027839	-2.089039146581193	-2.0914745614287975	-2.0937697663850483	-2.0959394841646466	-2.097996145461373	-2.0999503556902104	-2.1018112463578165	-2.103586744105477
0.1	-2.0148958026688177	-2.020440099902054	-2.024467304623935	-2.0277121717963067	-2.030459291722363	-2.032854584417448	-2.0349846980496538	-2.0369060571955	-2.0386578267339317	-2.0402684979564802	-2.041759557947594	-2.0431476809462192	-2.044446110097963	-2.0456655676772226	-2.046814876692124	-2.047901398412317	-2.048931348354826	-2.0499100296066675	-2.0508420084680714	-2.051731248938363
