αωw	0.1	0.2	0.3	0.4	0.5	0.6	0.7	0.8	0.9	1.0	1.1	1.2	1.3	1.4	1.5	1.6	1.7	1.8	1.9	2.0
12.0	0.10065047018575102	0.20263858815871583	0.3060203861563022	0.4108530452356631	0.5171946744346515	0.6251040370493512	0.7346402172714902	0.8458622202795562	0.9588284992320142	1.0735964031328458	1.1902215406854273	1.3087570571692562	1.4292528235738267	1.5517545409734326	1.676302767224829	1.8029318783811672	1.931668983370304	2.0625328172455815	2.1955326453823103	2.3306672178428363
11.9	0.10065813987852489	0.20267018578689666	0.3060936078985537	0.4109870992868341	0.5174103494271434	0.6254237620084198	0.735088109747253	0.8464641187106455	0.9596119749925652	1.0745907471278622	1.1914577188364117	1.310267628734742	1.4310718160543334	1.5539172754561434	1.6788456285273472	1.805892025372475	1.9350839964749214	2.066440282448203	2.19996967706924	2.335669926490579
11.8	0.10066598308106757	0.202702512139458	0.306168548922103	0.4111243567887888	0.5176312684465454	0.6257513950080584	0.735547268468347	0.8470814094615767	0.9604158124800014	1.0756113412898303	1.1927270285553624	1.311819275863428	1.4329409529639405	1.5561403994243597	1.6814603368368815	1.8089367061159431	1.9385974518690645	2.0704612840331755	2.2045364555287823	2.340819602918491
11.7	0.10067400635100553	0.20273559380557718	0.30624527196128987	0.41126493570659195	0.5178576270839144	0.6260872353011261	0.7360181263312686	0.847714693256903	0.9612408188103962	1.076659242127468	1.1940308230780508	1.313413699866934	1.434862338464435	1.5584264771762488	1.684149975097444	1.8120695802349192	1.9422136412919238	2.0746007961735584	2.209238679715319	2.346122702177825
11.6	0.10068221583634972	0.2027694570759815	0.3063238402508664	0.41140895618432327	0.5180896258873605	0.6264315912227589	0.7365011310623535	0.8483645933197854	0.9620878335048464	1.0777355510214592	1.1953705158531411	1.3150526807668943	1.4368381773035759	1.5607781989779619	1.6869177811006877	1.8152944943893312	1.945937078603635	2.078864052466039	2.2140823465598167	2.3515860158344672
11.5	0.10069061796552868	0.20280412946596246	0.3064043200329439	0.41155654419986476	0.5183274753453722	0.62678478670402	0.736996753488364	0.8490317656547383	0.9629577410702341	1.0788414294216577	1.196747598706158	1.3167380988044404	1.4388708000698918	1.5631984104739607	1.68976718145507	1.818615521177163	1.9497725439359013	2.0832565955581823	2.219073806178183	2.357216732707914
11.4	0.10069921946351779	0.20283963978719913	0.3064867807375871	0.41170783192313387	0.5185713965107952	0.6271471622722578	0.7375054890496661	0.8497169012387206	0.9638514740650357	1.0799781030160538	1.1981636473709751	1.318471941620305	1.4409626723261606	1.5656901240832108	1.692701805539972	1.8220369759018225	1.9537251034560965	2.0877842999846017	2.2242197877093264	2.3630224674600466
11.3	0.10070802736902942	0.20287601822487114	0.30657129517660936	0.4118629581010828	0.5188216216725116	0.6275190761296363	0.7380278594343502	0.8504207283915532	0.9647700164207297	1.0811468662537846	1.1996203274990114	1.3202563120641433	1.4431164045525398	1.568256531414581	1.6957255007138141	1.8255634348464758	1.957800130897984	2.0924533970200465	2.229527427388919	2.369011291581869
11.2	0.10071704905296576	0.20291329642018782	0.30665793975166195	0.4120220684718099	0.519078395079176	0.6279009053173157	0.7385644143449792	0.8511440153426617	0.9657144070441941	1.0823490872579413	1.201119401195177	1.3220934366985355	1.445334762984879	1.5709010168092898	1.6988423489092126	1.829199755214726	1.962003331043754	2.0972705017546134	2.235004299078271	2.3751917670010663
11.1	0.10072629223818967	0.20295150755906272	0.30674679467799365	0.4121853162105627	0.5193419737198727	0.6282930469732234	0.7391157334107429	0.8518875730136904	0.9666857437292652	1.0835862131682803	1.2026627341355667	1.3239856750710295	1.4476206814435915	1.5736271721319293	1.7020566847643657	1.8329510969154506	1.9663407653625953	2.1022426426199834	2.2406584474908806	2.3815729825538314
11.0	0.10073576502067905	0.20299068646726579	0.3068379442250548	0.4123528624102592	0.5196126281668406	0.6286959196924448	0.739682428259168	0.852652258038632	0.9676851874092955	1.0848597759585277	1.2042523033285084	1.3259355298370143	1.4499772742609143	1.576438812945956	1.705373115458516	1.8368229463924501	1.9708188800366324	2.107377293621107	2.246498424385524	2.388164593588074
10.9	0.10074547589221884	0.20303086971277962	0.3069314769756639	0.4125248765998526	0.5198906434863729	0.6291099650000996	0.7402651447632745	0.8534389760455185	0.9687139667858322	1.086171398778662	1.2058902055883727	1.327945657826098	1.4524078504275784	1.5793399962276542	1.7087965424403906	1.8408211427232768	1.9754445366322109	2.1126824095576398	2.252533328022745	2.394976864989547
10.8	0.10075543376485861	0.20307209571583298	0.30702748610528113	0.4127015373042751	0.5201763202241576	0.629535648947889	0.7408645654819628	0.8542486852268144	0.9697733833734148	1.08752280287853	1.207578666799967	1.3300188821568224	1.4549159290955083	1.5823350397916538	1.7123321852627484	1.8449519062409854	1.9802250457061332	2.118166464552019	2.2587728462135335	2.402020717949175
10.7	0.10076564799711234	0.2031144048674401	0.3071260696833916	0.41288303264946735	0.5204699754725414	0.6299734638465402	0.7414814123132599	0.855082400228537	0.9708648170047418	1.0889158151764091	1.209320052061599	1.3321582055179484	1.4575052565912492	1.5854285436238718	1.7159856077636706	1.8492218699639404	1.9851682036724398	2.123838494238042	2.2652273033237975	2.40930778081813
10.6	0.10077612842220494	0.20315783965715806	0.3072273309989008	0.41306956101719144	0.5207719440276939	0.6304239301480381	0.7421164493826967	0.8559411963923784	0.9719897318466784	1.0903523765442316	1.211116876806184	1.3343668247501217	1.4601798251148754	1.5886254133440396	1.7197627468669172	1.8536381141560896	1.9902823332951953	2.12970814200507	2.2719077116359965	2.4168504355566474
10.5	0.10078688537837727	0.20320244481094596	0.3073313789119494	0.41326133175435803	0.5210825796456472	0.630887598492973	0.7427704861915603	0.856826214388754	0.9731496829834758	1.0918345508903675	1.2129718190127385	1.3366481468795477	1.4629438933230405	1.5919308860493566	1.7236699443101025	1.8582082043819546	1.9955763282191805	2.13578570973927	2.2788258275113575	2.424661922277373
10.4	0.100797929741765	0.20324826743997088	0.3074383282345951	0.41345856594221875	0.5214022564074292	0.6313650519403612	0.7434443810529736	0.8577386652839893	0.9743463236311074	1.0933645351317938	1.2148877326360872	1.3390058067761768	1.465802009021876	1.5953505588257448	1.7277139816512286	1.8629402334690512	2.001059702002124	2.14208221355529	2.2859942128415	2.4327563160411754
10.3	0.10080927296155795	0.20329535720156716	0.30754830014332113	0.4136614972315459	0.521731370204345	0.6318569083992119	0.7441390448471864	0.8586798360900472	0.9755814130550577	1.0949446701595564	1.216867662399878	1.3414436866324604	1.4687590342269201	1.59889042025266	1.7319021189521706	1.867842867845369	2.0067426421714827	2.1486094450690936	2.2934263023268153	2.4411486868440395
10.2	0.10082092709828079	0.20334376647335528	0.3076614226262177	0.41387037275036914	0.5220703403561977	0.6323638232837278	0.74485544513147	0.8596510958519531	0.9768568252735068	1.09657745291596	1.2189148601177968	1.343965937486657	1.4718201728837297	1.6025568852737997	1.7362421375935952	1.8729253987831116	2.0126360698958012	2.155380038827455	2.301136477172375	2.4498551328271096
10.1	0.10083290486499853	0.20339355054189945	0.30777783096882677	0.41408545409197034	0.5224196113765829	0.6328864924165982	0.7455946106446262	0.8606539023349081	0.9781745586391307	1.098265549717954	1.2210328027323203	1.3465770030465916	1.47499100158524	1.6063568338595429	1.7407423877399593	1.8781977991527525	2.018751705936598	2.16240754658094	2.309140145846781	2.458892873518169
10.0	0.10084521967189367	0.20344476780733262	0.3078976682820338	0.4143070183913773	0.522779654901048	0.6334256552081206	0.746357636251408	0.8616898093819332	0.9795367464055585	1.1000118109810502	1.2232252122863891	1.3492816461073718	1.4782775036712272	1.6102976539489156	1.745411841047901	1.8836707863749225	2.025102143634096	2.1697065191657865	2.317453832608176	2.4682803415604737
9.9	0.10085788567464334	0.20349748000548565	0.3080210860767365	0.4145353595000229	0.5231509717962792	0.6339820981423658	0.7471456883781888	0.8627604750224642	0.9809456683997603	1.101819287519425	1.22549607807619	1.3520849779001716	1.4816861071529377	1.6143872892321076	1.750260149297656	1.8893558923543636	2.0317009297768074	2.1772925968476757	2.3260952745603296	2.4780372823627084
9.8	0.10087091782683781	0.20355175244939228	0.3081482448900891	0.414770789269038	0.523534094470449	0.6345566586059371	0.7479600109982671	0.8638676704237376	0.9824037639388585	1.103691248624763	1.2278496812698125	1.3549924907602815	1.4852237269734685	1.6186342924186454	1.7552977097281088	1.8952655412905532	2.0385626543165465	2.185182609074159	2.3350835280605513	2.4881848622340588
9.7	0.10088433086503816	0.20360765429210922	0.308279314968804	0.41501363895321486	0.5239295894076142	0.6351502290994839	0.7488019322334563	0.8650132897896644	0.9839136461505644	1.1056312021561308	1.2302906223202517	1.358010094562945	1.4888978121935985	1.6230478847362046	1.760535737972842	1.9014131363883557	2.0457030500154385	2.1933946846856767	2.3444390853561567	2.498745785552288
9.6	0.10089814364630141	0.20366525881313804	0.30841447701580954	0.41526426074929035	0.5243380599522309	0.6357637618778489	0.7496728716477756	0.8661993613277384	0.9854781178798908	1.107642916909123	1.2328238515528418	1.361144157446	1.4927163987860843	1.6276380225214246	1.7659863496313175	1.9078131566377665	2.0531391032515733	2.2019483737437144	2.354184002374189	2.5097444214695797
9.5	0.10091237281919208	0.20372464142460814	0.30855392300706386	0.4155230294837239	0.5247601493732235	0.6363982740709179	0.7505743483203322	0.8674280594220473	0.987100189393179	1.1097304475745822	1.235454703367213	1.3644015514221186	1.4966881688318177	1.6324154719011978	1.7716626516689986	1.914481265002956	2.0608891773679012	2.2108647822491663	2.3643420386237115	2.521206940583258
9.4	0.10092703715007101	0.20378588921086216	0.30869785708664615	0.4157903444673928	0.5251965442411498	0.6370548533449696	0.751507989797183	0.8687017181715271	0.9887830981232488	1.1118981626464408	1.2381889345658807	1.367789703582406	1.5008225170409384	1.637391892724832	1.7775788450267187	1.9214344295545989	2.0689731501239668	2.22016672114011	2.3749388101839246	2.5331614618713862
9.3	0.10094215654256349	0.20384908754477066	0.30884649281540627	0.4160666315369515	0.5256479781568677	0.6377346641728725	0.7524755420370495	0.8700228464774105	0.9905303307382377	1.114150775697426	1.2410327674065513	1.3713166537107886	1.505129625677544	1.6425799330987623	1.783750340038081	1.9286910593041338	2.0774125670033916	2.2298788710727093	2.3860019567330175	2.545638210000894
9.2	0.10095775212499537	0.20391432964221268	0.30900006913651806	0.4163523453052797	0.5261152358753461	0.6384389547915592	0.7534788804833504	0.8713941448930461	0.9923456478629938	1.1164933805108124	1.2439929380763326	1.3749911192691089	1.509620549150127	1.6479933361016694	1.790193886509895	1.9362711567553852	2.086230812341305	2.2400279645929095	2.397561323507366	2.5586696828346507
9.1	0.10097384634603307	0.2039817147312517	0.30915882930403904	0.4166479716465818	0.5265991578749465	0.6391690649373039	0.7545200224157195	0.8728185244833433	0.9942331118365352	1.1189314906397705	1.247076751407598	1.378822568880808	1.5143073097506288	1.6536470605276152	1.7969277206208085	1.9441964894826638	2.095453300462727	2.2506429873910743	2.409649158947183	2.572290828565754
9.0	0.10099046307937078	0.2040513485455646	0.3093230369863412	0.4169540249806629	0.5271006454297417	0.6399264344631342	0.7556011407590856	0.8742991279827595	0.9961971179544489	1.1214710840658157	1.2502921428005322	1.3828213056428134	1.5192030062883057	1.659557417824089	1.803971731145414	1.952490783377844	2.1051076892609717	2.2617554003795783	2.422300328555808	2.586539231355472
8.9	0.10100762773857024	0.20412334386745676	0.3094929740252487	0.4172710731027172	0.5276206662515139	0.6407126129593894	0.7567245795569835	0.8758393535887453	0.9982424297231884	1.1241186537474308	1.2536477484926434	1.3869985618384368	1.5243219376815758	1.665742227774403	1.811347647923893	1.9611799405866976	2.1152241188872942	2.273399384323494	2.4355525451545956	2.6014553035976946
8.8	0.10102536740329676	0.20419782112645546	0.30966894203606166	0.41759970800430823	0.5281602533433178	0.6415292705176808	0.7578928713508094	0.8774428817867337	1.0003742187475761	1.1268812649947408	1.2571529855275598	1.391366606918281	1.5296797439533647	1.6722209959293948	1.8190792559808582	1.9702922855762777	2.1258354784552416	2.2856121086528707	2.4494466150415564	2.6170824819212672
8.7	0.10104371095817573	0.20427490906030715	0.30985126418086917	0.417940571271314	0.5287205416479338	0.6423782098020536	0.7591087567479575	0.8791137056723934	1.0025981099859596	1.1297666207813424	1.2608181430330931	1.3959388709734406	1.5352935675374297	1.6790151163391807	1.827192639261419	1.9798588432415498	2.13697770386551	2.2984340258479596	2.464026699149868	2.6334674226970343
8.6	0.10106268924578961	0.20435474544606	0.3100402871374049	0.41829435288906347	0.5293027316397904	0.6432613796183463	0.7603752065113383	0.8808561653216342	1.0049202332452756	1.1327831363179681	1.264654486732599	1.4007300863609053	1.541182238363963	1.6861481037896875	1.8357164586112313	1.9899136534644042	2.1486901099972524	2.311909192351808	2.479340586524587	2.6506601910555303
8.5	0.1010823352356062	0.2044374779101705	0.3102363832896294	0.41866179592983505	0.5299081275511331	0.6441808802897259	0.7616954465625354	0.882674986861483	1.0073472819558849	1.1359400244731586	1.268674378998651	1.4057564506746092	1.5473664868753894	1.693645860532224	1.844682269389427	2.0004941270695533	2.1610157605399287	2.326085616239515	2.495439976501614	2.6687144351388326
8.4	0.10110268421077162	0.20452326482790448	0.31043995316969986	0.41904370180111256	0.5305381399692976	0.6451390204310732	0.7630729863630791	0.8845753270192077	1.009886580470651	1.1392473939470735	1.272891417232302	1.4110358149110296	1.5538691899562391	1.701536983434988	1.8541248849807863	2.0116414486559537	2.1740018785859987	2.3410156307412295	2.5123807634095727	2.6876875343949225
8.3	0.10112377397501061	0.20461227632368215	0.31065142818610014	0.41944093613555555	0.5311942970239882	0.6461382775284449	0.7645116384932943	0.8865628240798431	1.0125461613853186	1.142716362500106	1.2773205939373735	1.4165879014886744	1.5607156557813127	1.7098531186122057	1.8640827934720057	2.0234010322777776	2.1877003006592846	2.356756291010174	2.5302233148055375	2.7076407070508854
8.2	0.10114564508224974	0.2047046953861249	0.3108712736781372	0.4198544354170377	0.5318782570349498	0.6471813593522828	0.7660156062427813	0.8886436563690562	1.0153348546879355	1.1463591880292505	1.2819784825885392	1.4224345577840254	1.5679339548383076	1.7186293719359773	1.8745986358748445	2.035823036335847	2.2021679759652226	2.373369789031864	2.5490327303131264	2.728639057362308
8.1	0.10116834109194062	0.20480071911335349	0.31109999234375185	0.42028521445365546	0.5325918228501552	0.648271219555068	0.7675894502040506	0.8908246096096225	1.0182623909327069	1.1501894208984196	1.2868834543037009	1.4286000520986928	1.5755553059220226	1.727904785444939	1.885719755499555	2.0489629442090607	2.2174675110943576	2.3909238779931683	2.568879062976965	2.750751537743209
8.0	0.10119190885347977	0.20490056010699184	0.31133812809556294	0.420734374828096	0.5333369581477015	0.6494110866547685	0.7692381871117601	0.8931131547864799	1.0213395211165375	1.1542220816985218	1.2920559314762206	1.4351114205368414	1.5836145277966203	1.737722891573918	1.89749882936552	2.062882216929028	2.233667757873921	2.4094922923975997	2.5898374783882026	2.774050794424424
7.9	0.1012163988238699	0.20500444803610213	0.31158627040942033	0.42120311447994957	0.5341158060268265	0.6506044972825717	0.7709673334316441	0.895517521713665	1.0245781565448933	1.1584738695853143	1.29751868597145	1.4419988752402289	1.5921505695669815	1.748132359376084	1.9099945937950105	2.077649023312803	2.2508444381053456	2.4291551432559646	2.6119883184087334	2.7986128579861216
7.8	0.10124186542292983	0.20511263139587313	0.31184505924148015	0.4216927386028357	0.5349307102774099	0.6518553344564523	0.772782970333139	0.8980468711778675	1.027991532742207	1.1629634075782942	1.3032971913324918	1.4492962869110861	1.6012071356951967	1.759187749518776	1.9232726774166846	2.093339051007246	2.2690807929374084	2.4499992582287873	2.6354170259234917	2.8245166323056123
7.7	0.10126836743181668	0.205225379490487	0.3121151906032552	0.4222046720747994	0.535784239795955	0.6531678718040601	0.7746918192563418	0.9007113184948883	1.0315944024419204	1.1677115327851832	1.3094200407959038	1.4570417577020238	1.610833425169224	1.7709503978028458	1.9374065554346094	2.110036398250776	2.288468235785474	2.4721184240085643	2.6602138746483837	2.851843127842374
7.6	0.10129596844081858	0.20534298467420442	0.3123974229010754	0.4227404736831165	0.5366792167131179	0.6545468248384819	0.7767013301793838	0.9035221446019447	1.0354032639473683	1.1727416415533607	1.3159194459498622	1.4652783045593556	1.6210850087229105	1.7834894502212308	1.9524786387397504	2.1278345399160195	2.3091069749353177	2.495613471850398	2.68647343391078	2.8806743789375666
7.5	0.10132473735400911	0.20546576489154555	0.3126925841665438	0.4233018524573948	0.5376187489186761	0.6559974108190315	0.778819785192263	0.9064919509315688	1.0394366105297344	1.1780801021939973	1.3228318347955381	1.4740546782240493	1.6320248733785223	1.7968830759627552	1.9685815095035388	2.1468373512395083	2.3311065539040663	2.520592126480172	2.7142936833832203	2.911091981787757
7.4	0.1013547489592197	0.20559406656440513	0.3130015803295993	0.42389068649042627	0.5386062678207788	0.6575254184387396	0.7810564206226629	0.9096348629097557	1.0437153438062345	1.183756751384594	1.3301985730953234	1.4834263496499782	1.6437246700874528	1.8112198879133208	1.9858193100901105	2.1671601566899925	2.3545862326557137	2.5471685135346704	2.743774678797468	2.94317519261693
7.3	0.1013860845737342	0.20572826788356385	0.3133254047161463	0.4245090447070097	0.5396455723660973	0.6591372902116271	0.7834215717487495	0.9129667733967514	1.0482630330460785	1.18980549491852	1.3380668396177022	1.4934567040097813	1.6562662079896544	1.8266006023829724	2.0043092825458024	2.188930747067829	2.379675099183955	2.5754621920314706	2.775016659869683	2.9769985377855166
7.2	0.10141883277760494	0.20586878257288915	0.3136651489902321	0.4251592121427396	0.5407408805881045	0.6608402194288008	0.7859268454777728	0.9165056344886837	1.0531064761973516	1.196265039541727	1.3464906947762423	1.5042184932521139	1.6697432477768133	1.8431399696703155	2.0241834386037163	2.2122902716966637	2.4065117573881616	2.6055965485927146	2.8081174909968696	3.012628913184587
7.1	0.10145309024912043	0.20601606420848093	0.3140220158074061	0.4258437194222331	0.5418968902573477	0.6626422654529451	0.7885853268141415	0.9202718119251583	1.0582762559437988	1.2031797907672732	1.3555323939837096	1.5157956119923846	1.6842636565121347	1.8609690023044512	2.045590310568477	2.2373938601449073	2.435243383351597	2.6376963644472182	2.8431693407626195	3.0501221932079523
7.0	0.1014889627194804	0.20617061119173802	0.31439733350478655	0.4265653772881257	0.5431188506015745	0.6645524913930633	0.7914118287103008	0.924288515225983	1.063807449597922	1.2106009316748845	1.3652640128640579	1.528285279102815	1.6999519961078702	1.8802375143079133	2.0686966849548405	2.2644107545109886	2.4660238805445838	2.6718843538053108	2.880254546714048	3.089519432424092
6.9	0.10152656606726589	0.20633297249667357	0.3147925732267499	0.42732731723847717	0.5444126475741267	0.6665811295387687	0.7944231949766648	0.9285823271036917	1.0697405083382145	1.2185879283826366	1.3757694727542578	1.5418007294642049	1.7169526253678677	1.901116955715022	2.0936891438988	2.2935236348753945	2.499010802782281	2.7082764873844107	2.9194406864882336	3.1308428249883624
6.8	0.10156602757750302	0.20650375433760235	0.3152093689789317	0.42813303959540533	0.545784905815522	0.6687397814552588	0.7976386711856562	0.9331838576400279	1.0761223556008555	1.2272100847544387	1.3871470836931596	1.5564745474719002	1.735433396659064	1.9238034705006963	2.1207751216231094	2.3249266965655244	2.5343606683907316	2.7469759772758002	2.960774991885317	3.174091681365803
6.7	0.10160748739529883	0.2066836279367123	0.3156495412217768	0.4289864706713847	0.5472431113320361	0.6710416617122492	0.8010803621128694	0.9381285612584885	1.0830077720862752	1.2365488674301883	1.39951276104702	1.5724628057750683	1.7555900142182463	1.948521004835766	2.150183009947377	2.3588218969208796	2.5722222892289133	2.788065931449955	3.004278398162149	3.2192387749563305
6.6	0.10165110021051806	0.20687333861238474	0.31611512476804243	0.42989203114886143	0.5487957600850748	0.6735018970310936	0.8047738008434445	0.9434577662688051	1.0904611598871579	1.2467006977401376	1.413004124604105	1.5899502070351605	1.777651075419302	1.97552411829847	2.1821606051592495	2.395412658161824	2.612727828620131	2.831600906316427	3.049939702195821	3.266227480772102
6.5	0.10169703721811142	0.20707371646226555	0.31660840194621015	0.43085471838075506	0.5504525392586914	0.6761378964949943	0.8087486634809644	0.9492199859456685	1.0985588142985658	1.2577806038554444	1.427785759728743	1.6091564561157736	1.8018837088810182	2.0050998634701274	2.2169708781094135	2.4348942501197803	2.6559815394736837	2.877597894976768	3.0977104768501897	3.3149701477214784
6.4	0.10174548840900279	0.20728568898308053	0.3171319422503091	0.43188020610824857	0.5522245501139966	0.6789698138376471	0.8130396759694652	0.9554726072643851	1.1073918845679074	1.269926997240358	1.4440560135627665	1.6303440975438401	1.8285995005790394	2.0375676492926758	2.2548837046798873	2.4774401849103236	2.7020465699978398	2.9260276532638403	3.14750150262134	3.3653480911537605
6.3	0.10179666525937683	0.2075102960569395	0.3176886500366609	0.43297496615380077	0.5541245842885201	0.6820211304039725	0.8176877777022004	0.9622840935017013	1.1170702831285977	1.283308004284713	1.4620558180105188	1.6538279988562865	1.8581599704114176	2.07327534574673	2.296161923819008	2.5231843829771154	2.750930870499673	2.9768076015046665	3.1991814705623285	3.4172134517946238
6.2	0.10185080390304585	0.20774870784841779	0.3182818222810268	0.4341464180923689	0.5561674695155904	0.6853193982361314	0.822741633292337	0.9697368970776465	1.127727921187721	1.2981299195846288	1.4820801702563247	1.6799864603722574	1.8909800843278457	2.1125890291925185	2.341040131912537	2.5721997714169738	2.802574006846766	3.0297977157444573	3.25257853521551	3.4703929520607013
6.1	0.1019081688929233	0.20800224630710096	0.3189152190180365	0.435403114895689	0.5583705065700665	0.6888971985655847	0.8282596238959734	0.9779313711421707	1.1395298306606494	1.314648701278506	1.5044930324521724	1.7092734141675237	1.9275269676268132	2.1558728760610784	2.38969537451093	2.6244754065714577	2.8568373587444613	3.084800694552559	3.307484947131125	3.5246933275260552
6.0	0.10196905768556952	0.2082724111700943	0.31959314991247717	0.4367549753269996	0.5607540276383857	0.692793394495334	0.8343125107369367	0.9869911133460872	1.1526820180720092	1.333185700085803	1.5297464446738607	1.742230006881439	1.9683089472641089	2.2034553198968068	2.4422108462430265	2.67989595106232	2.9135004025619486	3.1415671719449	3.3636645272410006	3.5799079748746996
5.9	0.10203380601947609	0.20856091162675713	0.32032058155096876	0.4382135778078929	0.5633421185999993	0.6970547922868803	0.84098705950751	0.9970704057045449	1.1674453524929804	1.354149442806102	1.5584043344014966	1.7794914507038218	2.013847395867185	2.2555787826695815	2.498537102502652	2.7382287239294842	2.9722652046752582	3.199805894582302	3.4208622715523904	3.635824194289961
5.8	0.10210279440615677	0.20886970517130396	0.321103271631506	0.43979253616068836	0.5661635660558919	0.7017383809382998	0.848391068879525	1.0083648010356956	1.184155531950727	1.3780659464364007	1.5911702399716392	1.8217804897236074	2.0646216115350664	2.31233471822499	2.558459484113053	2.799123577526915	3.032769781648386	3.259197806742976	3.4788150255585486	3.6922303518058697
5.7	0.10217645601779657	0.209201045667278	0.32194793847681796	0.44150798595938545	0.5692531179291344	0.7069144077220963	0.8566605026592382	1.0211265548548702	1.2032523968177709	1.4056207622614634	1.6289145207998734	1.8698713944350545	2.120978229821078	2.3735944165397527	2.6215833591705047	2.8621287223438494	3.0946089579830875	3.319412200750809	3.537262041249438	3.74892235194739
5.6	0.1022552863427943	0.20955754334128054	0.3228624775310704	0.44337922267558744	0.572653190194901	0.7126706915384645	0.8659698647240092	1.0356877533607012	1.225323885394158	1.437715964562282	1.672687614092933	1.924499313145557	2.183007152666558	2.438957007073583	2.6873473315845096	2.926721512608838	3.157359500010364	3.3801227603541855	3.595954349149245	3.805708967349102
5.5	0.10233985510008896	0.20994224040083556	0.32385624123022366	0.4454295518301416	0.5764162224965087	0.719118820196213	0.8765477395437168	1.052496083031621	1.251173217147531	1.4755422284870685	1.7236865070533616	1.9861873690306429	2.250410619240526	2.5077418863974774	2.7550670718296137	2.99234869171404	3.220605382792427	3.4410215379829117	3.6546621871507816	3.8624157743363785
5.4	0.10243082106885272	0.21035870737166296	0.324940405694357	0.4476874411404513	0.5806080015891922	0.7264033075606943	0.8887008815912045	1.0721721661672206	1.2819227876503105	1.5206518630348191	1.7831085229794796	2.0549896938409242	2.32242354594838	2.579043498069499	2.8240013611247616	3.0584678743458813	3.2839593926669313	3.5018295402853057	3.7131801219651472	3.9188876434369004
5.3	0.10252895072235059	0.21081116729018318	0.3261284584462818	0.4501881125565102	0.5853124707018894	0.7347155770671163	0.9028531032476724	1.0956052331560102	1.319173313520436	1.5749755270212902	1.851798438892758	2.1302269142547967	2.397851537202647	2.6518407567990403	2.8934235252228246	3.124582423096281	3.3470786163779764	3.5623033954574277	3.771329870304908	3.9749898951066367
5.2	0.10263514188638496	0.21130465791641517	0.3274368581523699	0.45297579156778284	0.5906388983682557	0.7443161697362963	0.9196111880045005	1.1241198678469564	1.365230557278573	1.6406109216715166	1.92965875245934	2.2103900212822682	2.4752457742251175	2.725126726752608	2.962680862772349	3.190264868054965	3.4096730681900356	3.622238288468466	3.828961102071039	4.030608335787165
5.1	0.10275045412245865	0.21184524672541089	0.3288859443118399	0.4561069678451636	0.5967329455506724	0.7555717324714893	0.9398834486996819	1.1597790418670064	1.4233390854163401	1.7190435510026305	2.0150810370196544	2.293370825591161	2.553151140379449	2.798016922393088	3.0312315689717484	3.2551678513373394	3.4715081287447087	3.6814678237580054	3.8859506602053036	4.085648437271475
5.0	0.10287614824407361	0.21244032056289028	0.3305012193554787	0.4596552662101105	0.6037944871861601	0.7690203640866241	0.9651092323422837	1.205946690525297	1.4975193627176193	1.8096011163734966	2.104995499788798	2.376953885508071	2.630320755475307	2.869810847882896	3.0986579186290113	3.3190245551851967	3.532402285904294	3.739861678563563	3.9422006733363513	4.14003392418739
4.9	0.10301373844088359	0.21309898320522258	0.33231520189724917	0.4637189876167938	0.6121078368929557	0.7854960575037006	0.9977457713733725	1.2682533168126418	1.590672157417312	1.9082174742006768	2.195811594383355	2.459286600479524	2.7058267539945224	2.9400057165438835	3.164661076823808	3.3816419612864865	3.592221880918025	3.7973218987090895	3.9976360001867195	4.193705005764975
4.8	0.10316506212696491	0.2138326126974306	0.334370185967236	0.46843329794176186	0.6220964662996502	0.8063903448874697	1.042422262862951	1.3553316530453319	1.699769993810535	2.00869315417634	2.2845703184063737	2.5391020651465257	2.7790675544288184	3.008277075803802	3.2290451439111982	3.4428903012301775	3.650874365794312	3.853778549726902	4.052201364874415	4.24661644390156
4.7	0.10333237522207774	0.21465566197705532	0.33672249569629187	0.4739910053566747	0.6344308715215321	0.8342832426671535	1.1089797205281713	1.4734909087269132	1.8139678665429115	2.1057914446394066	2.3694718554952408	2.6156959689240695	2.8497135101710978	3.074444046671324	3.29169706995866	3.502691314329404	3.7083011951409284	3.9091852489655268	4.105858449019979	4.298735601443489
4.6	0.10351848478615527	0.21558684214405424	0.3394493292940988	0.480680448727745	0.6502674187709183	0.8748080170249133	1.2190739788436518	1.6085934024399162	1.9225478789498722	2.19680895226752	2.4497420180067335	2.6887848004143207	2.9176336481642724	3.138432241209552	3.3525668399519466	3.561006993526349	3.764471074691967	3.963514922470617	4.158583118980042	4.350040569986271
4.5	0.10372693799490115	0.21665093097064278	0.3426603566396625	0.488960993261925	0.671875379759619	0.9443344401999029	1.3851098133829585	1.7344659098852606	2.0210689381009543	2.2810540072056735	2.5252627180119367	2.7583531705371005	2.982828753070969	3.2002412719546274	3.4116501985159675	3.6178296971901656	3.8193739568578673	4.016755981010579	4.210362894121083	4.400518439152273
4.4	0.10396229875468373	0.21788165071625534	0.3465187108493626	0.4996330879345921	0.7048181333205147	1.1147600971321978	1.5413566871862732	1.8423610693181363	2.109461555935375	2.3588436803138766	2.5962547613888285	2.824536150274185	3.0453799136351147	3.2599191998001147	3.4689746874406797	3.673173943351945	3.8730159373790367	4.068909000409567	4.26119470757648	4.450163740396389
4.3	0.10423056564728325	0.21932647919923381	0.35128241133331356	0.5142984824050257	0.7720875843206015	1.3437430437837175	1.6610238572406932	1.9347141392315357	2.1890824200913004	2.430850221466886	2.6630798797618938	2.8875420397704707	3.1054126848500068	3.3175437682835067	3.524588923072802	3.72706986894525	3.925415058829262	4.119983919157914	4.31108297318218	4.498977077491443
4.2	0.10453982776336206	0.22105520719921853	0.3573964393619444	0.5370701320222074	1.144949026183574	1.4775401027871211	1.7562984698074258	2.015260777847887	2.2614211790829795	2.4977985270798846	2.726135792249863	2.9476063698830353	3.163073708342939	3.373209265604453	3.5785546613604176	3.7795581703211356	3.9765979455128893	4.169997723378313	4.360037948245022	4.546963941732088
4.1	0.10490134223993434	0.22317643463481124	0.3657370537840873	0.5892652931667703	1.2916557413505405	1.572985671028298	1.836142534833161	2.086871897889837	2.3277485776929567	2.5603531670892625	2.785806807374014	3.0049664630360864	3.2185162142855286	3.427017663335459	3.630941093903131	3.830686281095684	4.02659715840941	4.218972567272966	4.4080743680565755	4.594133701107806
4.0	0.10533140881703879	0.22587304249533105	0.37848879252806084	1.0995924647221875	1.3819386240498022	1.649560926421419	1.9055010405673767	2.1515642644621034	2.3890779129533923	2.6190878730530835	2.842443744924342	3.0598484359728473	3.2718914608415335	3.4790728378280673	3.6818208497095553	3.880505541978005	4.075449150508481	4.2669342689723795	4.455210321520083	4.6404987478340844
3.9	0.10585487807021297	0.229491600797486	0.4058649234810817	1.177509916111949	1.4518377569635585	1.7146782775507168	1.9672609713970812	2.210758406290938	2.4462046518593845	2.6744865101089648	2.896358202790709	3.112461344261296	3.3233439822935993	3.529476937517765	3.7312672613305167	3.9290691436159255	4.123192709559419	4.3139111218003166	4.501466335425774	4.686073786504161
3.8	0.10651239072556862	0.23483444186820515	0.9505292245055333	1.2371718014689184	1.5104425006510214	1.7719768216658496	2.023237924804418	2.2654786282008303	2.4997549822685294	2.726954159157518	2.9478233502452635	3.1629952557967407	3.3730092065821076	3.57832820695477	3.7793525476269285	3.976430659566992	4.169867788846793	4.35993296556559	4.5468646359330105	4.73087524480664
3.7	0.10737751444547274	0.24482327580750152	0.9972423929832542	1.2870780119661294	1.5616568539178386	1.8235356809668062	2.074646974242387	2.3164835592177386	2.5502266011672012	2.7768300238748527	2.997077366222539	3.211621385697983	3.4210125065461865	3.6257197797855105	3.8261466497683196	4.0226430227910885	4.215514642315882	4.405030469135696	4.5914285584108425	4.774920789541128
3.6	0.10860693148501493	0.7210835039621293	1.0367172414628831	1.3306853217947732	1.6075699902995682	1.8706659138981152	2.1223425417933206	2.364349434462509	2.5980198237605787	2.8243992647672473	3.0443276732988984	3.2584932369103226	3.467469091530562	3.6717391039187133	3.8717165260164905	4.067757831316941	4.260173195635921	4.449234582742908	4.635182080088459	4.818228932077205
3.5	0.11065873281609528	0.748896282405323	1.0714397787616892	1.3698015754849333	1.6494502064110328	1.9142534915275873	2.166949643771044	2.4095239397501	2.64346062180177	2.8699029797649636	3.0897551326969688	3.303748164269284	3.51248436987011	3.716467770296452	3.916125764265159	4.111824895558531	4.303882598404021	4.4925761253979335	4.678149453450644	4.860818709095414
3.4	0.40973967261097016	0.7736495695169743	1.1027366204187687	1.4055112789930264	1.6881339977305942	1.9549285793496955	2.2089403339419658	2.452361850574457	2.686817596701261	2.9135463313488237	3.1335178602698996	3.347509050317598	3.5561545557947194	3.7599815921000173	3.959434411336213	4.1548919611919946	4.346680914244437	4.535085479019117	4.720354921659696	4.9027094262211826
3.3	0.42325393583213033	0.7961454121894436	1.1314143204973217	1.4385248316274717	1.7242065562076474	1.993157414441942	2.2486806329109825	2.4931492279931926	2.7283145461636735	2.9555050684513753	3.1757545578974913	3.3898859335320117	3.5985673843825516	3.8023508328826194	4.0016989474039635	4.197004558185403	4.388604915040341	4.576792366281104	4.761822500340756	4.943920453870859
3.2	0.4356699630099185	0.8168871599782621	1.158006392955945	1.4693371511824391	1.7580957496435674	2.029295906983391	2.286460638817217	2.532120253604069	2.7681398556235877	2.995930736097569	3.2165873607662174	3.430977514202245	3.6398028543525385	3.843640517113333	4.042972355163752	4.238205939332694	4.429689953163941	4.617725693723826	4.802575812757707	4.984471066213555
3.1	0.44721505816118706	0.8362152810272782	1.1828873404487468	1.4983091634045316	1.790125354640859	2.0636227407350685	2.32251458047949	2.5694692122328675	2.8064535952337697	3.034954839460328	3.2561242445274647	3.470872509263344	3.6799339531959157	3.8839107801285158	4.083304248582822	4.278537081283712	4.469969891601469	4.657913445415004	4.842637967720446	5.0243803155672895
3.0	0.4580474127532324	0.8543727742979017	1.2063319375831403	1.5257135435750746	1.8205472178546829	2.096360774312049	2.357034603319862	2.605359199299667	2.843392945740004	3.072692183792147	3.2944610501244145	3.5096508516989826	3.7190273403891343	3.9232172301869803	4.1227410369016315	4.318036728283264	4.509477076595878	4.697382615510559	4.882031471522034	5.063666935791914
2.9	0.46828241109138136	0.8715402492714762	1.2285488196015388	1.5517621760583273	1.8495617047304345	2.127691412839225	2.390180509230426	2.6399285677873134	2.8790763948188975	3.1092435668396003	3.3316831843577743	3.5473847422761855	3.757143977262718	3.961611305744325	4.161326107221058	4.356741464207887	4.548242341098939	4.736159170521683	4.920778166835098	5.1023492693121195
2.8	0.4780072833082777	0.8878562736626865	1.24970079938584	1.576623533189302	1.8773312523805445	2.157764571058385	2.4220868029929634	2.6732957830796704	2.913607018733609	3.1446979619638538	3.3678670489518483	3.5841395667932163	3.7943396997070447	3.999140617931848	4.199100014413025	4.394685802472148	4.586295030151668	4.774268034068965	4.95889919285156	5.1404452133200165
2.7	0.48728987801095397	0.9034299108605037	1.2699178071800739	1.6004341543280558	1.9039896669176486	2.1867057699817365	2.452867897012829	2.705563135238642	2.9470750758702797	3.1791342993038305	3.4030812437775313	3.619974693801486	3.830665734262509	4.035849272717138	4.23610067088427	4.431902286317775	4.62366304153461	4.811733088471519	4.996414962054561	5.177972181478274
2.6	0.4961842048914686	0.9183488254134068	1.2893054834433015	1.623306500451673	1.9296486895745448	2.214621311284647	2.4826220267511747	2.7368196172498442	2.9795600768797192	3.2126229281684533	3.4373875827212435	3.654944167649663	3.8661691605261694	4.07177817012306	4.272363531374173	4.468421594161766	4.66037287656396	4.848577188765083	5.0333451499194	5.214947078092814
2.5	0.5047340919076544	0.9326847328783471	1.3079510858719003	1.6453344906526035	1.9544027506916162	2.241602127687388	2.5114342445251205	2.7671431849082517	3.0111324524818963	3.2452268252278755	3.470841954183978	3.689097310668777	3.900893323977218	4.106965279723446	4.307921769803309	4.504272646267917	4.696449697410352	4.884822185720878	5.069708694576806	5.251386282266561
2.4	0.5129756862985783	0.9464971857231284	1.3259276700639036	1.6665975047830859	1.978332486566109	2.2677266998228993	2.5393787421245673	2.7966025516773483	3.0418549088589755	3.2770025987910762	3.503495052578965	3.722479246904832	3.9348782037764267	4.141445892771153	4.342806446462588	4.539482710168428	4.731917388061668	4.920488955215674	5.10552380406538	5.287305639995379
2.3	0.5209392170753796	0.9598362769693511	1.3432971228622173	1.6871633411812694	2.0015073905161636	2.293063301213444	2.566520676411118	2.825258629249297	3.0717835381363545	3.3080013285193726	3.5353930024910647	3.7551313583046477	3.968160740124447	4.175252851988838	4.377046664694654	4.574077503104501	4.766798616928299	4.9555974319083	5.140807969286058	5.322720462537489
2.2	0.5286502692418383	0.9727446172243926	1.3601124110585128	1.7070904443752448	2.0239878447327544	2.3176717507249065	2.592917621294166	2.8531656949202158	3.1009687351347592	3.338269271528389	3.5665778932719965	3.7870916828143826	4.000775125563285	4.208416760420084	4.4106697168045645	4.608081290373714	4.801114899602652	4.9901666456566005	5.175577981157719	5.357645529698363
2.1	0.5361307255562199	0.9852588103783232	1.3764192800053117	1.726429611377427	2.0458267006777366	2.3416047980239014	2.618620734989374	2.8803723459941435	3.129455959573631	3.3678484593649363	3.597088238661675	3.818395262531586	4.032753064280474	4.240966170915168	4.443701219318615	4.641516978907922	4.834886660717791	5.024214759481264	5.209849950785922	5.392095096925843
2.0	0.5433994760857559	0.9974105750844711	1.3922575580959828	1.7452253182414201	2.067070524655397	2.3649092315146425	2.6436757076037694	2.9069222864644457	3.157286373999137	3.3967772053404457	3.626959373435784	3.849074448879911	4.064124003110213	4.272927757870757	4.476165237947989	4.6744062057269105	4.868133294168819	5.057759108178513	5.2436393317120205	5.426082905318151
1.9	0.5504729619241066	1.0092276106953346	1.407662173381696	1.7635167652234136	2.0877605912180432	2.3876267736047647	2.668123537302678	2.9328549803623454	3.184497381029202	3.42509053781581	3.656223796969003	3.8791591707586135	4.094915337539427	4.304326472818019	4.508084402815988	4.706769421132754	4.900873221203213	5.09081623691051	5.276960943509607	5.4596221938214935
1.8	0.5573655981244914	1.0207342754037427	1.422663956319118	1.7813387101631877	2.107933684014524	2.409794811010923	2.6920011713176697	2.9582061981857857	3.2111230784533107	3.452820571990183	3.6849114718915774	3.908677170745681	4.125152595666647	4.335185685377975	4.53948001443567	4.7386259666701465	4.93312394606849	5.1234019392813765	5.3098289961601015	5.4927257130347895
1.7	0.5640901071141458	1.0319521240870302	1.4372902811721564	1.798722140236198	2.1276227477466163	2.431446995695052	2.715342039365593	2.9830084768985126	3.237194646871174	3.4799968303574094	3.71305008461976	3.9376542136838286	4.154859602718253	4.365527311006455	4.5703721412192335	4.7699941479689	4.964902109038337	5.155531294548567	5.342257114770676	5.525405740160977
1.6	0.570657784720804	1.042900339779984	1.4515655840071622	1.815694818783669	2.1468574236814564	2.4526137433118063	2.7381765006692214	3.007291509536972	3.262740681586464	3.506646520107842	3.7406652734098054	3.9661142713524344	4.184058628419486	4.395371926847326	4.600779709058348	4.80089130275801	4.996223536746288	5.187218703730881	5.374258364309602	5.557674094733454
1.5	0.5770787147549392	1.0535960834199347	1.465511785115159	1.8322817344804876	2.1656644931436846	2.4733226497139267	2.7605322210372334	3.031082477092655	3.287787478173441	3.532794774255619	3.767780828656715	3.9940796863921904	4.212770519249534	4.4247388768985845	4.630720583658298	4.831333864099242	5.0271032898292045	5.218477924461609	5.405845274117116	5.5895421548468445
1.4	0.5833619438215311	1.0640547800390663	1.4791486365821727	1.8485054733532615	2.1840682476038316	2.493598841385673	2.7824344929048452	3.0544063327592728	3.3123592793444487	3.558464862079006	3.794418869404415	4.021571318202154	4.24101481736677	4.453646367607546	4.660211646243981	4.861337419408108	5.057555707952835	5.249322104516444	5.437029862038446	5.621020873680803
1.3	0.5895156250346062	1.0742903550013785	1.492494010635483	1.8643865292800763	2.202090799708253	2.5134652722004325	2.803906508553631	3.0772860466497254	3.336478489342655	3.5836783735147155	3.820599999428017	4.048608673168529	4.268809867796781	4.482111554912602	4.6892688632545525	4.890916765380481	5.08759445234219	5.2797638140092396	5.467823658091665	5.652120796196376
1.2	0.595547137170247	1.0843154305911684	1.5055641407071878	1.879943565025157	2.219752346440236	2.5329429762794597	2.8249695946767788	3.099742817560028	3.36016586099077	3.608455381396284	3.846343445756466	4.075210021280636	4.296172915316982	4.510150623696346	4.717907350635738	4.920085959271638	5.117232546011046	5.309815076332979	5.498237727673412	5.68285207595294
1.1	0.6014631842512449	1.0941414908751748	1.518373824459692	1.895193633226412	2.2370713932401105	2.5520512847690418	2.8456434149063354	3.1217962571848727	3.383440659680851	3.6328145848468245	3.87166718213734	4.101392500981485	4.323120192368603	4.537778860588198	4.746141433377155	4.948858366941775	5.1464824119663195	5.339487398020218	5.528282694407954	5.713224492122482
1.0	0.6072698794402247	1.1037790210224172	1.530936596041411	1.9101523648075522	2.254064946173614	2.5708080128864412	2.8659461457611286	3.1434645513193025	3.406320807977368	3.656773436735391	3.8965880397016757	4.127172213980816	4.349666999302492	4.565010721096645	4.773984701033797	4.977246708232592	5.175355909822896	5.368791797867688	5.5579687629298355	5.743247466950547
0.9	0.6129728163200668	1.1132376260192818	1.5432648734259693	1.9248341308968346	2.270748677990576	2.589229622555645	2.8858946306745086	3.1647646020166857	3.4288230141343674	3.6803482579000395	3.921121807021637	4.152564311809075	4.375827778403279	4.591859892253515	4.801450060210261	5.005263100502705	5.203864371555637	5.3977388359861695	5.58730574221954	5.772930084261024
0.8	0.6185771301171573	1.1225261329047085	1.5553700857740684	1.9392521834591572	2.287137073174398	2.607331365397376	2.9055045164004563	3.1857121544882925	3.4509628878287084	3.703554340993578	3.9452833220437467	4.177583076262965	4.401616183588185	4.618339352476481	4.82854978556619	5.032919101787946	5.23201863778122	5.426338644125459	5.6163030708186765	5.802281110328404
0.7	0.6240875512085009	1.131652680336523	1.5672627854605536	1.953418779658899	2.3032435570556395	2.625127410991519	2.924790376461642	3.2063219131057803	3.472755047145406	3.726406047708073	3.9690865593882396	4.202241997058173	4.427045148943544	4.644461431693379	4.8552955723353355	5.060225756526986	5.259829097513305	5.454600960234686	5.644969846919876	5.831309020168309
0.6	0.6295084536030352	1.1406247999093173	1.5789527502845804	1.9673452961357594	2.319080615533247	2.642630967122355	2.943765828378304	3.2266076532185557	3.4942132235006267	3.748916906015611	3.9925447196595396	4.226553853309254	4.452126962763621	4.67023787847635	4.881698597168372	5.087193650794654	5.28730573845097	5.482535174455939	5.673314870685793	5.860022036736326
0.5	0.6348439029426417	1.149449496770151	1.5904490855408477	1.98104234442777	2.334659917810383	2.659854405321647	2.9624436587472553	3.246582343483024	3.5153503797445453	3.7710997231950976	4.015670337016463	4.250530815627959	4.476873364367779	4.695679951944312	4.9077696056038045	5.113832995839597	5.314458227122176	5.510150406412059	5.7013467191622995	5.888428203969053
0.4	0.6400977158956964	1.158133349348984	1.6017603517135253	1.9945199180557802	2.349992476625437	2.6768094295966103	2.980835997035271	3.2662583222880643	3.5361788875413804	3.7929667630917785	4.038475455688522	4.274184621614926	4.501295718548348	4.720798595312669	4.933519084946609	5.14015380062378	5.3412960814288475	5.537455678094141	5.729073919974031	5.916535561464225
0.3	0.6452735762000892	1.1666827038302776	1.6128948166221975	2.007787689089234	2.3650889800027	2.693507436652617	2.99895469930516	3.2856477012706504	3.5567109479444867	3.814530181775699	4.060972079328644	4.297527037905518	4.5254054896457045	4.745604921559907	4.958957761288699	5.166166380050115	5.36782919003061	5.564460444420235	5.756505492799257	5.944352697448313
0.2	0.6503754671581012	1.1751043976808022	1.6238614001523215	2.020856132447268	2.3799610674735976	2.709960924346183	3.0168128743029623	3.304763997898901	3.576960321809513	3.8358038489192663	4.083174077794836	4.320571847966307	4.54921630667261	4.770112352873348	4.984098810696842	5.191883635750174	5.39407016087341	5.591177007891565	5.783653429094969	5.971891291545017
0.1	0.655411356940814	1.183390287258177	1.6346494256863282	2.033712341272032	2.3945937565481357	2.7261529134739493	3.0343915849149825	3.323586335670173	3.5969042026930365	3.856763034967394	4.10505480621129	4.343290502093618	4.572697729174985	4.794288575604974	5.008908067507075	5.217269574213417	5.419981199336536	5.617565801548279	5.810476419996248	5.999108324654472
