R(r₀)|α↓|ω→	0.1 ω₀	0.2 ω₀	0.3 ω₀	0.4 ω₀	0.5 ω₀	0.6 ω₀	0.7 ω₀	0.8 ω₀	0.9 ω₀	1.0 ω₀	1.1 ω₀	1.2 ω₀	1.3 ω₀	1.4 ω₀	1.5 ω₀	1.6 ω₀	1.7 ω₀	1.8 ω₀	1.9 ω₀	2.0 ω₀
0.1	70.66767194626219	50.917477321029224	42.36542152981776	37.412299176438644	34.13724097645482	31.798927766699613	30.043524838861092	28.678440573094218	27.588958826652597	26.702083912078542	25.968954875330798	25.35530046866503	24.83706797315359	24.395895098598785	24.01806070729151	23.69297472003604	23.412323692058166	23.16948372478428	22.959107453536728	22.776827414809436
0.2	34.7537968068873	25.168859493221436	20.987379968240692	18.558164009859915	16.94938798538265	15.799737572991253	14.936199985941261	14.264548100351265	13.728458059448242	13.292085663271246	12.931417827608705	12.629711559861766	12.374906997543857	12.158079653574422	11.972472862229552	11.812870274889931	11.675175961983982	11.55612575794348	11.453084111554283	11.363898128879217
0.3	22.758084582055687	16.577920397099096	13.857084199371595	12.270718781791533	11.218183613666195	10.465225536428429	9.899371879648879	9.459091592009472	9.10763294729751	8.821555581439975	8.585141104006793	8.387421751815337	8.220492807772443	8.078501835102555	7.957016245555712	7.852612830502105	7.76260292014122	7.684843345371996	7.617603335523427	7.559468850322274
0.4	16.739188367184923	12.275814424280629	10.288481479520831	9.124816123106319	8.351050908177024	7.796867973425339	7.380090509116094	7.055679263531973	6.796670744442125	6.585842911130017	6.4116345803221	6.265971873900927	6.143031819701049	6.038500887051026	5.949110577996009	5.872335753243004	5.8061924931181705	5.749098979881726	5.699777493650584	5.657183939854582
0.5	13.108330708577782	9.68870196791564	8.14433855568638	7.235416504956441	6.629499615434542	6.194909735227284	5.867801089215998	5.613066706664314	5.409641691168779	5.24404925869286	5.107231079475146	4.992855006823907	4.896350695079452	4.814330420355092	4.744225887254982	4.684052072039085	4.632248854279161	4.587571947940853	4.5490160203177945	4.515759380494355
0.6	10.668701267040282	7.95856625666905	6.712222581356993	5.9741590085048335	5.480666900293113	5.1261125204883315	4.858981901582222	4.65083638939472	4.484566926846422	4.349206517075308	4.237373102304431	4.143900545219153	4.065056789680452	3.998073513823798	3.9408507785905194	3.891764766513246	3.8495387288802387	3.8131540361378575	3.781787436374801	3.7547658902447525
0.7	8.906765480989485	6.717613544586365	5.6867836657592905	5.071750714360635	4.659044853391137	4.361942732067362	4.137836106469247	3.9630938735792096	3.823454663322262	3.709756303057275	3.615821240983988	3.5373207003734315	3.471124359328939	3.4149083448921127	3.3669086814852243	3.32576058652655	3.290390482773853	3.2599415001377614	3.233720887012654	3.2111621287519707
0.8	7.5650615006825355	5.781870879593722	4.915325082005199	4.393523363125367	4.0418750154086425	3.788131099899103	3.5964638416354724	3.4468910649416236	3.3273084621079567	3.2299190810031457	3.1494555719495274	3.0822214365035037	3.0255404398490477	2.977423941038352	2.9363612682620466	2.901182875511245	2.8709682730965973	2.84498244425252	2.8226309213324776	2.803427400932448
0.9	6.49979044258454	5.049049747467105	4.312992906893482	3.864656491866703	3.560953906087917	3.341192390696933	3.1749194430574303	3.045033828472435	2.9411298660450416	2.8564837485749233	2.7865426686824115	2.7281060012381597	2.6788533614832204	2.637058653674947	2.601409485719036	2.570889072105369	2.5446966605644508	2.5221925114076926	2.5028589835309076	2.4862724572597874
1.0	5.623915349104357	4.457689467440146	3.828849842435493	3.440248718509074	3.1753551624601606	2.983033246134666	2.8372342981578997	2.7232050040555245	2.6319194235395296	2.5575234436667684	2.4960423801020815	2.4446763115165435	2.4013921286989555	2.364675522037269	2.3333739423777935	2.3065936856489695	2.2836304294717054	2.2639211344291734	2.247009984881731	2.232523789582783
1.1	4.881557981628708	3.968584653066565	3.4304613887903566	3.091717139422212	2.859030470616153	2.6894102744086292	2.5605181338204734	2.459565770798866	2.378677148317896	2.3127209053242606	2.2582018146121965	2.2126517589414867	2.1742752225233946	2.1417328862663263	2.114004168404191	2.090296914299046	2.0699863168778343	2.052572552141685	2.0376507383161937	2.0248892129017126
1.2	4.235920992845914	3.5554993173064657	3.0961743897227256	2.799996938705242	2.5946100067682907	2.444159090632735	2.3295096606686325	2.239556330663586	2.1674027505218025	2.1085311547804038	2.0598523320291178	2.019178611776209	1.9849150005576526	1.955869692427637	1.9311332437654243	1.9099989520720568	1.8919088750286233	1.876416315131448	1.8631591733424127	1.8518406538254706
1.3	3.6642657848487623	3.20017010745774	2.810972765685005	2.551879583107844	2.3700642019752673	2.236086879471325	2.1336423101112802	2.053096281905289	1.988403457739885	1.9355767884024568	1.8918771567943395	1.8553581558652485	1.8245969900634633	1.7985283493659605	1.7763379825761934	1.7573923077123332	1.7411905506177945	1.7273314035849068	1.7154892971693783	1.7053971896765612
1.4	3.1566043934574033	2.889466802769538	2.564103060507623	2.3379203581648342	2.1767961851679343	2.057196727270272	1.9653675228116796	1.8929848407228436	1.8347556333028647	1.7871595782725986	1.747764303121591	1.7148342060579496	1.6870966284613502	1.6635963622407959	1.6436018962287202	1.6265431301094575	1.6119688730677966	1.5995171517374427	1.5888940294850762	1.5798582134556767
1.5	2.7132649291624187	2.6137077112184235	2.3476518498526646	2.1511829711963992	2.008497279574743	1.9016222422955358	1.8191487371633153	1.7539409854457138	1.701381755316539	1.658367438292817	1.622738334176691	1.5929456159575122	1.5678493096630906	1.5465913140598153	1.5285129722327748	1.5131000041852725	1.4999447678976703	1.488719802769793	1.4791589034249883	1.471043332830546
1.6	2.336981970081515	2.365666850914211	2.1556585081901107	1.9864551469338125	1.8604317545032376	1.7649617271420106	1.690832653952263	1.6320035612318853	1.5844735385060693	1.545516284870029	1.5132177163444083	1.4861965998537099	1.4634316653662913	1.444151480770533	1.4277622871261486	1.4137994491033339	1.401894003103717	1.3917491059611746	1.3831231288880135	1.3758173071187796
1.7	2.025002683599652	2.140019520632239	1.9835448279418164	1.8397415096312617	1.7289741368587046	1.643847402641122	1.5772424377309615	1.5241431311834488	1.4811186722307086	1.4457888960230336	1.4164637009929808	1.391914003608512	1.3712259261315487	1.3537062310579082	1.3388195807809322	1.3261459473840678	1.3153510668204267	1.3061655270103933	1.2983696925908113	1.2917826537352135
1.8	1.7688577810715846	1.933102282372048	1.8277414746190466	1.7079262869768175	1.611300948397857	1.5356583029569422	1.4759065585030198	1.4280032341060567	1.3890519938272774	1.3569941602234565	1.3303462518743183	1.308018822756341	1.2891961649357038	1.2732562948164619	1.2597169739408245	1.2481986318975955	1.2383984197213378	1.230071722009043	1.2230187583882255	1.2170747193408304
1.9	1.5583313086977924	1.742855062428182	1.6854437580924262	1.5885438439684831	1.505180097389639	1.4383239495383093	1.384873316882179	1.3417233802222708	1.3064852564864682	1.2774023629120328	1.2531838972383973	1.2328698774065365	1.2157352037356552	1.2012234225996563	1.1889009868893134	1.178425335814964	1.1695222999429444	1.1619698621770522	1.155586309889948	1.1502214655565925
2.0	1.3842175256502798	1.568714643084579	1.5544585065947003	1.4796201768878106	1.4088239224580668	1.350187084607301	1.3025810839937793	1.2638151856951652	1.2319879880565996	1.2056298998408463	1.1836316342833249	1.1651543897796839	1.1495574513949283	1.13634514943874	1.1251289539888598	1.1156004285605035	1.1075117871930595	1.1006617616198868	1.094885200584486	1.0900453191524386
2.1	1.2391534744740231	1.4111497300943041	1.4331197398476105	1.3795629864849113	1.32078492282402	1.269905849562789	1.2277657107750515	1.193073944204908	1.1644024157306685	1.1405569442834516	1.1206008698911614	1.1038098309228872	1.0896223629369168	1.0775996284744966	1.0673950355966775	1.0587318425028092	1.0513867063536808	1.0451775404522035	1.0399544756429784	1.0355930652229894
2.2	1.117504516832774	1.270805673781581	1.320255940137205	1.2870866249671191	1.2398809430653392	1.1963829534548023	1.159393313362886	1.1285143737316832	1.1027816236195456	1.0812675857777347	1.0632012058077283	1.0479670881198255	1.035078777402843	1.0241509669631335	1.014876410132135	1.0070080024846595	1.0003451944053783	0.9947237438655804	0.9900079698715107	0.9860848605792202
2.3	1.0149728403772569	1.147720699425874	1.2151845538213863	1.2011634653985517	1.1651413185404256	1.128713742470456	1.096610753162966	1.069323197185169	1.0463438794358253	1.0270056045688676	1.0106974215967859	0.9969084649212759	0.985223780386358	0.9753088250252403	0.9668935046218894	0.9597586008595209	0.953724946206617	0.9486449957721592	0.9443963151559032	0.9408765481546516
2.4	0.9282079131218781	1.041080530214491	1.117690938976993	1.1209960886656458	1.0957684644295287	1.0661478167662806	1.038708701926016	1.0148236662804064	0.9944384223784656	0.9771413249937957	0.9624772244224815	0.9500361884672214	0.9394718553030749	0.9304981173783083	0.9228801692648883	0.9164251798031132	0.9109741494744658	0.9063952394383423	0.9025784462894426	0.8994313929536067
2.5	0.8545132872336327	0.9494376110735101	1.0279356080433957	1.0460051956407106	1.03111126344956	1.0080605939916782	0.9850938290586125	0.9644487067560397	0.9465195120673335	0.9311464496232078	0.9180267527442589	0.906848482904684	0.8973314429497864	0.8892359894023633	0.8823610117702751	0.8765387748901413	0.8716293959926238	0.8675158807423659	0.8640999456234044	0.8612986014958739
2.6	0.791662058510965	0.8710405359355887	0.946259095527754	0.9758258471303689	0.9706476848175689	0.9539323559020817	0.9352677242491648	0.917720388419718	0.9021265240528648	0.8885747295585527	0.8769117481219806	0.8669211726799946	0.8583869151716675	0.8511141092147863	0.8449339638903248	0.8397027188346855	0.83529869082064	0.8316189756387248	0.8285763852990323	0.8260967984134434
2.7	0.7377940456807377	0.8040754519601343	0.872927706796955	0.9102995259153138	0.9139744241788695	0.9033330393066039	0.8888108808172795	0.874234105870316	0.8608685340925375	0.8490469618000116	0.8387629273027548	0.8298933827462105	0.8222845592695368	0.8157848976321292	0.8102567236736552	0.805579267559951	0.8016482377740834	0.7983741540436412	0.7956803713653221	0.793501174988713
2.8	0.6913577758361099	0.746808360157424	0.8079271438116331	0.8494444155361022	0.8608009188690545	0.8559114481053428	0.8453705366221134	0.8336463160012105	0.8224122780951155	0.8122392354970953	0.8032645059437025	0.7954563120061656	0.7887215706481431	0.7829507115833257	0.7780361044861931	0.7738790929735101	0.7703920570635727	0.7674983459959624	0.7651313642764906	0.7632333916203284
2.9	0.651069708697982	0.6976657516374197	0.7508873685038322	0.7933887078264543	0.8109438395178489	0.811387707901904	0.8046514713163163	0.7956649906278779	0.7864726798050236	0.7778736455134625	0.7701451141890558	0.7633443384704683	0.757437327617803	0.7523552680210694	0.7480195890905057	0.7443529504096748	0.7412837514030085	0.7387476336284369	0.7366876055657456	0.7350535694417
3.0	0.6158775392483103	0.65527536412225	0.7011400945659046	0.7422694603892248	0.7643165356406059	0.7695476687712979	0.7664090312241039	0.7600421525891473	0.7528053495286265	0.7457108985636104	0.739170546209903	0.733327911984265	0.7282064156862275	0.7237767853846094	0.719988574128334	0.7167850132025494	0.714109919188154	0.7119107328581349	0.7101396592016914	0.7087538835833467
3.1	0.5849244577607522	0.6184765339026503	0.6578453885282063	0.6961270306274665	0.720907392241397	0.7302376272094464	0.730443719054168	0.72656799992931	0.7212006036363988	0.7155443828359634	0.7101379286750963	0.7052078302778161	0.7008330058698565	0.6970224544742517	0.6937529230816837	0.6909874977806016	0.6886848427099033	0.6868037367100145	0.6853052029589952	0.6841533963714366
3.2	0.5575153921366216	0.5863087986613724	0.620119066233054	0.6548382330295369	0.6807439774622146	0.6933573578266881	0.6965966657156264	0.6950662037237076	0.6914786551779166	0.6871953752437127	0.6828709952782027	0.6788105944413332	0.6751462900716335	0.6719239474498171	0.6691465411677929	0.6667962967683723	0.6648461723413486	0.6632658441877374	0.6620247962894756	0.6610938591737396
3.3	0.5330868123710685	0.5579882683544006	0.5871231771320047	0.618111983351356	0.6438472796533746	0.6588494177721737	0.6647452335406296	0.6653900049045608	0.6634856935186962	0.6605091337497847	0.6572162281196158	0.6539846126636824	0.6509967481216764	0.6483337440586148	0.6460237549706609	0.6440674060030603	0.6424513952508754	0.6411558655142695	0.6401584174723972	0.6394362773629881
3.4	0.5111809652588741	0.5328797195720009	0.5581135973573506	0.5855353011054707	0.6101887238239908	0.6266835701303572	0.6347979605571605	0.6374187493850191	0.6370906148747257	0.635351674194966	0.6330396802369964	0.6305970743005863	0.6282530735816743	0.6261221059130141	0.6242563305817626	0.6226739816754667	0.6213749269048138	0.620349343758196	0.6195826115666988	0.6190580812190181
3.5	0.49142462840155243	0.5104694759536854	0.5324552502395052	0.5566373888898988	0.5796647086722059	0.5968372503611007	0.6066881655599907	0.6110545104632281	0.6121821941840372	0.6116070679491047	0.6102243326648341	0.6085313556264567	0.6067996243158569	0.6051745680116439	0.6037310018674208	0.6025039011626276	0.6015057005476903	0.6007361694055051	0.6001881268968985	0.5998507815092551
3.6	0.4735119837886449	0.4903415336314768	0.509618444742016	0.5309448225197164	0.5520956339126235	0.5692756158081306	0.5803659203418632	0.5862184833680802	0.5886665105408275	0.5891751234300587	0.5886678682409772	0.5876848478880577	0.5865342929242566	0.5853898454432589	0.584347408849228	0.5834577291323895	0.5827451575389957	0.5822185918421985	0.581877944960753	0.5817180154255517
3.7	0.4571910024425361	0.4721576833809109	0.48916662456199744	0.5080169943167727	0.5272446303345614	0.5439361967143119	0.5557887838836095	0.5628469335816279	0.5664644633131521	0.5679693354320188	0.568280766103113	0.5679671203309522	0.5673667141039553	0.5666780749458545	0.5660163676440553	0.5654470116956507	0.5650055623798734	0.5647095524531401	0.5645656291982633	0.56457390894178
3.8	0.4422527011853432	0.4556414841169393	0.47074167565188535	0.4874630757988919	0.5048445401274699	0.5207220643642017	0.5329124857328774	0.5408866608005712	0.5455092545199564	0.5479150053987559	0.5489846379459582	0.5492983477925396	0.5492167427865383	0.5489593275828515	0.548658409789786	0.5483928375594918	0.5482085822561722	0.5481312798715996	0.5481739337458686	0.5483416972150746
3.9	0.4285226910278582	0.4405655711354574	0.45404984516595487	0.46894631891148114	0.4846228907583964	0.4995041645422587	0.5116832317448843	0.5202901888978305	0.5257437730696916	0.5289474571062767	0.5307107417459062	0.5316079458375962	0.5320131499159667	0.5321623415967064	0.532202541398257	0.5322246175864237	0.532284083231011	0.532414100092509	0.5326336253668336	0.5329525566231061
4.0	0.4158545275770476	0.42674169574740045	0.438849480191912	0.452181337812409	0.46631974309548785	0.480130188614569	0.49203311228148744	0.5010111383351794	0.5071178984888289	0.5110102986162693	0.5133986225538258	0.5148333674940752	0.5156924930421173	0.5162234344997472	0.5165851823872194	0.516879043830745	0.5171691047656517	0.5174954236057012	0.5178824811031821	0.5183446113073605
4.1	0.4041244673071156	0.4140129343208458	0.4249408874843724	0.43692828870429223	0.4496978384899353	0.4624359640635427	0.4738792245634773	0.48300037165088405	0.4895858336281892	0.4940537137407028	0.49699484438985014	0.4989190253882184	0.5001981273134133	0.5010855613989554	0.5017492537539969	0.5022991966915981	0.5028069817100441	0.503318879081782	0.503864431499008	0.5044620843360271
4.2	0.39322731739156047	0.4022475918813023	0.41215809612886306	0.42298621083439913	0.4345467355414701	0.446255998473732	0.45712602544966996	0.4662034368131005	0.47310365237200513	0.4780328023190524	0.48145179281732914	0.4838153121624645	0.4854793295572396	0.48669749297462656	0.48764338698897647	0.4884337748032721	0.4891465887839605	0.48983356894776436	0.490528824989236	0.4912545692935906
4.3	0.3830731356682564	0.3913344184421453	0.4003623353993846	0.4101866546422764	0.42068308354297085	0.4314313978280125	0.44166967065926643	0.4505595693719268	0.4576272796408609	0.4629060223786407	0.4667265440160207	0.4694777008565149	0.4714905143651409	0.4730130918500042	0.47422123467694777	0.47523642705642916	0.47614168724004996	0.4769934267896882	0.47782979359512234	0.47867640260999295
4.4	0.37358459303037067	0.38117883729320245	0.3894368428330047	0.3983880596412681	0.40794879062544437	0.4178148049804322	0.42740294129902096	0.43600215978523266	0.4431110876802301	0.44863381025318716	0.45277981159712005	0.4558659154469242	0.45819052671326166	0.45999067059194554	0.4614408653889905	0.46266516999344065	0.46375035713991813	0.46475666019134954	0.46572570369184707	0.4666861205292282
4.5	0.36469485356178394	0.37169996656769516	0.37928275735969286	0.3874709996737037	0.3962082670605823	0.40527281757735856	0.4142196871709421	0.4224602973585809	0.42950719995052994	0.4351774590814523	0.4395749945992302	0.4429431695972983	0.4455420007450841	0.4475924184673054	0.4492642293384116	0.4506818769594702	0.45193450169475463	0.4530852655699207	0.4541786785203203	0.45524598749167416
4.6	0.3563458610827406	0.3628282276255814	0.3698158616545084	0.3773342534459319	0.38534543846820146	0.3936866106760469	0.40201822341552373	0.4098608691554007	0.416765472732005	0.42249831840270263	0.42707735645435724	0.4306754781777244	0.4335107788680948	0.43578388745467456	0.43765668411042274	0.43925182797564233	0.4406594125810478	0.44194460395859975	0.4431541814610409	0.4443215850203655
4.7	0.34848694554536613	0.35450344588298305	0.36096398895059206	0.3678915966191202	0.3752608916849387	0.38295144224726424	0.3907035536686166	0.3981307289250494	0.40483401684200987	0.41055734151509227	0.4152533633860525	0.41903105043731814	0.4220653890871966	0.42453353091222995	0.42658657217455354	0.42834331144716187	0.4298933871595178	0.43130302863354886	0.43262065099297486	0.4338814520785764
4.8	0.34107368713550135	0.3466733101749511	0.3526649492000979	0.3590691979795776	0.3658693145952805	0.3729755566088681	0.3801885587101793	0.3871985937352265	0.39366005997469494	0.39931496302426084	0.4040702015939133	0.407979775160222	0.4111765812670865	0.4138122907064739	0.4160248439075493	0.41792727060870744	0.4196073901904194	0.42113155707847566	0.4225491798157407	0.4238967693955321
4.9	0.3340669757250519	0.3392921241649626	0.3448648617999765	0.3508035095423006	0.35709727943514763	0.36367883057452327	0.3703943971478618	0.3769964940907352	0.3831909436326616	0.38873124924141406	0.3934954776940897	0.3974928064318446	0.40081692455089174	0.4035932304564326	0.40594472151719657	0.4079769890973602	0.40977475401698754	0.4114035810950881	0.4129132318900829	0.4143410815095115
5.0	0.3274322400121737	0.3323197869028237	0.3375168076241541	0.34303955541683817	0.34888136239440226	0.3549913715971463	0.3612503703519383	0.36746074096475606	0.3733750853806562	0.37876623884085	0.3834970898624726	0.3875422541400673	0.3909604683405716	0.3938512137809861	0.3963214005689176	0.39846781126532077	0.40037091232917493	0.40209460995367047	0.40368839220368147	0.40519005130786623
5.1	0.32113880376410375	0.325720955558673	0.33057973290884946	0.3357295405894589	0.3411665670947788	0.3468521829804579	0.3526934615264391	0.35853245953523993	0.36416279484338465	0.3693803844657853	0.37404324205853906	0.3781009770095115	0.38158246812798496	0.3845626270188016	0.3871317867733852	0.38937689382325774	0.3913731635565347	0.39318204237547644	0.39485214493873466	0.3964212426941069
5.2	0.3151593488055294	0.31946435384342564	0.3240175527685314	0.32883171578933074	0.33390501109499987	0.33920795124682784	0.344667703726803	0.3501577786866869	0.3555068897459902	0.3605350155177768	0.3651025637961512	0.36914246918975846	0.37265917532927983	0.37570514584230524	0.378354266296649	0.3806829861552228	0.38276046069748054	0.3846449638773972	0.38638367643706567	0.3880139277165165
5.3	0.3094694643270366	0.3135221976150437	0.3177984137886957	0.32230944741012746	0.3270548345304316	0.33201197514946473	0.3371234814300356	0.3422877720951267	0.34736310371413154	0.3521927620233564	0.3566442945963283	0.3606408255926849	0.36416768757203194	0.3672575446016615	0.36996850812216625	0.37236623718150874	0.37451322499122475	0.3764639666127497	0.37826369995257036	0.37994891507686346
5.4	0.3040472668567117	0.307869715285173	0.31189408407624497	0.31613045195594414	0.32057929368596844	0.3252232361443101	0.3300168310770014	0.3348782358294445	0.3396903064471877	0.3443179023414643	0.3486384950384787	0.3525707673579321	0.35608585315234925	0.3591995462728648	0.3619552969680372	0.36440802698380587	0.36661318129462134	0.3686209893281318	0.37047429966970113	0.3722083974221791
5.5	0.29887307836758736	0.3024847453448172	0.3062794459997965	0.3102661629003922	0.3144460072946738	0.31880560025455323	0.3233087781330908	0.32788936973160177	0.3324505709513825	0.33687661822961834	0.3410562534231713	0.34490770749881816	0.34839222112182716	0.3515117097525836	0.35429639500859433	0.3567908215717421	0.35904321335446043	0.3610991754401514	0.36299879186593814	0.3647758152236829
5.6	0.29392915244565493	0.2973473969649301	0.30093207212191964	0.30469120451964277	0.30862632845100857	0.31272713709715844	0.3169647296659384	0.3212854117477717	0.3256091259350179	0.32983715655168727	0.3338698661901484	0.3376278378190578	0.3410660270434993	0.3441753501586284	0.34697443025296176	0.34949804919386473	0.3517872373832277	0.3538827475307487	0.355821601418839	0.3576357353778972
5.7	0.28919944037563206	0.2924397624551395	0.2958318688934979	0.29938295251329944	0.30309481969100605	0.30695954084469956	0.31095392977558467	0.3150342588426659	0.3191342285496587	0.32316990699872145	0.32705297937031497	0.33070822101807235	0.3340872040304206	0.33717248694712576	0.33997280898897153	0.3425139965192264	0.34483009247210705	0.34695689677847713	0.3489281521153336	0.35077374293658486
5.8	0.2846693905306421	0.2877456725735909	0.2909607758351912	0.29432116535177894	0.2978288128304356	0.30147763853493803	0.30524897829270453	0.3091070960383504	0.312996986794772	0.3168474103160469	0.32058068611823753	0.3241268757348993	0.32743640920328004	0.3304858141733758	0.33327564929899917	0.33582372288206347	0.3381574464302495	0.340307685998138	0.34230476942239063	0.3441763445935082
5.9	0.2803257756687627	0.28325048741703557	0.2863025103888142	0.28948767352700255	0.2928080385430097	0.29625897252891265	0.2998254093493422	0.3034780463217501	0.30717115429774533	0.3108443129922618	0.3144295811307184	0.31786284635606143	0.32109505697071034	0.3240986871544145	0.32686773236802036	0.32941299063532026	0.33175571564674067	0.3339219650655543	0.33593859453304364	0.3378308827349313
6.0	0.2761565437118246	0.2789409169919004	0.2818423515783976	0.2848661164283041	0.2880143134558808	0.2912834455636028	0.294661324568756	0.2981238517324076	0.3016329140513937	0.3051372835159185	0.30857777644824375	0.3118962531446301	0.315045359434022	0.3179951201151647	0.3207344681796998	0.3232682095377869	0.325611997553935	0.3277873079632598	0.3298175086188461	0.33172545900418876
6.1	0.27215068836304085	0.2748048666560819	0.2775669488759664	0.28044171857092504	0.2834312748189331	0.28653301848869667	0.2897370749403758	0.2930235628009929	0.29636066256524174	0.29970490324464416	0.3030048850569939	0.30620832128540465	0.3092703187387947	0.31215979003770467	0.3148618722501447	0.3173763930335804	0.3197140142484925	0.3218918975858823	0.32393006630737164	0.3258488664448932
6.2	0.2682981365501804	0.2708313034904679	0.2734641727724692	0.2762010984895637	0.27904415465140187	0.2819914522940599	0.2850349854401703	0.288158312977439	0.2913348018830131	0.29452754243204315	0.2976919793056028	0.3007813896528985	0.30375381881545604	0.306578042774323	0.30923655026923047	0.3117251242890915	0.314050065816913	0.3162245754580514	0.3182654374690928	0.32019052937806214
6.3	0.26458965019190794	0.26701014035630516	0.26952296669175013	0.27213210486674383	0.27483958676120934	0.2776440873750098	0.28053911681107313	0.2835110492428976	0.286537543946318	0.28958722949347865	0.292621530873627	0.29559890152567025	0.2984805639163658	0.30123589841345083	0.30384568787332117	0.306302529936368	0.3086089919277095	0.3107746915718951	0.3128133564491988	0.31474045024092784
6.4	0.2610167402007597	0.26333213495662083	0.26573323291491524	0.26822367546716264	0.27080544123625544	0.2734776541365623	0.2762350594409869	0.2790663442549401	0.28195272966908846	0.28486751940978355	0.2877773382556107	0.2906453802181924	0.29343611460701696	0.2961200538012501	0.29867704321573285	0.30109725962695705	0.30338014029959903	0.30553211704539945	0.3075640779227928	0.30948916267407073
6.5	0.2575715909761324	0.2597888016748382	0.262085727978462	0.26446571524988094	0.26693068197853687	0.26948011001516425	0.2721097548549718	0.274810211058754	0.2775656636405048	0.2803533653643908	0.2831444467348655	0.2859063928435718	0.2886068711543942	0.2912178809447223	0.29371894048435776	0.29609846971221077	0.2983533407356101	0.30048720037234616	0.30250833859155496	0.30442769019294275
6.6	0.25424699391989414	0.25637233433398426	0.2585719724097316	0.26084899067322437	0.263205243637285	0.2656404988155958	0.2681513409107388	0.27072994329656364	0.27336296442580393	0.27603099629144046	0.27870906479888713	0.28136850531824265	0.28398005562949774	0.2865174207084761	0.2889602629960015	0.2912958096155746	0.2935188835236671	0.29563073907394877	0.2976373239805342	0.2995475098233675
6.7	0.25103628873712314	0.25307553832234847	0.2551841718033754	0.2573650377258734	0.2596199249332797	0.26194882894289057	0.2643490173199513	0.2668139747901017	0.2693324298450288	0.2718878019416096	0.2744584800016296	0.2770192314106202	0.27954368697222165	0.2820073717480515	0.2843904449400164	0.28667940972901945	0.2888675011384831	0.29095395549104625	0.29294263963750194	0.2948405201207714
6.8	0.24793331147484762	0.2498917707796344	0.2519151476000546	0.25400608163758776	0.2561662958829128	0.2583959676750974	0.26069292859754967	0.26305175618098176	0.2654629162710934	0.26791222629185085	0.27038097645940784	0.27284697822480747	0.2752865505385482	0.2776770750004539	0.27999946122686276	0.28223986993044553	0.28439035232904497	0.286448475927651	0.28841628608593506	0.29029901303210326
6.9	0.24493234840985534	0.2468148877421577	0.2487582761944592	0.2507649665646484	0.252836616850964	0.25497354909126374	0.25717406196331716	0.2594336465229853	0.26174423081989434	0.2640936695758796	0.26646575549361495	0.26884099007095696	0.2711981636084262	0.27351649429399677	0.2757778152086611	0.27796824806623743	0.2800790078314574	0.2821063124454151	0.28405063693613086	0.2859156490986517
7.0	0.24202809502811717	0.24383919731480483	0.24570743521805313	0.24763509382405763	0.24962376770452252	0.2516738936567447	0.25378415808565447	0.25595081794211494	0.25816703524831636	0.2604223988400607	0.2627028604002774	0.2649912922524306	0.26726873820210545	0.26951619376878283	0.27171652427622783	0.2738560479620074	0.2759254371000881	0.27791984670262254	0.2798384196166946	0.2816834355382977
7.1	0.2392156194488607	0.24095941807797347	0.2427569560219287	0.2446103674793484	0.24652118562184058	0.2484899377889187	0.2505156328714586	0.25259517169786333	0.25472276038975833	0.25688946668919654	0.2590831059181377	0.2612886359221964	0.2634891423745282	0.26566731284247014	0.2678071035051695	0.2698952067088854	0.27192199559367625	0.2738818153267147	0.27577269824921474	0.27759570678706164
7.2	0.23649032973864018	0.2381706420547329	0.23990158153421584	0.24168514626922927	0.24352281034128384	0.2454151719922304	0.2473615087737592	0.24935926418325557	0.25140353001288174	0.2534866377421978	0.2555980126638436	0.2577244448385238	0.259850860961731	0.26196153943814665	0.2640415476311977	0.2660780811199362	0.2680614122821584	0.2699852964021341	0.2718468582506954	0.2736461071220033
7.3	0.23384794463867997	0.23546830166145719	0.23713642879026614	0.23885420102595464	0.24062303582636774	0.24244358637218	0.24431535431605717	0.24623624158729104	0.24820209306854754	0.2502063222406849	0.2522397465847859	0.25429076458497607	0.25634595656032855	0.2583910821336638	0.2604123116929741	0.2623974333626789	0.26433677715123044	0.26622369674233626	0.26805459230940615	0.2698285750300109
7.4	0.23128446729454044	0.23284814014737423	0.23445695553715842	0.2361126768594849	0.23781666748089939	0.23956962252126665	0.24137123072492214	0.2432197821099303	0.24511176337976798	0.2470415162232285	0.24900106332882896	0.25098021460866693	0.25296703134329207	0.2549486418117416	0.2569122907008258	0.25884641585240836	0.26074152857360383	0.26259073969362473	0.2643898874385271	0.2661373290289205
7.5	0.22879616163295197	0.2303061850976873	0.23185893040048353	0.2334560594911293	0.23509888417936597	0.23678813092275985	0.23852364472522983	0.24030404476678274	0.2421263659219053	0.24398574767848552	0.2458752573300353	0.24778594326732986	0.2497071901588612	0.25162738330032636	0.25353479868220047	0.2554185555417406	0.25726944048874006	0.2590804532874761	0.2608470128668362	0.26256685468814306
7.6	0.22637953107790587	0.22783872463339816	0.22933840617403795	0.23088014521010833	0.2324652044871527	0.23409433314576977	0.23576750669015697	0.2374836239493946	0.23924018893032942	0.24103302811092395	0.24285611534728718	0.24470158595287075	0.24656000522689095	0.24842090740217787	0.25027354742884844	0.25210773776969525	0.2539146093877066	0.25568715861647967	0.25742050857551374	0.2591118926345199
7.7	0.22403129933860796	0.2254422859906591	0.2268916958542091	0.2283810140020313	0.2299114565364721	0.23148378821195761	0.23309809345445182	0.23475350901896117	0.23644794115751025	0.2381778089850867	0.23993787415854986	0.2417212262692648	0.2435194826379752	0.24532322362718958	0.24712262523385686	0.24890818984386565	0.2506714411387593	0.2524054583568048	0.2541051743343028	0.255767427365047
7.8	0.22174839303632018	0.22311361620447487	0.2245153510926011	0.22595500546155559	0.22743375110064729	0.2289523626038879	0.2305110151980492	0.2321090483082387	0.23374471367952754	0.23541494255302436	0.23711518209904628	0.2388393601794288	0.24058003077352336	0.24232872386398027	0.24407647586447517	0.24581446452646682	0.24753463771468626	0.24923022539782855	0.2508960591282505	0.25252867672074947
7.9	0.21952792596665813	0.2208496646576155	0.22220614278436826	0.22359869715511577	0.22502845747386532	0.2264962034605045	0.22800218589053148	0.22954591699016985	0.23112594572269843	0.23273964661085217	0.23438306413099214	0.23605086299309044	0.23773643069702632	0.2394321571603912	0.24112987797329072	0.24282142358345088	0.24449918389736078	0.24615659156803704	0.2477884508981554	0.24939108190510187
8.0	0.217367184819409	0.21864756728629534	0.2199610435470013	0.22130888514493677	0.222692181817971	0.22411171456889215	0.22556779685776593	0.22706008834386612	0.2285873940443992	0.2301474727719183	0.23173689014112034	0.23335095904093303	0.23498380851515155	0.23662860572611005	0.23827792510857443	0.23992422153871565	0.2415603340408037	0.24317993646672817	0.24477786654376218	0.2463502979557559
8.1	0.21526361619974985	0.21650463226050384	0.21777721187622961	0.2190825664240196	0.22042174768398454	0.22179553481534184	0.2232042930921567	0.22464780801074663	0.22612510545850473	0.22763427788427404	0.22917234617664609	0.23073519386540747	0.23231760966934228	0.23391346222425513	0.235516006446202	0.23711828975536664	0.23871359897351235	0.2402958764246833	0.24186004215929618	0.2434021846000218
8.2	0.21321481481364477	0.21441832697951813	0.2156519777929222	0.21691692304464238	0.21821417845515728	0.21954451880444964	0.22090835197916625	0.22230557088709652	0.22373539214566782	0.22519619825805112	0.22668540834825276	0.22819940875240183	0.22973357509158354	0.23128240838158504	0.23283978833150956	0.23439932094493174	0.23595473311582668	0.23750025362502647	0.23903092348649174	0.24054279744262744
8.3	0.21121851269656816	0.21238626624266066	0.21358282981825505	0.2148093077508965	0.21606668149172326	0.2173557193938495	0.2186768641564069	0.22003010034534515	0.22141480943251834	0.22282962640347342	0.22427231914832266	0.2257397174279572	0.2272277191397764	0.22873139491790387	0.23024519669008472	0.23176325418482202	0.23327972188018803	0.23478912541924266	0.23628665658165712	0.23776837944902077
8.4	0.2092725693788952	0.21040620147221029	0.2115674031345665	0.21275723094983356	0.21397663378595003	0.21522637192528757	0.216506916258897	0.21781832951599306	0.21916013576230312	0.22053119001242252	0.2219295659528315	0.22335248474860234	0.22479630921672178	0.22625662277309003	0.22772840034182235	0.22920626050497545	0.23068476941263116	0.232158753873777	0.2336235787011373	0.2350753526992086
8.5	0.20737496289367394	0.20847601087995526	0.20960346880662592	0.21075834887639128	0.2119415689604833	0.2131538799611199	0.21439577533599213	0.21566738439631855	0.2169683546131918	0.21829773294557642	0.2196538614953266	0.22103430722101997	0.22243584697052596	0.22385452559383442	0.22528579523237513	0.22672472908722482	0.22816628672360223	0.22960559558073548	0.23103820941441844	0.23246031039613396
8.6	0.2055237815431298	0.2065936904815879	0.2076889239530556	0.20881045282505425	0.20995916546388643	0.211135802359564	0.21234087475291472	0.21357456858142332	0.21483663814993495	0.2161262980134346	0.21744212612059158	0.21878199519579972	0.22014305097190154	0.22152175343057418	0.22291398957990308	0.22431525410556616	0.22572088024598666	0.22712629176274524	0.22852724195672766	0.2299200091193267
8.7	0.20371721634971418	0.204757345874134	0.20582178277067706	0.20691145933651553	0.20802723583529067	0.2091698415429019	0.21033980141332365	0.2115373494386719	0.21276233242029366	0.21401411136296217	0.21529147164374055	0.21659255658997126	0.217914840764439	0.21925515758737435	0.22060978992237948	0.22197462222247152	0.2233453408485044	0.2247176586976194	0.2260875348338224	0.22745136131935254
8.8	0.20195355412585148	0.2029651847012453	0.2040001683257746	0.20505940124091432	0.20614371692561284	0.2072538328308071	0.2083902841596864	0.20955334556857788	0.21074294393016585	0.2119585683026082	0.21319918665736967	0.21446318200346667	0.21574832218647264	0.21705177656276076	0.2183701880411092	0.21969980074539536	0.2210366333236826	0.22237667848355702	0.22371610369122197	0.22505142805175693
8.9	0.20023117110342192	0.20121550973954014	0.2022223050362023	0.20325241947071795	0.2043066609762335	0.20538573472646907	0.20649018322567386	0.20762031541427362	0.2087761274509705	0.20995722041702716	0.21116272314494403	0.21239123110504365	0.21364077386718053	0.21490882301716707	0.216192348729075	0.21748792643873524	0.21879188636168242	0.22010049016063193	0.2214101134587825	0.22271741195114877
9.0	0.19854852707067291	0.19950671254662142	0.20048651177669424	0.20148875556633722	0.20251422746768385	0.20356362005660533	0.20463748063000814	0.20573614689823308	0.20685967493002658	0.2080077638393947	0.20917968427281325	0.21037422017341195	0.2115896348044425	0.21282367170205976	0.21407359836781512	0.2153362949793786	0.2166083830143082	0.2178863811994587	0.21916687077961586	0.2204466504469686
9.1	0.19690415996967198	0.19783726761771997	0.19879119554741093	0.19976674480629275	0.20076467566101736	0.20178566787810606	0.20283027141427792	0.20389884797928912	0.20499150538967378	0.20610802856385646	0.20724781324619562	0.20840981068902953	0.20959249293739543	0.2107938482865918	0.21201141427334688	0.21324235103845746	0.21448355164770225	0.21573177936340965	0.21698381673011696	0.2182366092227292
9.2	0.19529668091222666	0.19620572700370767	0.19713484565218062	0.19808480990137844	0.19905635776336056	0.200050156074137	0.2010667556386611	0.20210653803550133	0.20316965571402965	0.20425596869358964	0.20536498312612636	0.20649579888122896	0.2076470746323102	0.2088170190193516	0.21000341476989456	0.21120367896781148	0.21241495737734795	0.21363424494665514	0.21485851983548962	0.21608487592015532
9.3	0.1937247695767818	0.19461071534813593	0.195516028338723	0.19644145519894723	0.19738771265682967	0.19835545457139095	0.19934523105941762	0.2003574399893142	0.20139227223376618	0.20244965353146196	0.20352918751494764	0.20463010614392643	0.20575123500613923	0.2068909811652025	0.20804734994940852	0.20921799406669983	0.2104002939751	0.2115914633867275	0.2127886693828399	0.21398915408896868
9.4	0.19218716995240195	0.19305092530542595	0.1939333818582488	0.1948352613492636	0.19575726013674596	0.19670001911780058	0.19766408642068248	0.1986498731009941	0.19965760302939076	0.20068725943040303	0.20173853202735645	0.20281077024110356	0.2039029490177317	0.20501365416005626	0.20614109307506112	0.20728313440231982	0.2084373762348657	0.2096012382471886	0.21077206903167148	0.21194725738217582
9.5	0.1906826863995004	0.19152511330611918	0.1923856119062254	0.19326488039103792	0.19416359561097438	0.19508238556681906	0.19602179530063632	0.19698224636459688	0.19796399088236552	0.19896706232956535	0.1999912264725507	0.2010359372305798	0.20210030326215256	0.20318307142956765	0.20428263258762241	0.20539705315651371	0.2065241327812333	0.20766148456343467	0.20880663071956024	0.2099571039956574
9.6	0.1892101799999206	0.19003209563873596	0.1908714874101126	0.19172903121780296	0.1926053852173789	0.19350116462021963	0.19441691045878015	0.19535305244808301	0.19630986681116772	0.1972874309103115	0.19828557768061802	0.19930385404129988	0.20034148840875965	0.20139737282099757	0.20247006467487796	0.20355781147050256	0.20465859930362917	0.20577022254253835	0.20689036885901071	0.20801671134982247
9.7	0.18776856517165996	0.18857074482061628	0.1893898366333336	0.19022649539072714	0.19108136132098627	0.19195503698656322	0.19284805863680834	0.19376086212553637	0.19469374413625537	0.19564682031307676	0.19661998291313149	0.1976128616454525	0.19862479222858065	0.19965479760080918	0.20070158636579272	0.20176357175947218	0.20283891219745284	0.20392557160637392	0.20502139481989048	0.20612419101020232
9.8	0.18635680652602254	0.1871399862330194	0.18793954356785486	0.1887561132670511	0.18959031835642423	0.19044274891704216	0.1913139357707414	0.19220431915508365	0.19311421302391754	0.1940437663623875	0.19499292380400926	0.1959613887723122	0.19694859316112942	0.19795367797382543	0.19897548911291385	0.20001259146919728	0.2010633025929137	0.20212574476600806	0.20319791169051696	0.20427774384242017
9.9	0.18497391594689747	0.18573879499809612	0.18651954459045894	0.18731678041640681	0.18813110898478108	0.18896310808440314	0.18981330257641074	0.19068213556107244	0.1915699354642978	0.19247688025280515	0.19340296078213	0.19434794611573172	0.19531135437507177	0.19629243308295458	0.19729015282841497	0.19830321724757263	0.1993300907520015	0.20036904331439173	0.20141820930942722	0.20247565539693477
10.0	0.18361894987407315	0.18436619307748425	0.18512882536031097	0.18590744430009898	0.1867026405371612	0.18751497977421824	0.18834498047438675	0.1891930872834114	0.19005964064360875	0.19094484365350048	0.19184872793209407	0.19277112099176716	0.19371161828108976	0.1946695634515414	0.19564404034116092	0.19663387950481112	0.19763768081397504	0.19865385182379644	0.1996806595589564	0.20071629151738724
10.1	0.1822910067738952	0.1830212465742554	0.18376641793750442	0.18452710119083834	0.18530387171999402	0.1860972833608863	0.18690784782393693	0.18773601016084351	0.18858212067465976	0.18944640419344735	0.19032892825382486	0.191229572407065	0.19214800145894415	0.19308364583331108	0.19403569224416858	0.19500308733713026	0.1959845558700034	0.19697863343405006	0.19798371191114544	0.19899809416623787
10.2	0.18098922478228477	0.18170306322161123	0.18243139810427114	0.18317479331264386	0.1839338095596317	0.18470898904354446	0.18550083643870377	0.18630979621832866	0.187136226653544	0.18798037129312745	0.18884232928563888	0.18972202650233486	0.19061918996405727	0.19153332843759424	0.19246372210382987	0.1934094237899003	0.19436927334799156	0.1953419254174949	0.19632588921601143	0.19731957746071724
10.3	0.17971277950651887	0.18041079004329982	0.18112288287224995	0.1818496061825729	0.18259150656595854	0.18334911481952343	0.18412292835951075	0.184913390231729	0.18572086501356258	0.18654561231202943	0.18738775905885433	0.18824727233862865	0.18912393498201152	0.1900173265001045	0.19092681200416511	0.1918515414374514	0.19279046068918837	0.19374233500660748	0.1947057837219456	0.1956793239117249
10.4	0.17846088197321808	0.1791436111720718	0.17984002816074732	0.18055066613764612	0.18127605809670683	0.18201672367517344	0.18277315286218795	0.18354578654568732	0.18433499415036997	0.1851410489843096	0.18596410235513866	0.18680415799715402	0.18766104880214077	0.18853441817191324	0.18942370840124528	0.19032815825799498	0.1912468112988233	0.19217853547040287	0.19312205331782487	0.19407598085804384
10.5	0.1772327767113609	0.17790074581374685	0.17858202663234937	0.17927713803196357	0.17998659990588894	0.18071092097584196	0.1814505836804368	0.18220602612294348	0.18297762129490283	0.18376565411767487	0.1845702972405652	0.18539158696608285	0.18622940108395047	0.18708344070150618	0.18795321826470443	0.18883805378335913	0.1897370807537776	0.1906492624260288	0.19157341798641883	0.19250825708802768
10.6	0.17602773995986432	0.17668144634559652	0.17734810567342288	0.17802822309031577	0.17872230586135676	0.17943085203851855	0.18015433642570455	0.18089319380548616	0.18164779961294003	0.18241844853298134	0.1832053318528545	0.18400851479031427	0.18482791539241608	0.18566328688684464	0.1865142054849215	0.1873800655044906	0.18826008325105312	0.18915331037232816	0.190058656458726	0.19097491964083357
10.7	0.1748450779904336	0.1754849965386985	0.17613752550822553	0.17680315690589793	0.17748238581786	0.17817569987223436	0.1788835661877614	0.17960641576979633	0.18034462551219507	0.1810984982242442	0.18186824142049365	0.1826539459623172	0.18345556598032206	0.18427290177627223	0.1851055875260677	0.1859530855148696	0.18681468828162637	0.18768952943260228	0.18857660305903962	0.18947479077923485
10.8	0.17368412553695733	0.17431070989485042	0.1749495774363229	0.1756012075708524	0.17626608363323812	0.17694468307266265	0.1776374653012002	0.17834485716016107	0.17906723613965397	0.17980491172054353	0.1805581054944465	0.18132693103424014	0.18211137479773762	0.1829112795988347	0.18372633230667984	0.18455605737517272	0.18539981751509893	0.18625682229428614	0.18712614473076317	0.18800674512609666
10.9	0.17254424432361326	0.17315792808947555	0.1737835821838903	0.1744216739293426	0.17507267531650217	0.17573705385864188	0.17641526126446352	0.17710771988549984	0.17781480705352026	0.1785368376334115	0.17927404537495076	0.18002656393323674	0.18079440871045283	0.18157746090620577	0.18237545529083174	0.18318797318361635	0.1840144418813632	0.18485414133378397	0.18570621823325595	0.1865697069567063
11.0	0.1714248216844577	0.17202601951261148	0.17263888836034635	0.17326388394379408	0.17390146729757122	0.17455209623944995	0.17521621479924054	0.17589424056654412	0.17658655005557086	0.17729346237426047	0.17801522171752285	0.17875197946361235	0.17950377691079908	0.1802705299098759	0.18105201677425942	0.18184787083749787	0.1826575788363147	0.18348048591524727	0.18431580750036056	0.18516264763926718
11.1	0.1703252692678845	0.17091437790080263	0.1715148710124574	0.17212719316574962	0.1727517948093282	0.17338912430264947	0.17403961803916537	0.17470368862137575	0.1753817111710541	0.17607400802838016	0.1767808323037386	0.17750235098085967	0.1782386285057142	0.17898961199862176	0.17975511934969207	0.1805348314724524	0.18132828979942406	0.18213489985262618	0.18295394115151192	0.18378458321608937
11.2	0.1692450218198819	0.1698224210533025	0.17041093026873813	0.1710109833035171	0.17162302037348062	0.17224748061324383	0.17288479283775915	0.1735353644784551	0.1741995687644177	0.1748777303729282	0.175570109963661	0.17627688822398038	0.1769981502682207	0.1777338714225007	0.1784839055459647	0.17924797706689427	0.18002567775174466	0.1808164690249218	0.18161969014680113	0.18243457211818034
11.3	0.16818353604047812	0.16874958962651287	0.16932649006756617	0.16991466087946425	0.17051453238245434	0.17112653471569136	0.17175108918644075	0.17238859790721267	0.1730394317802188	0.17370391702757781	0.17438232063797837	0.17507483529368967	0.17578156453967367	0.17650250913076523	0.17723755560896576	0.17798646820001884	0.17874888498363325	0.17952431913504394	0.18031216557766988	0.18111171300622503
11.4	0.16714028950827722	0.1676953460011197	0.16826099696299646	0.16883765597040137	0.16942574377019404	0.17002568173104946	0.17063788373424027	0.17126274645717687	0.17190063809952022	0.1725518857275751	0.17321676156894983	0.1738954687651917	0.17458812727122014	0.1752947607521143	0.17601528543923992	0.17674950195256992	0.17749709098222494	0.1782576136032768	0.17903051658534178	0.17981514273115132
11.5	0.1661147796683464	0.1666591732168147	0.1672139190027094	0.1677794210250622	0.168356090765371	0.16894434104218975	0.16954457840157805	0.17015719399739596	0.17078255300292872	0.17142098270957085	0.1720727596102368	0.1727380959251841	0.17341712619389005	0.1741098947066597	0.1748163446562532	0.17553630994034136	0.17626951044926023	0.17701555158686302	0.1777739283994607	0.17854403440778416
11.6	0.16510652287913832	0.16564057396988255	0.1661847446730494	0.1667394297531635	0.1673050317210272	0.1678819550606243	0.16847059908111298	0.16907134934862408	0.1696845677321929	0.17031058120191586	0.1709496696465528	0.1716020531236665	0.17226787910761918	0.17294721043984226	0.1736400147874928	0.17434615647118817	0.17506539144057745	0.17579736611770594	0.17654162048979988	0.17729759559534333
11.7	0.16411505351439087	0.16463906966935177	0.16517298190643004	0.1657171760809871	0.16627204601517026	0.16683798806902425	0.167415394419278	0.16800464500138362	0.16860609814298944	0.16922008001134892	0.1698468731148371	0.17048670423188375	0.17113973228034293	0.17180603676933387	0.17248560757222425	0.17317833681687836	0.17388401361913128	0.17460232235069514	0.17533284482428593	0.17607506657882763
11.8	0.1631399231163292	0.16365419954771582	0.16417815714683906	0.16471217316883713	0.1652566330173104	0.16581192513399537	0.16637843467263744	0.1669565359136072	0.1675465834421491	0.16814890219898368	0.16876377661939274	0.16939143919852354	0.17003205894901227	0.17068573033668283	0.17135246337171559	0.1720321755918694	0.17272468661395848	0.17342971591561152	0.17414688422694855	0.17487571874560368
11.9	0.16218069959677253	0.1626855198225325	0.16319981446945656	0.16372395248609006	0.16425831111630387	0.16480327108411919	0.1653592106336919	0.1659264983820847	0.16650548500313606	0.16709649383900094	0.16769981063402672	0.16831567269690564	0.1689442579150473	0.16958567415612405	0.1702399496783772	0.17090702523160664	0.1715867484780316	0.1722788713660201	0.17298305082976317	0.17369885305179916
12.0	0.16123696651507052	0.16173260300309064	0.16223751490116367	0.16275206314524085	0.16327661706757002	0.16381154984629911	0.16435723300357555	0.16491402943061984	0.16548228576474855	0.1660623234318415	0.16665442890522297	0.1672588435746591	0.1678757530240757	0.16850527711955224	0.1691474573076064	0.16980226555497135	0.17046956187262802	0.17114913837403903	0.17184068228792249	0.17254379626790928
