w(ω₀)|α↓|ω→	0.1 ω₀	0.2 ω₀	0.3 ω₀	0.4 ω₀	0.5 ω₀	0.6 ω₀	0.7 ω₀	0.8 ω₀	0.9 ω₀	1.0 ω₀	1.1 ω₀	1.2 ω₀	1.3 ω₀	1.4 ω₀	1.5 ω₀	1.6 ω₀	1.7 ω₀	1.8 ω₀	1.9 ω₀	2.0 ω₀
0.1	2.120928703381878	2.8871764258242547	3.4551543030381944	3.9243672970253933	4.332302782608038	4.697791499924874	5.031827467208891	5.341465540043992	5.6315388461884845	5.905521757952382	6.166005995430008	6.414982432755042	6.654017331675905	6.884270153235982	7.106958859111423	7.32283736556197	7.532617009028886	7.736900359050654	7.936202730083484	8.13096855849899
0.2	2.1161730788108692	2.879277783813298	3.4446493881848834	3.9115969886116395	4.317519485173525	4.681196488853616	5.013588300018444	5.321725617919616	5.610423261198331	5.883141151228927	6.142459254841569	6.390358662575044	6.628397343905552	6.857825022846281	7.079661050762028	7.294748836558946	7.503794893940133	7.707397489982973	7.906068078197766	8.100247612001455
0.3	2.1114209311838645	2.8713625355258032	3.434106190862029	3.898767078357087	4.302656398730104	4.664502985241827	4.9952335710119105	5.301854741943278	5.589162988153602	5.860603725117377	6.118745089834918	6.365558302055385	6.602592946512073	6.831091522232364	7.052067082844236	7.266357494846316	7.474664355657883	7.6775815416995545	7.875616562909845	8.069206812908181
0.4	2.106654205676869	2.863408806406478	3.423499877519738	3.885850180414494	4.287683851055745	4.647679236312614	4.976729620009055	5.2818174962094675	5.567720991447064	5.837870946977588	6.09482358245214	6.340540149011821	6.576561744320763	6.804123539607537	7.0242321895716735	7.237719920688694	7.445283320662574	7.647511786929061	7.844908802592021	8.037908123670865
0.5	2.1018700519691507	2.8554127869694845	3.4128257035403076	3.872840633275695	4.272595300446732	4.630717872352234	4.9580683123668345	5.2616050501342775	5.5460878159741895	5.81493280825071	6.070684239550941	6.3152932911882775	6.550292467308012	6.776909503819226	6.996144550497033	7.208824091240767	7.415639605918536	7.617175920014941	7.81393240236491	8.006339089412007
0.6	2.097067506654097	2.8473728985410727	3.402081388047093	3.859735419995284	4.25738699987696	4.613614449613565	4.939244558176	5.241211728497186	5.524257267178463	5.791782662622434	6.0463200296779736	6.289810376050587	6.523777502222618	6.749441596835467	6.967796194160782	7.179661928098489	7.385725067844288	7.586565769376978	7.782679195363778	7.974491576691729
0.7	2.092246063654407	2.839288093017461	3.39126522080619	3.846532117627033	4.242055810651023	4.596365142050292	4.920253892709825	5.22063248867534	5.502223791696247	5.768414515418351	6.021724585795726	6.264084730623067	6.4970099328776545	6.721712717564562	6.939179887909048	7.150226115441846	7.355532350807082	7.555673978040213	7.751141857149709	7.942358323097888
0.8	2.0874053686019094	2.8311574889819986	3.3803756562245963	3.833228456451562	4.226598730943949	4.578966242388787	4.901091952247866	5.199862373088631	5.47998190796604	5.7448224337986735	5.996891596126468	6.238109734130038	6.469982895556942	6.693715820712192	6.9102884611008255	7.120509408089376	7.32505418057977	7.524493283054775	7.719313171409713	7.909932189699927
0.9	2.08254512704333	2.822980262044923	3.369411190177482	3.8198221852328174	4.211012750610572	4.561414007226798	4.8817543101993115	5.178896337013068	5.4575260263659855	5.721000359764287	5.971814610715637	6.211878618574108	6.442689374135428	6.66544370691865	6.881114590496847	7.0905044125889605	7.294283141434421	7.493016288779849	7.687185799692558	7.877205927345502
1.0	2.0776650704594437	2.814755603775043	3.3583703132694347	3.8063110190299114	4.195294793774457	4.543704594597675	4.862236409918367	5.157729177005629	5.434850373661349	5.696942031113272	5.94648695927474	6.185384383922965	6.415122112918237	6.636888933604571	6.851650709524938	7.060203495104959	7.263211582854131	7.461235372655126	7.654752186321749	7.844172080877723
1.1	2.0727649416188756	2.8064827037498774	3.3472514895947185	3.7926926145383257	4.179441690563834	4.525834032155065	4.842533529461698	5.136355492506261	5.411948951781448	5.672640937763185	5.920901705458191	6.158619750733504	6.387273568045727	6.608043765499572	6.821888958170206	7.029598730950379	7.231831568951665	7.429142634635748	7.6220045080456655	7.810822939051514
1.2	2.0678444875678217	2.7981607405257534	3.3360531454112583	3.778964556039546	4.163450160057449	4.507798196957797	4.8226407583381565	5.114769659743162	5.388815509249383	5.648090291087877	5.89505161454313	6.13157712659337	6.359135873058962	6.578900139690092	6.791821147857293	6.998681869560283	7.200134843738796	7.3967298629575495	7.588934640394376	7.7771505016296425
1.3	2.062903455935571	2.789788876576178	3.324773662133111	3.765124345851049	4.147316797809176	4.489592799937429	4.80255297892854	5.0929658103825455	5.365443517366451	5.623282998075153	5.868929126007987	6.104248577553939	6.330700809653308	6.549449636065368	6.761438731908249	6.967444305275455	7.168112802462792	7.363988506208286	7.555534130650265	7.7431464533134875
1.4	2.057941592831765	2.7813662550519593	3.313411371261549	3.751169396760887	4.131038065302475	4.47121337215173	4.782264849609071	5.070937811719248	5.341826147865376	5.598211636887787	5.84252632748543	6.07662580099951	6.3019597798803915	6.519683449306233	6.730732777701116	6.935877049952277	7.135756464945426	7.330909647603643	7.521794173185375	7.708802140273696
1.5	2.052958641567083	2.7728919975235486	3.301964550280567	3.7370970253067255	4.114610280093184	4.452655251555575	4.761770788141174	5.048679246945422	5.317956250453922	5.57286843218323	5.815834928410476	6.04870009813589	6.272903778033605	6.48959236060952	6.699693938636309	6.903970705531825	7.103056449022033	7.297483979494274	7.487705585224945	7.674108547263628
1.6	2.047954341815925	2.764365202146963	3.2904314189518913	3.7229044453444495	4.098029606020467	4.4339135695438525	4.741064954585991	5.026183394683754	5.293826329407574	5.54724522930557	5.788846232402854	6.0204623451836	6.243523361204854	6.459166708132284	6.668312424914119	6.871715435527648	7.0700029430387135	7.263701777120066	7.453258782014317	7.639056274318047
1.7	2.042928429021462	2.7557849421231935	3.27881013580215	3.7085887615921025	4.081292043132575	4.414983236924732	4.720141233303241	5.003443207292329	5.269428518650093	5.521333466764657	5.761551107805657	5.991902962636877	6.213808617895256	6.428396355527009	6.636577972493422	6.839100934811141	7.036585676800359	7.229552870976942	7.4184437507772625	7.603635512425529
1.8	2.037880633958597	2.7471502642856054	3.2670987946137116	3.694146962970973	4.064393417097676	4.395858929012005	4.69899321370024	4.980451287571365	5.244754554950221	5.495124146572031	5.733939955902259	5.963011882104454	6.1837491341834445	6.397270658071373	6.604479809731719	6.806116397221613	7.002793890509875	7.195026617348348	7.383250023055227	7.567836017796229
1.9	2.0328106823944205	2.7384601877190904	3.2552954208356764	3.679575915624651	4.047329367964559	4.376535069650538	4.677614169495044	4.957199863566342	5.2197957488428	5.468607802032505	5.706002676399991	5.933778510291097	6.153333957031942	6.365778425983319	6.572006621308005	6.772750480603257	6.968616301320044	7.160111866675505	7.347666645088973	7.531647084387424
2.0	2.0277182947755183	2.72971370240823	3.2433979678482223	3.664872355521654	4.0300953381001525	4.357005813974081	4.6559970362227805	4.93368076116984	5.194542952958463	5.441774462628784	5.677728629778589	5.904191689818898	6.1225515543009195	6.333907884488178	6.539146509032827	6.73899126890296	6.934041067150585	7.124796929416929	7.311682145950621	7.49505751444388
2.1	2.0226031859670695	2.7209097678619774	3.2314043130569483	3.650032880559264	4.01268655921696	4.337265029731183	4.634134386769529	4.9098853742191295	5.168986527393282	5.414613615582916	5.649106596076148	5.874239656155973	6.091389771029011	6.301646630224116	6.50588694911534	6.704826230925786	6.899055747410085	7.089069539090555	7.275284503138499	7.458055586782034
2.2	2.0174650650292567	2.7120473116923964	3.219312253747945	3.6350539421137062	3.9950980383451316	4.317306276979841	4.612018404657629	4.885804631765205	5.1431163017363595	5.387114163670968	5.620124729643412	5.843909990572779	6.059835781504638	6.26898158350258	6.472214745461273	6.6702421753445735	6.8636472602496985	7.052916812145204	7.238461105326836	7.420629022563685
2.3	2.012303634952982	2.70312522815329	3.2071195026995025	3.619931835946225	3.9773245426346384	4.297122785952443	4.589640854810913	4.8614289621457525	5.116921533316098	5.359264378800209	5.590770509342836	5.81318956818462	6.027876036583584	6.235898935913565	6.438115978503648	6.635225201511828	6.827801835930637	7.016325204310455	7.201198711958326	7.3827649482723645
2.4	2.0071185924753845	2.694142376600271	3.194823683495955	3.6046626924108915	3.9593605828425265	4.276707432876723	4.5669930514789066	4.836748253461768	5.090390861184239	5.3310518507970635	5.561030683605166	5.7820645008737195	5.995496205647041	6.202384092676878	6.403575948996835	6.599760645548574	6.79150496585027	6.979280463000584	7.163483409317632	7.344449855603838
2.5	2.0019096278169743	2.6850975798833696	3.1824223255307507	3.589242465876552	3.9412003953605357	4.256052713497027	4.544065822968371	4.811751809985391	5.063512255275009	5.3024634307724545	5.530891209658157	5.750520073985277	5.962681112501091	6.168421609081697	6.36857911617454	6.563833021154153	6.7547413467078075	6.941767575335778	7.125300562705433	7.3056695579320206
2.6	1.9966764244782298	2.6759896226520796	3.1699128586523044	3.5736669232746316	3.9228379226031533	4.2351507140135	4.520849472767535	4.786428303974577	5.036272960096203	5.273485168342987	5.500337186148605	5.718540676283526	5.929414664428133	6.133995120232622	6.333109029524466	6.527425954464838	6.717494819229928	6.903770711258697	7.086634764265497	7.266409142985747
2.7	1.9914186590123377	2.6668172494179796	3.1572926074282672	3.5579316316943252	3.904266791579004	4.213993079131305	4.497333736606264	4.760765722280906	5.008659432213788	5.244102241859595	5.469352778253923	5.686109722119636	5.89567977345691	6.099087263230746	6.297148253377493	6.490522112226209	6.679748300785668	6.865273161176806	7.047469775981862	7.226652921323857
2.8	1.9861360007794122	2.6575791632586676	3.1445587849826078	3.542031944903641	3.885480290420858	4.192570976839164	4.473507734909465	4.734751307033794	4.980657270668628	5.214298880668928	5.437921134227477	5.653209564751538	5.861458268788979	6.063679590760123	6.260678283350209	6.453103122412265	6.641483711140917	6.826257267472066	7.007788467288736	7.1863843701582075
2.9	1.9808281117133812	2.6482740229279065	3.1317084863682605	3.525962988689893	3.866471342629444	4.170875059508973	4.44935992002208	4.708371489589068	4.952251139314207	5.184058278265549	5.406024292152104	5.619821399547123	5.826730799137726	6.027752474895212	6.223679453549345	6.415149486307094	6.602681890473865	6.786704349131052	6.967572746666583	7.1455860719994275
3.0	1.9754946460775733	2.638900441325067	3.118738681431745	3.5097196448865517	3.8472324787568866	4.148895420828178	4.424878017486707	4.681611816766292	4.923424679907543	5.15336249498716	5.373643075452586	5.585925155603284	5.791476723516893	5.991284999748397	6.186130833259458	6.376640480904503	6.5633225086605425	6.746594618643622	6.926803486510543	7.104239647548666
3.1	1.9701352502037706	2.6294569830944354	3.1056462071142095	3.4932965339348043	3.8277558052047373	4.126621548005204	4.4000489605286	4.654456868253785	4.894160414561727	5.122192348683137	5.340756975477228	5.551499374029597	5.755673988777189	5.954254841330486	6.148010111627183	6.337554050298799	6.523383964670744	6.705907090192746	6.885460440459389	7.062325682177212
3.2	1.9647495622289946	2.6199421622314403	3.0924277591400715	3.4766879958160946	3.808032969767241	4.104042268592397	4.37485881676384	4.626890163851132	4.864439635930398	5.090527291480928	5.307344019131905	5.516521070848715	5.719298991874594	5.9166381327335795	6.109293468608287	6.297866684522045	6.4828432747428915	6.664619477999828	6.843522152260649	7.01982364525031
3.3	1.9593372118221772	2.6103544395365	3.079079883022276	3.4598880691589744	3.7880551234987454	4.081145691176819	4.349292705969366	4.59889405897391	4.834242283180953	5.058345270432934	5.273380619182637	5.480965582068755	5.682326424482731	5.87840931238243	6.069955430129388	6.257553284027524	6.441675947783057	6.622708083542077	6.800965855109012	6.9767118014476965
3.4	1.953897819895336	2.6006922199030753	3.065598964326803	3.4428904683063246	3.767812878410486	4.05791913903862	4.323334707548851	4.570449626559959	4.803546801448892	5.025622569397318	5.238841404371128	5.444806388025591	5.644729097119253	5.839540952701178	6.029968705060236	6.21658700769916	6.399855846190299	6.580147670125469	6.75776736023974	6.932967113127867
3.5	1.948430998308176	2.5909538494228794	3.051981218104678	3.4256885580921956	3.7472962604229436	4.034349075738266	4.2969677560662705	4.541536523145913	4.772329982000959	4.992333628963666	5.203699025926382	5.408014913502246	5.606477739394141	5.800003566033145	5.989304001143635	6.174939101900042	6.357355029983142	6.536911323078349	6.713900933380155	6.888565132632361
3.6	1.9429363495578997	2.581137612304649	3.038222677416594	3.408275326039478	3.726494656911462	4.010421021395788	4.270173522917122	4.512132836446149	4.740566779775416	4.958450840596318	5.167923936343063	5.370560299436174	5.56754077231473	5.7597653840255	5.947929816491413	6.132578707616665	6.314143581759909	6.49297029353325	6.669339157440055	6.843479883291888
3.7	1.9374134664556606	2.5712417275754738	3.0243191808423338	3.3906433516525554	3.705396758060731	3.986119458200326	4.242932281817693	4.482214911213055	4.708230104261781	4.923944310337189	5.131484135418034	5.332409141126767	5.527884047737007	5.718792105942038	5.905812202595816	6.0894726422023435	6.270189409566513	6.448293823427139	6.624052779577544	6.797683727698838
3.8	1.9318619317893524	2.561264345555761	3.010266358868568	3.3727847724186897	3.683990491114368	3.9614277234049178	4.2152227553260415	4.4517571494779835	4.675290578807399	4.888781586390026	5.094344877440152	5.2935251867575355	5.487470549003034	5.677046610406828	5.862914493989387	6.045585151559952	6.225458024219935	6.402848948945088	6.578010540471166	6.75114722161802
3.9	1.926281317973163	2.551203544087363	2.9960596190278306	3.3546912460850224	3.6622629464358987	3.9363278877207524	4.187021939022272	4.420731780411514	4.641716262327935	4.852927343616872	5.056468332032312	5.2538689886463334	5.446260045494177	5.634488623916017	5.819196998681997	6.000877627770792	6.179912286989615	6.356600279141478	6.5311789832860665	6.703838951656948
4.0	1.9206711866772488	2.541057324490168	2.9816941296410873	3.33635390869018	3.64020029409977	3.9108006166020663	4.158304899238834	4.389108593966545	4.607472325996347	4.816343016323407	5.017813189373645	5.213397497873745	5.404208692156264	5.591074337969803	5.774616642251288	5.955308286169807	6.1335121227466285	6.309509745891636	6.4835222393958	6.655725354540677
4.1	1.915031088446654	2.530823607221807	2.9671648020129697	3.317763327758484	3.617787689488154	3.8848250113821914	4.129044539318107	4.3568546310894085	4.572520675688209	4.7789863686108	4.97833419826408	5.172063590668133	5.361268562951793	5.5467559648104245	5.72912655689333	5.90883179460384	6.086214192728598	6.261536320610799	6.435001787438372	6.606770515517285
4.2	1.9093605622969816	2.520500227221476	2.9524662708754037	3.298909449953983	3.5950091660663785	3.858378426567513	4.0992113281953015	4.323933821526791	4.536819508644768	4.740810988826446	4.937981622554821	5.129815512017337	5.317387104468074	5.501481219373726	5.682675604759127	5.86139884603978	6.037971519876149	6.212635692327583	6.385576181685069	6.556935943029173
4.3	1.9036591352953283	2.510084928898381	2.9375928728844625	3.2797815423722096	3.5718475131443825	3.8314362587673627	4.068772983616661	4.290306557980137	4.5003227897977585	4.701765691092685	4.89670059764028	5.0865962181749635	5.272506492415356	5.455192712008401	5.635207822390108	5.812955663720964	5.988733058227042	6.162759900643973	6.335200745009153	6.50618031636562
4.4	1.8979263221181844	2.4995753607385724	2.9225386229138786	3.260368126496354	3.548284135972269	3.8039717016833023	4.037694100370798	4.255929192390233	4.46297962924166	4.661793802188611	4.8544303636561486	5.042342594745566	5.2265628691567265	5.407827232572688	5.586661769845744	5.763443425577251	5.938443196020399	6.111856915845337	6.283827220897689	6.454459202493082
4.5	1.89216162459259	2.488969069490786	2.9072971878712073	3.240656903669025	3.524298894944823	3.775955460245767	4.005935711408962	4.220753436227383	4.424733537074417	4.620832305795684	4.811103345308029	4.99698452042349	5.179485434388219	5.359314901355895	5.536969763965851	5.712797591427848	5.887041179875882	6.059870156852075	6.231403377950458	6.401724737678691
4.6	1.88636453120992	2.4782634938917694	2.891861857705717	3.2206346707026423	3.4998699199731527	3.7473554152527617	3.9734547664302737	4.184725641457794	4.3855215247710975	4.578810807687582	4.766644039196482	4.950443737580122	5.13119535304642	5.30957815548518	5.486056969801495	5.660947112455633	5.834460444522614	6.00673793577622	6.177872559110319	6.347925268855609
4.7	1.88053451662037	2.4674559578844417	2.8762255132380448	3.200287223992147	3.474973395168931	3.718136227617865	3.9402035081497995	4.147785931847441	4.345273012651823	4.535650273920518	4.720967657152414	4.902632478857646	5.081604433701882	5.2585305304228465	5.433840317156835	5.607813497188113	5.780627828910535	5.952392815468167	6.123173166433772	6.293004948909583
4.8	1.8746710411009788	2.4565436632780777	2.860380590368732	3.1795992501459223	3.4495833078242173	3.688258868385086	3.9061287205955604	4.109867144713866	4.303908489794008	4.491261478164142	4.673978457024437	4.853451782353531	5.030613515943244	5.206075183975789	5.380227199765765	5.55330970138866	5.725462654873901	5.896760863473927	6.067238070497414	6.236903279203716
4.9	1.868773549995385	2.4455236817944317	2.8443190401577962	3.1585542007568166	3.4236711541732716	3.6576800567558236	3.8711708158282994	4.070893530035667	4.261337854278915	4.445543071952467	4.625567668410973	4.8027894048781175	4.978110484884532	5.152103093630091	5.325113902015627	5.49733880030139	5.6688756385654555	5.839760782159782	6.00999393148411	6.17955459170718
5.0	1.8628414731279432	2.4343924992937884	2.828032284177048	3.1371341483907025	3.397205592483352	3.626351583123419	3.8352627145196565	4.030779135316092	4.217458335462942	4.398379159752172	4.575610886694063	4.750517210029042	4.9239678023694005	5.096490835093617	5.268383681031819	5.439792389795596	5.610767597175762	5.781302890168413	5.951360416573119	6.120887462059721
5.1	1.8568742241866232	0.22745294908358382	2.8115111644315522	3.1153196202466256	3.370152031530672	3.594219486989879	3.7983284605374896	3.9894257782209706	4.172151862145788	4.34963621443494	4.523964759213023	4.696487860666407	4.868039403802755	5.039097817819049	5.209904408483612	5.380548647058644	5.551027903471571	5.721287924657396	5.891249295394	6.060824043841999
5.2	1.8508712000740097	0.22158850463520632	2.7947458870213517	3.0930894050945983	3.3424721387099545	3.5612230498472	3.7602814880005035	3.9467204707460195	4.1252816848409095	4.299159100160215	4.470462714147981	4.640530576133828	4.810156750660042	4.979762807623746	5.14952564387448	5.319469959974052	5.48953262762656	5.65960562662318	5.829563391995803	5.999279313306459
5.3	1.8448317802248682	0.21880613857989167	2.7777259585581024	3.0704203280541904	3.314123248832631	3.5272935494370596	3.7210224279887187	3.9025321020539745	4.076687976671829	4.246765865832986	4.414909371910815	4.582445610764546	4.7501237418118984	4.918299500488381	5.087074965137655	5.256400004945189	5.426142288666282	5.596133062707114	5.766195368016964	5.936160213012883
5.4	1.8387553258863492	0.21690331493903728	2.760440114164289	3.0472865566831793	3.2850576463446375	3.4923527024495225	3.6804362960928865	3.856707101518555	4.026182008574917	4.192240811173192	4.357073107209629	4.521996951259042	4.687710055736926	4.854490814346998	5.022353316608859	5.191160112331156	5.360699115171094	5.530732625844763	5.701026307635295	5.871364682465044
5.5	1.8326411793614767	0.21545544550905182	2.7428762356538563	0.5005738647369378	3.2552216874966984	3.456310694809668	3.6383888328941305	3.8090636708312147	3.973538290741771	4.135325070342725	4.296675956636665	4.4589024792033385	4.622642293341228	4.788081419422341	4.955129038787017	5.123544701932702	5.293023684795904	5.463249643567206	5.633924070696909	5.804780564431533
5.6	1.8264886632096033	0.21429136461849332	2.725021258200297	0.4815709652093375	3.224554307610016	3.419063657696429	3.5947216631803474	3.759383962618224	3.918483740029798	4.075703534682258	4.233379617517969	4.392820439727987	4.554591970272033	4.718767802702844	4.8851301026091205	5.053315490745125	5.222910772136506	5.393509506467767	5.564741376769309	5.736284377906163
5.7	1.8202970794051496	0.21332273211981653	2.7068610634533856	0.47145615123325596	0.6505477625897504	3.3804903859116986	3.5492457717935904	3.707403235346976	3.8606823722119774	4.012986212995041	4.166765518827303	4.323330374559316	4.483158883410728	4.646184807301676	4.812033856984245	4.980194060420756	5.150124181284503	5.321314210429109	5.493313580953489	5.665739953936266
5.8	1.8140657084469423	0.21249735724186794	2.688380356617025	0.4644002377933471	0.6233291089781975	3.3404476182015035	3.5017325205157213	3.652794421393938	3.799713031864832	3.946680839353659	4.096305586575491	4.2499054898922815	4.407847489850788	4.56988701154742	4.735453268306743	4.903852205817281	5.074390269189197	5.246438185756293	5.419456104446268	5.592996940951784
5.9	1.807793808419458	0.2117816095680224	2.6695625244404884	0.45898775109722867	0.608358362399351	0.8060142808768969	3.4519009691850826	3.5951454904286275	3.7350358546549236	3.8761511251396086	4.021317792454833	4.171871260620482	4.328032377372245	4.489322347642806	4.654918109962007	4.8238992433925025	4.995389774797762	5.168623267613641	5.3429614934470635	5.517889205345913
6.0	1.801480614000787	0.21115245737117644	2.6503891136299536	0.454617572097287	0.5978283382457997	0.7709483308218602	3.399399101462557	3.533924668357827	3.66593960924903	3.8005502533211697	3.9408955630828784	4.0883408963662395	4.24290566877748	4.403793682741785	4.569848718099194	4.739865101449318	4.912747455020066	5.087572239071884	5.263596107167224	5.440233186796082
6.1	1.7951253354107721	0.2105933969662588	0.32596881619745427	0.45097172636789573	0.5897180006093014	0.7508287481923	0.9640558155842893	3.4684274571697347	3.591454649653589	3.718708946259436	3.8537894785429465	3.9981097131103263	4.151396525078709	4.312401047183509	4.47951853419807	4.651177489817865	4.826018897885048	5.002943707671616	5.181096494356736	5.359826325945289
6.2	1.7887271572988859	0.21009218068692717	0.3245905523321637	0.44785968162615153	0.5831530253213305	0.7365055424027881	0.9226465215767825	3.3976809289026972	3.5101993127509052	3.6289333567432265	3.7581949384304334	3.899471347687638	4.052031107767814	4.213951420645858	4.382999280877102	4.557130687036934	4.7346737652222775	4.914339570593427	5.095165635283712	5.276445780651643
6.3	1.782285237569084	0.20963946154103286	0.3233654326352032	0.4451575597803368	0.5776665013054553	0.7254054215641657	0.897564916161235	1.1223914369967312	3.4200842975728443	3.5286043557398763	3.651334852901848	3.789871651664288	3.9426955879894163	4.106811389328547	4.279078486531481	4.456842435711643	4.638074704740589	4.821299735817685	5.005469452439836	5.189847812248869
6.4	1.7757987061284484	0.20922794125826036	0.32226677244979585	0.44278001165204967	0.5729770056187742	0.7163853104762558	0.879396976638767	1.0766654743391146	1.3779295125156965	3.413271322694539	3.5285287398757093	3.665183241014456	3.82017409881038	3.9886531597392563	4.1661317944992176	4.3491941935182785	4.535451524260664	4.723290346431832	4.9116344188683705	5.099768497134688
6.5	1.7692666635630274	0.20885181160862962	0.32127418210549935	0.44066562171854645	0.5689008334753607	0.708826176875194	0.8651890622994602	1.0472319867413538	1.2796445390084141	3.2741429422861907	3.38067585488958	3.517930791687329	3.6791682643220507	3.85598731683125	4.0419198908069305	4.232749281031476	4.425871631579394	4.619696176646596	4.813247879294247	5.005926866704626
6.6	1.7626881797331884	0.208506374994154	0.3203717269561404	0.43876867454868435	0.5653110493981169	0.7023516030249414	0.853577002646824	1.02543128474916	1.2315086368649846	1.5161121860254385	3.1846743760580845	3.3317242983521758	3.5098613367551548	3.7032345016516577	3.903260682602174	4.10564647365946	4.308212018159825	4.509818958910011	4.709864124624788	4.908032295403332
6.7	1.7560622922765527	0.2081877790934745	0.31954671742862273	0.4370542041169988	0.5621161124503983	0.6967143652810371	0.8438062327796343	1.0081757055572684	1.1985913064244351	1.4351481734709108	1.8011923492798967	3.052251792703633	3.2902852471258304	3.5207269229055282	3.7455165338122134	3.9654853821986706	4.181149817965915	4.392892329969698	4.601021772779914	4.805799064362886
6.8	1.7493880050198845	0.20789282655627378	0.318788885536562	0.43549486299029444	0.5592477654866885	0.691742864129943	0.8354116847997263	0.993963503910676	1.173578563362332	1.3860693951189145	1.6603650709037412	2.1323234441428007	2.9521323501378283	3.2903717284311584	3.5619707932137024	3.8092980214001018	4.043218938001045	4.268134943954554	4.486282216783325	4.698972633166081
6.9	1.7426642862863326	0.207618835529924	0.31808980794905145	0.43406885956243135	0.5566537285912463	0.6873129160937523	0.8280850170384234	0.9819394911208008	1.1534913676371683	1.350602142299356	1.5886559341030932	1.9054159401346706	2.4173094647779014	2.9834958791490958	3.3443542898405054	3.6339804677220013	3.8930530789009024	4.13488404475121	4.3653052476359395	4.587374191914908
7.0	1.7358900670931967	0.2073635354882972	0.31744249166507266	0.43275855198680047	0.5542930659911236	0.6833316660383286	0.821610705095476	0.9715665379555858	1.1367892707175122	1.3229209677278269	1.5396295375405435	1.8054787531676268	2.1596370994995038	2.640477668906777	3.091882125199509	3.438354124610519	3.730077801542951	3.992882491162615	4.237985327111959	4.470971890912848
7.1	1.7290642392290543	0.20712498812055533	0.3168410700255645	0.43154946186087817	0.5521331268293869	0.6797278313687728	0.8158319314139932	0.9624837569526128	1.122562802128331	1.3003312101489237	1.50246855252505	1.7401366142837764	2.0326846318501577	2.4063278529697865	2.838511514815949	3.2288182860391212	3.556032868110346	3.842809477739492	4.104673664619245	4.349986628823333
7.2	1.7221856532022395	0.20690152635658246	0.31628057546893373	0.43042956517462466	0.5501474560908913	0.6764454903009602	0.8106309310141369	0.9544363831850912	1.1102268846123249	1.2813442725287114	1.4726983292736204	1.691780807809956	1.950151286040745	2.263348878433575	2.6359600693476497	3.0249230842734804	3.377138432894143	3.687050003483009	3.9664873988035043	4.225032531904501
7.3	1.7152531160483924	0.20669170674641274	0.3157567668321313	0.4293887716438387	0.5483143269463083	0.6734399663055969	0.8059169772849375	0.9472376165302512	1.099381626770242	1.2650445086317834	1.447996952712184	1.653633449863918	1.8896594763546004	2.166064204399573	2.4900907097138045	2.8489879049035496	3.204441777686341	3.5303082900606095	3.8256234633932227	4.097269637637025
7.4	1.708265388985871	0.2064942718246144	0.31526599616859224	0.4284185352142063	0.5466156843026239	0.6706750096794343	0.8016186827291575	0.940746310687719	1.0897410741955078	1.25082612505474	1.4269937189001012	1.622323123459452	1.8423294917714812	2.093924266542103	2.383306703707515	2.7083121654434947	3.0491600896713837	3.3791275752623116	3.685447041956268	3.968505186785517
7.5	1.7012211849060017	0.20630812004506816	0.3148051046870686	0.4275115578811053	0.5450363681719352	0.6681208126861097	0.7976788706458475	0.9348531763839072	1.0810934439626274	1.2382665418328649	1.408808069486143	1.5959161976317917	1.803740341375782	2.0373359400257214	2.301622144665828	2.5977276039131794	2.916779616130247	3.239819694790441	3.5500573446190566	3.8411401608168
7.6	1.694119165682758	0.2061322815279809	0.31437134048009086	0.4266615611673778	0.5435635321328143	0.6657525778255805	0.7940510474211501	0.9294718569604707	1.0732774193106063	1.227058857761658	1.3928392871556416	1.573196667790935	1.7713702615333975	1.9912165482932351	2.2366278989032535	2.509621008153859	2.806655082921742	3.1161956466782517	3.423317562572883	3.717877726495579
7.7	1.6869579392871947	0.20596589832053291	0.3139622927824034	0.4258631074929081	0.5421862007415612	0.663549463403474	0.7906969086913012	0.9245329380834023	1.0661672646160638	1.2169729876050275	1.378658672293912	1.5533485663914939	1.743644240707125	1.9525845509049302	2.183291067247287	2.437882630206434	2.7152962773793683	3.009001066699284	3.3078697917820934	3.60123852683314
7.8	1.6797360566872324	0.20580820819967865	0.3135758389265879	0.4251114588971808	0.5408949277901597	0.6614937927111946	0.7875845345549355	0.919979800372971	1.0596630768548687	1.2078319399386195	1.3659493525864792	1.5357972513626226	1.7195126133234153	1.9195522399162077	2.1384613045321137	2.378213089278059	2.6388782003446374	2.9169240242211942	3.2047498825957947	3.4930891785358718
7.9	1.672452008514964	0.20565853128128747	0.3132101011630736	0.4244024641123421	0.5396815289963642	0.6595704513041399	0.7846870565811317	0.9157656713162947	1.053684174599996	1.1994966376984377	1.35447042053103	1.52012258704083	1.6982408589767386	1.8908530742922012	2.1000679285985773	2.3276499750929367	2.5741741107155933	2.8378348409200584	3.113668398242925	3.3944070661748373
8.0	1.665104221477854	0.20551625887257302	0.31286341122369177	0.4237324674223887	0.5385388704640174	0.6577664210218696	0.781981655542157	0.911851481574214	1.0481644811839403	1.1918558224937132	1.3440344378874454	1.5060080717541535	1.679295065709091	1.8655980064673858	2.0666894687278234	2.2841253611280177	2.5186865341583	2.7695524996367067	3.033564482389151	3.3053380650328434
8.1	1.6576910544904377	0.20538084413229107	0.3125342810222143	0.42309823445427386	0.5374606995024099	0.6560704150821595	0.7794487958225044	0.9082042751017702	1.0430492186147726	1.1848191199367721	1.334492721113212	1.4932093680848442	1.6622751300092695	1.8431400710065795	2.037313466870103	2.246162800922199	2.4705317147798063	2.7101609311006216	2.9630825632283475	3.2254322882331494
8.2	1.650210794499001	0.20525179419880568	0.3122213782612777	0.42249689126476664	0.5364415080178025	0.6544725890075428	0.7770716323316287	0.9047960093593881	1.0382924882159017	1.178312143130472	1.3257253763083177	1.4815339627748874	1.6468736364777772	1.8229944458267813	2.0111960715703043	2.212682209533164	2.428290749500195	2.658081329567564	2.9008613713723577	3.153907841531877
8.3	1.642661651969867	0.20512866351848433	0.3119235059940616	0.42192587396743614	0.535476421234085	0.6529643092179576	0.7748355452205612	0.9016026358708833	1.0338554663062989	1.1722729593555963	1.3176343499496153	1.4708275310886447	1.6328494076059001	1.804788868061332	1.9877762838157467	2.1828750600403697	2.390885758603857	2.6120464517674113	2.845668467877699	3.0898559501924234
8.4	1.6350417560049102	0.20501104816198815	0.31163958539758463	0.42138288678857444	0.5345611063137851	0.6515379660141093	0.7727277706864035	0.8986033858864783	1.0297050359158106	1.1666494701803287	1.310138459688056	1.4609645158005324	1.6200098572702055	1.7882315875445636	1.9666214894042895	2.156123325158955	2.3574871342904875	2.5710473096865605	2.7964431951692306	3.0323689737903377
8.5	1.6273491490500591	0.20489858095885527	0.3113686411724026	0.4208658669183079	0.5336916967623854	0.6501868211150964	0.7707371049846573	0.8957802085163545	1.0258127336631617	1.1613974611153906	1.3031697630633952	1.4518414422048755	1.6081988492174755	1.7730899249975398	1.9473916525030104	2.13194569548245	2.3274476688491195	2.5342797379122	2.752295190331278	2.98060666929411
8.6	1.619581781149691	0.20479092731330256	0.3111097891043403	0.42037295488134	0.5328647294601467	0.6489048823690198	0.7688536648934934	0.8931173238460193	1.022153928384813	1.1564791010265882	1.296670853071729	1.443372068328773	1.5972881199893803	1.7591754938509097	1.9298150576210018	2.1099610742611192	2.3002554458467936	2.5010992630016458	2.7124852839090225	2.9338227920538547
8.7	1.6117375037024073	0.2046877815908113	0.3108622254166588	0.4199024694221566	0.5320770918781087	0.6476868000331875	0.7670686921902795	0.890600863895467	1.0187071728267885	1.1518617856458973	1.290592810014664	1.435483795886283	1.5871710799815635	1.7463337542893516	1.91367143593268	2.089863243594951	2.2755002600374707	2.470985409154216	2.676401874464006	2.891369651907582
8.8	1.6038140626617323	0.20458886398485016	0.3106252176136033	0.4194528861070981	0.5313259775694713	0.6465277803246813	0.7653743927890243	0.8882185814859035	1.0154536863823946	1.1475172303924512	1.2848936271191542	1.4281149678167349	1.577758242985359	1.7344364602581541	1.8987799522278734	2.0714029139738135	2.2528494146564753	2.443514225563693	2.6435383750807735	2.852691948276486
8.9	1.595809091121621	0.20449391778969533	0.31039809657279127	0.41902281900486604	0.530608848431941	0.645423512909716	0.7637638034282	0.8859596121711608	1.0123769383172114	1.1434207511851247	1.2795369841169368	1.4212128018031902	1.5689737966102113	1.7233760923829848	1.884990474702433	2.0543747591096673	2.2320300577499492	2.4183373466093756	2.61347368790046	2.8173163225662226
9.0	1.587720101215555	0.20440270701819085	0.31018024968856134	0.41861100493156156	0.5299234025462223	0.6443701097268015	0.7622306804448511	0.8838142780468181	1.0094623089374504	1.1395506883457502	1.2744912803599353	1.4147317881920762	1.5607529882746543	1.713061683952381	1.8721771133894407	2.038607885745972	2.2128161267916138	2.395166045982931	2.585856051021315	2.784839962776759
9.1	1.579544475251208	0.20431501431376892	0.30997111490421464	0.41821628984337583	0.5292675466346841	0.6433640530893734	0.7607694063950304	0.8817739249103821	1.0066968118525064	1.135887940742381	1.269728864234443	1.4086324324716115	1.553040104785663	1.7034156389470971	1.8602333588504336	2.0239587153200995	2.1950185727254645	2.373759048201761	2.560389968723635	2.754919821663063
9.2	1.571279455991023	0.20423063911443726	0.309770175499103	0.41783761703699573	0.5286393723696249	0.6424021513977215	0.7593749112009182	0.8798307862057159	1.0040688645880447	1.1324155858065934	1.2652254129319107	1.4028802570899028	1.5457868909601937	1.6943712773054704	1.8490683706629645	2.0103055888879355	2.178477947698949	2.353913154044667	2.5368257440927966	2.7272630663932813
9.3	1.5629221359735264	0.2041493960335259	0.30957695551981845	0.4174740168787965	0.5280371359064739	0.6414815014126712	0.7580426052033983	0.877977868646008	1.0015680978047983	1.1291185671240695	1.260959428719401	1.3974450010261186	1.538951297731271	1.685870914163476	1.838604105901444	1.9975446232534624	2.163058717704575	2.3354559761462625	2.5149511254986283	2.7016189075212353
9.4	1.5544694457590233	0.20407111342724568	0.30939101576277134	0.41712459783264305	0.5274592401320611	0.6405994552568991	0.7567683220342385	0.8762088555098845	0.9991851955962608	1.1259834356948148	1.2569118264313204	1.392299971948672	1.532496480795375	1.6778643410303267	1.8287730706040177	1.9855864890859944	2.1486448495141586	2.3182402643001128	2.494584637618383	2.677771739683783
9.5	1.5459181409636895	0.20399563212421595	0.3092119502311109	0.41678853859565257	0.5269042192094726	0.6397535925882276	0.7555482696359161	0.8745180244424744	0.9969117609964764	1.1229981341874353	1.253065593082905	1.3874215173910596	1.526389992069299	1.6703076121742104	1.8195165396626503	1.9743538774983063	2.1351363502079916	2.3021394360701515	2.4755702429567044	2.6555354418911556
9.6	1.537264787924259	0.20392280429554702	0.3090393830006242	0.4164650811827931	0.5263707250745294	0.6389416959465994	0.754378988079814	0.8729001772365662	0.9947402020826107	1.1201518159100263	1.2494055050148538	1.3827885896876384	1.5206031211624118	1.6631620657129746	1.8107831333609292	1.9637794890039575	2.1224465268835457	2.2870440279855324	2.457773050963896	2.6347486646165463
9.7	1.528505747814607	0.20385249244746487	0.3088729654399644	0.41615352482730894	0.5258575155970857	0.6381617294810483	0.7532573130865758	0.8713505795663632	0.9926636350130456	1.1174346920215232	1.2459178913098852	1.3783823854501003	1.5151103547481004	1.6563935271679122	1.8025276685928502	1.9538044174837184	2.11049979667109	2.272858855331783	2.441075852302526	2.6152709391327558
9.8	1.519637159001328	0.20378456852094984	0.30871237373849586	0.4158532205851571	0.5253634441689667	0.6374118203234327	0.7521803443531381	0.869864909035593	0.9906758010778419	1.1148379018735237	1.2425904347106949	1.3741860448081542	1.5098889294563942	1.6499716562936086	1.794710223879428	1.9443768472786211	2.099229921501265	2.259500721679919	2.4253763046624375	2.5969794640380455
9.9	1.5106549173969066	0.20371891308532042	0.30855730670223674	0.41556356654893384	0.5248874505185201	0.6366902422529437	0.75114541795035	0.8684392102072315	0.988770995410109	1.1123534024191544	1.2394120031478706	1.3701843989436344	1.5049184595880036	1.6438694074567708	1.7872953724242227	1.935450987505745	2.088578573830639	2.2468965582535367	2.410584634995411	2.579766446137359
10.0	1.501554654522118	0.20365541461420728	0.308407483784149	0.41528400359132595	0.5244285525838013	0.6359954013240541	0.7501500821830528	0.8670698555246014	0.986944005454045	1.109973873433874	1.2363725064187652	1.3663637569341145	1.5001806251663021	1.6380625807766414	1.7802515484382349	1.9269861976873914	2.078494162545022	2.234981901957731	2.396621752938875	2.563536893976466
10.1	1.49233171294418	0.20359396883422767	0.3082626433197159	0.4150140115698105	0.5239858393025709	0.6353258231834106	0.7491920764076901	0.8657535112265299	0.9851900576379932	1.1076926359225827	1.2334627736601225	1.362711724811112	1.4956589090075803	1.6325294463900226	1.7735505198489192	1.9189462641140922	2.068930865112538	2.2236996422100805	2.3834176932873783	2.54820678088806
10.2	1.4829811186948485	0.20353447813788345	0.3081225409430489	0.41475310593477194	0.5235584641988116	0.634680141844883	0.7482693123860947	0.8644871075147738	0.983504770980852	1.105503581581919	1.2306744481121632	1.359217051186381	1.4913383738880137	1.6272504280674742	1.767166948099201	1.9112987972188287	2.0598478245241245	2.2129989826439234	2.370910323165387	2.533701510053107
10.3	1.473497550202369	0.20347685105326255	0.3079869481619267	0.4145008346908516	0.5231456396634471	0.6340570897278631	0.7473798578223227	0.863267812356653	0.9818841165838579	1.103401111576858	1.2279998963400707	1.3558694949198198	1.4872054727214319	1.6222078353337661	1.761078014722556	1.9040147266714609	2.051208515225157	2.202834575745019	2.3590442632775335	2.5199546269607445
10.4	1.463875303180955	0.2034210017641743	0.3078556510733187	0.4142567756690843	0.5227466318419335	0.6334554887934122	0.7465219217852048	0.8620930084077477	0.9803243821395274	1.1013800832021154	1.225432129605571	1.3526597111759366	1.4832478860774962	1.617385635484096	1.7552631088773414	1.8970678759384887	2.0429800340023045	2.193165797574327	2.3477699832195036	2.5069067351127114
10.5	1.4541082508168548	0.2033668496752113	0.30772844920330034	0.4140205340725766	0.5223607560537054	0.632874242637567	0.7456938417654505	0.8609602726224693	0.9788221407350014	1.0994357632474578	1.22296473549862	1.349579152901623	1.479454382472593	1.6127692586134597	1.7497035588067296	1.8904346018874274	2.0351328452203132	2.1839561366727858	2.3370430390583103	2.4945045792522
10.6	1.4441897984546705	0.2033143190167369	0.3076051544572638	0.41379174026403914	0.5219873726792768	0.6323123294215198	0.7448940721540237	0.8598673581881966	0.9773742233454735	1.097563787087301	1.2205918182731617	1.3466199853008152	1.4758146977293685	1.608345430119142	1.7443824032868807	1.8840934879605107	2.027640229798458	2.1751726765840522	2.326823427797083	2.4827002671696734
10.7	1.434112831825942	0.2032633384856366	0.3074855901682646	0.41357004776733974	0.5216258834594008	0.6317687955357044	0.7441211739602016	0.8588121784750004	0.9759776945097239	1.0957601226770486	1.218307946598244	1.343775011313765	1.4723194303835871	1.6041020261877157	1.7392841949802822	1.8780250817227926	2.020477978566523	2.1667856555661746	2.3170750383496386	2.471450606568207
10.8	1.4238696576568362	0.2032138409180273	0.30736959023306293	0.41335513145907543	0.5212757281581901	0.6312427499091097	0.7433738056141695	0.8577927927391625	0.9746298307595537	1.0940210387717388	1.2161081076529712	1.341037606455248	1.468959950659321	1.6000279486081421	1.734394831914158	1.8722116693688433	2.0136240978084903	2.1587680902873054	2.30776518258894	2.4607165378261207
10.9	1.4134519352352186	0.2031657629906048	0.3072569983259827	0.4131466859291218	0.5209363815487693	0.6307333588873991	0.7426507147209965	0.8568073933575716	0.9733281014401838	1.0923430767906472	1.2139876666692033	1.3384016616451742	1.4657283209677894	1.5961130157568113	1.7297014088801612	1.8666371101879156	2.007058555985194	2.151095452829173	2.2988641931437797	2.450462646991674
11.0	1.4028505971948728	0.2031190449477518	0.30714766718297276	0.41294442399177417	0.5206073506849738	0.6302398416136805	0.7419507306515412	0.8558542944022145	0.9720701516132729	1.090723025841289	1.2119423311698387	1.335861532891616	1.4626172262346708	1.5923478683680927	1.7251920917298744	1.8612865514583223	2.0007630649919066	2.143745392319303	2.2903450770868594	2.4406567461589637
11.1	1.3920557573622072	0.20307363035184064	0.3070414579481917	0.4127480753314918	0.5202881724277238	0.6297614658545128	0.7412727578712804	0.8549319213909664	0.9708537867792675	1.08915790048979	1.2099681192686937	1.3334119967666014	1.459619912643482	1.588723884786829	1.720856005157158	1.8561464575848086	1.9947208905140879	2.136697494098225	2.2821832166268794	2.4312695106447775
11.2	1.3810566029825035	0.20302946585432055	0.3069382395770225	0.4125573852690075	0.5199784111982451	0.6292975442213385	0.7406157699217896	0.8540388020737831	0.9696769591937899	1.0876449209261545	1.208061331495034	1.3310482116023665	1.4567301334875176	1.5852331094246364	1.7166831354600085	1.8512043645998575	1.9889166870097077	2.1299330705945216	2.2743561094954927	2.422274164223491
11.3	1.3698412679587424	0.20298650098582993	0.30683788828967007	0.41237211363535853	0.5196776569340793	0.6288474307435447	0.7399788039803029	0.8531735581325428	0.9685377555843843	1.086181495224096	1.2062185256866986	1.3287656815328794	1.4539421020176087	1.5818681875683231	1.7126642449771632	1.8464487977785708	1.98333635362175	2.123434979097616	2.2668431429909446	2.4136462051694982
11.4	1.35839668284347	0.2029446879631581	0.30674028707052436	0.41219203374297014	0.51938552322655	0.628410517755321	0.7393609559329284	0.8523348976889743	0.9674343861008491	1.0847652034379636	1.2044364945627895	1.3265602264640253	1.45125044780455	1.5786223085989184	1.7087908206630609	1.841869173322908	1.9779669079503799	2.1171874624391154	2.259625396636731	2.4053631670709863
11.5	1.3467083961445137	0.2029039815117873	0.3066453252086524	0.4120169314439605	0.5191016456209211	0.6279862330627061	0.7387613759050051	0.8515216085293198	0.9663651743548932	1.0833937833151641	1.2027122456429862	1.3244279538216526	1.4486501803102747	1.5754891555264479	1.7050549112980695	1.8374557117441497	1.9727963751237305	2.11117600926	2.2526854694734566	2.3974044093736966
11.6	1.334760359934738	0.2028643387023789	0.3065528978756862	0.4118466042670613	0.5188256800627474	0.6275740373615583	0.7381792641991557	0.8507325519656629	0.9653285484241141	1.0820651174331577	1.2010429832276894	1.3223652338542249	1.4461366546587957	1.572462860140448	1.701449213327237	1.8331993613294004	1.9678136900208152	2.1053872310835775	2.246007328013399	2.3897509334270386
11.7	1.3225346706342447	0.20282571880001568	0.3064629057374556	0.4116808606256619	0.5185573014757853	0.6271734218806051	0.7376138675979989	0.8499666572644131	0.9643230327115004	1.0807772215326223	1.1994260921927242	1.3203686773980283	1.443705541734003	1.5695379835648	1.6979669214774433	1.8290917303298513	1.9630086108405795	2.099808753859637	2.2395761725634307	2.382385220476804
11.8	1.3100112529365715	0.20278808312498514	0.3063752545961655	0.4115195190900126	0.5182962024585501	0.6267839062267223	0.737064475993112	0.8492229165809413	0.9633472405659441	1.0795282343435988	1.1978591233857947	1.3184351159005328	1.4413528012813581	1.5667093982130567	1.6946017063999126	1.825125026717673	1.9583716424920166	2.094429122010771	2.233378318967599	2.375291088602459
11.9	1.2971674708371554	0.20275139492411634	0.3062898550605692	0.4113624077176173	0.5180420920879432	0.626405036412231	0.7365304193069712	0.8485003803468646	0.9623998675806148	1.0783164074589522	1.1963397804404299	1.3165615834346807	1.4390746577598117	1.5639723798139187	1.691347672977409	1.8212920045305516	1.9538939685119716	2.0892377133144304	2.227401093869185	2.368453566056909
12.0	1.2839775288389217	0.2027156198171001	0.30620662359099704	0.41120936572846867	0.5177946981786665	0.6260363831041218	0.7360110704757833	0.8477981602145412	0.9614796940875577	1.0771401074600297	1.1948659079484947	1.3147453138840144	1.4368675938082918	1.561322493187508	1.6881993201544325	1.8175858918486492	1.9495673869062158	2.084224659311245	2.2216327373565092	2.361858774038866
