αωw	0.1	0.2	0.3	0.4	0.5	0.6	0.7	0.8	0.9	1.0	1.1	1.2	1.3	1.4	1.5	1.6	1.7	1.8	1.9	2.0
12.0	0.10076856200208446	0.20312155422106581	0.3071298193451463	0.4128634318706085	0.5203908188778807	0.629777737311569	0.7410861063165437	0.8543727001493066	0.9696877165153668	1.0870732463571136	1.2065616841625142	1.3281741320444151	1.4519188643609136	1.5777899320170812	1.705765993676576	1.8358094619599257	1.9678660519547273	2.1018647948472498	2.2377185679339107	2.375325151009844
11.9	0.10077709003487324	0.2031567693305059	0.3072115682362394	0.4130132706101567	0.5206320025976626	0.6301351699818438	0.7415862422512113	0.8550433889682074	0.9705579840155729	1.088173005329217	1.207921371797961	1.3298242743121786	1.4538895725601977	1.5801103424344436	1.7084636674704798	1.838909768471425	1.9713915636455568	2.1058347254755123	2.24214828609406	2.3802257987986892
11.8	0.10078579970810343	0.20319274917353242	0.30729512463028363	0.41316647974727827	0.5208787009010125	0.630500902558659	0.7420981604645266	0.8557300882669036	0.9714492739349708	1.0892996052814603	1.2093145290998661	1.3315153049541855	1.4559093304714503	1.5824886292180917	1.7112286012964963	1.8420871373532643	1.9750041936459988	2.1099018978729793	2.246685237831368	2.3852433376207567
11.7	0.10079469735691504	0.20322951979185025	0.30738055025491146	0.41332317547237013	0.5211311061093837	0.630875228014875	0.7426222817353499	0.856433375975371	0.9723623521761771	1.090454031369961	1.2107423908871042	1.333248736366977	1.4579799516408392	1.5849269243340596	1.7140632546047367	1.84534435474851	1.9787070429694267	2.114069704562499	2.2513330725850667	2.3903816291772597
11.6	0.10080378899204721	0.20326710696827013	0.30746790721538847	0.41348347574014854	0.5213894146232544	0.6312584468150744	0.7431590389948093	0.8571538481960781	0.973298010245876	1.0916373031634532	1.2122062364302755	1.3350261363873377	1.4601033165631565	1.5874274381474092	1.7169701759293134	1.848684305010083	1.9825033175868725	2.118341646628798	2.2560955481877403	2.395644639204147
11.5	0.10081308087967819	0.2033055376044011	0.3075572603658859	0.4136475038257564	0.5216538318594736	0.6316508734412739	0.7437088856602165	0.8578921295781354	0.9742570779091226	1.0928504898189042	1.2137074073809977	1.3368491491873342	1.4622813967213293	1.589992486740048	1.719952033567335	1.8521100047700403	1.9863963658699295	2.1227213744893674	2.2609765749147415	2.401036484777147
11.4	0.10082257955507819	0.20334483978136983	0.30764867746209357	0.413815388626026	0.5219245727710745	0.6320528372139871	0.7442722968515266	0.8586488750305319	0.9752404255019822	1.0940947130878715	1.2152473115464004	1.3387194998570067	1.4645162599684332	1.59262449802168	1.723011622277298	1.8556246100121887	1.9903896857609813	2.127212694840285	2.2659802218655587	2.406561439803624
11.3	0.10083229183703059	0.2033850428246661	0.30774222932402245	0.4139872649812933	0.5222018624031599	0.6324646831713887	0.7448497706948956	0.8594247715592139	0.9762489664120164	1.095371150540918	1.2168274269351536	1.3406389993112218	1.4668100762803065	1.5953260182441888	1.726151870393988	1.8592314235484775	1.9944869323040155	2.1318195778885123	2.2711107235303043	2.4122239405777472
11.2	0.100842224843265	0.20342617737329416	0.3078379900099452	0.4141632740194875	0.5224859364880456	0.6328867730114605	0.7454418297208221	0.860220540238512	0.9772836597408939	1.0966810390220818	1.2184493060972899	1.3426095495466233	1.4691651239067278	1.5980997189482242	1.729375847386357	1.8629339029193566	1.9986919255476168	2.136546164871503	2.2763724865291186	2.418028591373864
11.1	0.10085238600682543	0.2034682754534889	0.30793603700216343	0.414343563524252	0.5227770420827604	0.6333194861021988	0.7460490223646142	0.8610369383283867	0.9783455131647247	1.0980256783909847	1.220114580782502	1.3446331492771393	1.4715837959520255	1.6009484043725213	1.7326867718858043	1.8667356687399608	2.003008658831977	2.1413967758623227	2.2817700965085543	2.4239801700478516
11.0	0.10086278309362395	0.20351137055748672	0.30803645140565555	0.4145282883291991	0.5230754382524955	0.6337632205660144	0.7466719245784471	0.8618747615501446	0.9794355860092545	1.099406435480809	1.2218249669437138	1.3467118999786285	1.4740686074181106	1.6038750193588807	1.7360880200770767	1.870640513512501	2.0074413074685937	2.146375917855624	2.287308325174081	2.4300836336100424
10.9	0.10087342422103428	0.20355549772762305	0.30813931816068557	0.41471761074022895	0.523381396803936	0.6342183944443333	0.7473111415642193	0.8627348465344725	0.980554992558636	1.100824748421466	1.2235822701152288	1.3488480123764954	1.4766222027456943	1.6068826577874733	1.7395831353060174	1.8746524109262999	2.0119942378216207	2.1514882931258774	2.2929921374329503	2.436344123727367
10.8	0.1008843178778668	0.20360069364633057	0.30824472627043875	0.4149117009886001	0.5236952030726894	0.6346854469497145	0.747967309638296	0.863618073457097	0.9817049056185833	1.1022821312605302	1.2253883911975842	1.3510438134124108	1.4792473638922632	1.609974571579912	1.7431758368666694	1.8787755256659036	2.0166720167950745	2.156738807844918	2.2988266986149952	2.4427669721045024
10.7	0.10089547294564194	0.20364699673239925	0.3083527690450121	0.4151107377170576	0.5240171567695783	0.6351648398130147	0.7486410982395628	0.8645253688789136	0.9828865603566009	1.1037801789485977	1.2272453326842492	1.3533017537303178	1.4819470189885855	1.6131541803092049	1.746870030769673	1.883014223747009	2.02147942172902	2.1621325809410825	2.3048173817321516	2.4493577056855376
10.6	0.10090689872133746	0.2036944472440512	0.30846354436307005	0.41531490850209213	0.5243475728908548	0.6356570587341386	0.7493332120940016	0.8654577088090847	0.9841012584443892	1.105320572721042	1.229155205368675	1.3556244157246953	1.4847242516183015	1.6164250814587653	1.7506698204392552	1.8873730833984501	2.026421450702916	2.1676749531746853	2.3109697747288207	2.456122051608564
10.5	0.10091860494173803	0.20374308738942762	0.3085771549527392	0.41552441041537674	0.5246867826982049	0.6361626149457336	0.7500443935498586	0.8664161220116346	0.9853503725301598	1.1069050858748932	1.2311202355739606	1.3580145221983002	1.4875823107693467	1.6197910613743978	1.7545795182099622	1.8918569065065456	2.0315033332398484	2.1733714963985844	2.3172896876663245	2.4630659418343823
10.4	0.10093060180952858	0.20379296144504291	0.30869370869335644	0.41573945062784284	0.5250351347747065	0.636682046900211	0.7507754250993863	0.8674016935781715	0.9866353510712845	1.108535590070818	1.2331427729514022	1.3604749456808065	1.4905246215087717	1.6232561069558842	1.7586036575169257	1.8964707306357549	2.036730541399558	2.1792280229626826	2.3237831597729697	2.4701955173594348
10.3	0.100942900021172	0.20384411588300588	0.30881331893993513	0.4159602470602893	0.5253929961636121	0.6372159220914603	0.7515271321045464	0.8684155687917817	0.9879577235611985	1.1102140620814875	1.235225298898694	1.363008718464034	1.4935547964371443	1.626824418136838	1.7627470058128465	1.9012198416354398	2.0421088012409725	2.1852505952118704	2.3304564662793243	2.4775171319096074
10.2	0.10095551079692769	0.20389659950759928	0.3089361048722814	0.4161870290846283	0.5257607535978059	0.6377648390239389	0.7523003857460283	0.8694589573098432	0.9893191061877986	1.1119425911247096	1.237370435653707	1.3656190434147126	1.4966766479820284	1.630500421203609	1.767014578244263	1.9061097868381678	2.047644104626459	2.1914455350140063	2.3373161249445	2.4850373549971665
10.1	0.10096844591291262	0.20395046360219415	0.30906219187108663	0.4164200382804963	0.526138814828258	0.6383294293431683	0.7530961062171059	0.8705331376964807	0.9907212079647822	1.1137233867971037	1.2395809561248037	1.3683093056307134	1.4998942015949115	1.6342887830059472	1.771411652117815	1.9111463888491809	2.0533427213295243	2.1978194332414023	2.3443689021626763	2.4927629742071575
10.0	0.10098171773569681	0.20400576208727794	0.309191711923327	0.41665952925235694	0.526527610060934	0.6389103601432216	0.7539152661861382	0.8716394623388871	0.9921658373817229	1.115558787671815	1.2418597945251848	1.3710830850127256	1.5032117099195175	1.6381944261133008	1.7759437821846482	1.9163357599185098	2.0592112113953465	2.204379159112686	2.351621818521523	2.500700996562332
9.9	0.10099533925936192	0.204062551690726	0.30932480405975177	0.41690577051273486	0.5269275935125293	0.639508336468357	0.7547588945542615	0.8727793627854036	0.9936549096237972	1.11745127062419	1.2442100578848132	1.3739441698292174	1.506633668004371	1.6422225449718442	1.7806168167670835	1.9216843168783748	2.065256437688746	2.2111318692834243	2.359082153664157	2.508858648796915
9.8	0.10100932414545291	0.20412089213129989	0.3094616148273992	0.4171590454380176	0.5273392450967614	0.6401241040282227	0.7556280805377146	0.8739543555476766	0.9951904544177564	1.119403460955623	1.2466350385213505	1.37689657135939	1.5101648296364247	1.646378623117311	1.7854369147463067	1.9271987966163688	2.071485578546739	2.218085016552636	2.3667574502837088	2.517243376348908
9.7	0.10102368676593754	0.2041808463166387	0.30960229880046564	0.41741965330366626	0.5277630722538498	0.640758452147897	0.7565239781078024	0.8751660484138931	0.9967746245668362	1.1214181433938537	1.249138227558801	1.3799445397055026	1.513810224876732	1.6506684514981218	1.7904105634227168	1.9328862720406688	2.077906140432386	2.2252463580277704	2.374655517055031	2.525862840859608
9.6	0.10103844224954828	0.2042424805571429	0.30974701913314845	0.4176879104067919	0.5281996119377914	0.6414122169767402	0.7574478108251823	0.876416147325696	0.9984097052447645	1.1234982740558845	1.2517233295918815	1.383092580873778	1.5175751788833098	1.6550981479611768	1.7955445972507054	1.9387541684760048	2.0845259704618972	2.2326239625630424	2.3827844302805055	2.5347249159457816
9.5	0.10105360653174333	0.20430586479713467	0.3098959481586197	0.41796415128465586	0.5286494327772463	0.6420862849827549	0.7584008771094477	0.8777064638773582	1.0000981241267184	1.125646993469475	1.2543942786033848	1.3863454752303945	1.52146533210933	1.6596741779493318	1.8008462174376516	1.9448102804077614	2.0913532686495095	2.2402262172548424	2.3911525339978623	2.5438376809692143
9.4	0.10106919640867966	0.20437107286505585	0.3100492680385805	0.418248730038809	0.5291131374280307	0.6427815967623223	0.7593845559901875	0.8790389235029383	1.0018424624440625	1.1278676407592272	1.2571552552522296	1.3897082974474042	1.52548666196772	1.664403376453756	1.806323012380914	1.9510627884660292	2.0983965996811977	2.2480618327423074	2.399768438265125	2.5532094126269596
9.3	0.10108522959550781	0.20443818274445683	0.31020717146845983	0.41854202177566463	0.5295913651371745	0.6434991511987808	0.7604003133907713	0.8804155744248028	1.0036454670602035	1.1301637691152129	1.2600107056611765	1.393186438061587	1.5296455060549057	1.6692929712563147	1.8119829788969037	1.9575202765105182	2.1056649039904833	2.256139847022305	2.4086410153041116	2.562848573792009
9.2	0.101101724789467	0.20450727686787795	0.3103698624438276	0.4188444241755601	0.5300847945409978	0.6442400100074198	0.7614497090029717	0.881838597445995	1.005510063675699	1.1325391626746089	1.2629653618456038	1.3967856267773344	1.533948587026421	1.674350607485573	1.8178345441715582	1.964191748640894	2.1131675078661325	2.2644696274439617	2.4177793931473914	2.572763799627759
9.1	0.10111870173820271	0.20457844243584125	0.31053755709443415	0.41915635920385835	0.5305941467223249	0.6450053027091915	0.7625344038172811	0.8833103166789292	1.007439371284092	1.1349978549614572	1.2660242639375763	1.4005119576528675	1.5384030392155734	1.6795843734946916	1.8238865883306938	1.9710866459133187	2.1209141322713894	2.273060870500782	2.4271929463966218	2.5829638803597708
9.0	0.10113618131379723	0.20465177176353863	0.3107104845927245	0.4194782749791659	0.5311201885552196	0.6457962320805319	0.7636561683822561	0.8848332113144844	1.0094367180142287	1.1375441490453513	1.2691927843738886	1.4043719163164141	1.543016437081657	1.6850028280485003	1.8301484674911899	1.9782148624930833	2.1289148999979117	2.281923598985784	2.4368912836612555	2.5934577404405554
8.9	0.10115418559315008	0.2047273626580147	0.31088888814475407	0.41981064781580074	0.5316637363689067	0.6466140801330615	0.7648168918755016	0.8864099285485278	1.0115056585109852	1.1401826395974526	1.272476654231338	1.4083724093658418	1.5477968255665364	1.690615028780617	1.8366300371076105	1.9855867609128581	2.1371803407136265	2.291068156019996	2.446884231209966	2.6042544137040564
8.8	0.10117273794526184	0.20480531882899067	0.31107302607237064	0.4201539844595952	0.5322256599671249	0.6474602146836486	0.7660185920795599	0.8880432977978902	1.0136499930251144	1.1429182370418514	1.2758819919084057	1.4125207961099528	1.5527527524258669	1.6964305618464364	1.84334167537291	1.9932131860363609	2.145721393392724	2.300505195405651	2.457181812330154	2.6153630141143203
8.7	0.10119186312618246	0.20488575033690895	0.31126317299646983	0.4205088245386436	0.5328068870431547	0.64833609658336	0.7672634263683171	0.8897363463548872	1.0158737884033424	1.1457561940213188	1.2794153343685462	1.4168249228131773	1.557893302582888	1.7024595726540703	1.8502943063643564	2.001105477246207	2.154549405536833	2.3102456676947116	2.467794221859183	2.6267927017114996
8.6	0.10121158738237437	0.2049687740821349	0.3114596211325411	0.4208757432534222	0.5334084080368142	0.6492432876830037	0.7685537038235757	0.8914923166484213	1.0181814011933643	1.1487021344204005	1.28308367117669	1.4212931596044096	1.5632281345269825	1.7087127974993315	1.8574994225444847	2.0092754782813884	2.1636761285109105	2.3203008013019897	2.478731795323853	2.638552643365203
8.5	0.10123193856338587	0.205054514339794	0.3116626817110739	0.42125535433381145	0.5340312814851944	0.6501834596235412	0.769891898617558	0.8933146853025863	1.0205775031048796	1.1517620852140824	1.2868944815766485	1.425934440206942	1.5687675187437653	1.7152015958618716	1.8649691061306093	2.017735544044506	2.1731137082244887	2.33068207793217	2.49000497210614	2.6506519679657368
8.4	0.10125294624484596	0.2051431033452169	0.3118726865369606	0.4216483132943245	0.534676639926761	0.6511584035515366	0.7712806648158357	0.8952071842081151	1.0230671090973442	1.1549425114381622	1.2908557748722358	1.4307583046350352	1.5745223781161908	1.7219379830324713	1.8727160487318066	2.026498543578811	2.1828746702913695	2.3414012015344703	2.501624252046695	2.6630997157343916
8.3	0.10127464186283212	0.20523468193576727	0.3120899897040217	0.42205532102305	0.5353456964258747	0.652170040874291	0.7727228527763919	0.8971738238517517	1.0256556083984105	1.1582503546073148	1.2949761343883461	1.4357749449842618	1.5805043301734258	1.7289346626358664	1.8807535685183612	2.0355778582824215	2.192971898699938	2.3524700599507176	2.5136001449057876	2.675904781272793
8.2	0.10129705886091102	0.20532940025523558	0.312314969482857	0.4224771277446186	0.5360397517948766	0.6532204351851446	0.7742215273456113	0.8992189191811742	1.0283487987948086	1.1616930749384582	1.299264765297979	1.4409952544131188	1.5867257309829146	1.7362050584826896	1.8890956240320087	2.044987374280579	2.2034186069254327	2.3639006783873193	2.5259431121299163	2.6890758503859127
8.1	0.10132023285123028	0.20542741852825183	0.31254803040266826	0.42291453740337515	0.5367602026015031	0.6543118055084465	0.7757799880802753	0.9013471183214298	1.031152924578689	1.165278697770294	1.3037315466066186	1.446430879369324	1.5931997203761925	1.7437633450265457	1.8977568235653735	2.054741467719113	2.2142283003192125	2.3757051638241653	2.5386635004247573	2.7026213302405546
8.0	0.10134420179121983	0.2055289079127115	0.3127896055506631	0.4233684125192451	0.5375085500624565	0.6554465410357678	0.7774017917580561	0.9035634345019796	1.0340747185795998	1.1690158646037834	1.3083870875829609	1.4520942750518568	1.599940268065248	1.751624475511572	1.9067524288334774	2.0648549815749537	2.2254147285235315	2.3878956394799395	2.551771466717789	2.716549273114052
7.9	0.10136900617776813	0.20563405143958602	0.3130401591158635	0.4238396795764984	0.5382864099386439	0.6566272175501515	0.7790907774772965	0.9058732816035009	1.03712144876367	1.1729138892219995	1.3132427889119445	1.4579987640132417	1.6069622200372604	1.7598042066684814	1.9160983514284886	2.075343192408732	2.2369918265923565	2.400484168493707	2.5652768942109847	2.730867293796275
7.8	0.10139468926078932	0.20574304505074603	0.31330018920796543	0.42432933501472453	0.5390955235650928	0.6578566157652246	0.7808510946917121	0.9082825137902919	1.040300969938527	1.1769828193797283	1.3183109088185534	1.4641585976889966	1.6142813444041468	1.7683191185478928	1.9258111402936007	2.0862217653152104	2.248973643458011	2.413482666061908	2.579189299381494	2.7455824810023635
7.7	0.1014212972785591	0.2058560987466861	0.31357023098652026	0.42483845190118685	0.539937770169033	0.6591377418409031	0.7826872345772775	0.9107974697593058	1.043621781164727	1.1812335045807145	1.323604634362119	1.4705890204841334	1.6219143756201577	1.7771866277650301	1.9359079581737644	2.097506695170491	2.2613742563822776	2.4269027994014767	2.59351772998977	2.7607013033464596
7.6	0.10144887971740024	0.20597343785814043	0.3138508601406868	0.4253681873764257	0.5408151806532917	0.6604738503781931	0.7846040651893283	0.9134250222111703	1.047093089541453	1.1856776704806478	1.3291381580248203	1.4773063358396168	1.6298790556576153	1.7864249920653692	1.946406544708325	2.109214232142918	2.2742076700832694	2.440755875100483	2.608270654404767	2.776229510662581
7.5	0.10147748959864206	0.20609530445709073	0.314142696766067	0.4259197909788397	0.5417299530505553	0.6618684702436838	0.7866068709382558	0.9161726332330167	1.0507248811054595	1.1903280004620007	1.3349267596036822	1.484327973432114	1.6381941703364458	1.7960533037074573	1.9573251635320545	2.1213607893451423	2.287487699351717	2.4550527136785125	2.6234558428541703	2.7921720317186227
7.4	0.10150718379634772	0.20622195892548795	0.31444640969214105	0.4264946139709448	0.5426844698870816	0.6633254336309977	0.7887013969941441	0.9190484163790533	1.0545279996559964	1.1951982249158077	1.3409868932510158	1.4916725563124271	1.646879578527436	1.8060914686962681	1.9686825304627389	2.1339628304781355	2.3012278341802483	2.4698035115172234	2.639080241555633	2.8085328696461165
7.3	0.10153802338957647	0.20635368170234122	0.31476272132233724	0.4270941198097715	0.543681317733832	0.6648489088331465	0.7908938993269211	0.9220612063430906	1.0585142343923122	1.2003032187268663	1.347336279277783	1.4993599663444188	1.655956231383077	1.8165601683977668	1.9804977195973488	2.1470367353827196	2.31544108674599	2.4850176907438573	2.655149841075425	2.8253149966927076
7.2	0.10157007405362363	0.20649077523315046	0.31509241305841895	0.427719895927257	0.544723309269419	0.6664434372786664	0.7931912011998915	0.925220637239066	1.0626964173202176	1.2056591073799057	1.3539940000161093	1.5074114057457906	1.6654461780846028	1.827480799534676	1.9927900439451907	2.1605986415987144	2.330139820026784	2.5007037381571524	2.67166954068706	2.8425202501856925
7.1	0.10160340649543975	0.20663356614950235	0.3154363313928094	0.4283736670144748	0.5458135082348048	0.6681139754780925	0.7956007570654379	0.928537230640506	1.0670885314441194	1.211283381968053	1.3609805986073646	1.5158494518324503	1.6753725538280722	1.8388753880300466	2.005578907135203	2.1746642603725173	2.3453355584115125	2.516869034874491	2.6886430109500195	2.8601492318577417
7.0	0.10163809693893201	0.20678240771074863	0.3157953947660261	0.4290573100364537	0.5469552577256915	0.6698659426379575	0.7981307249630626	0.932022494678993	1.0717058308008292	1.2171950231690056	1.3683181790068781	1.5246981012044698	1.6857595449082399	1.850766471665431	2.018883622795213	2.189248666086546	2.3610387813943143	2.533519679037929	2.7060725571777313	2.8782012129130217
6.9	0.10167422766704473	0.20693768254523986	0.31617060130302227	0.42977287124425484	0.5481522123476305	0.6717052748318543	0.8007900486968583	0.935689035661314	1.076564973399244	1.2234146339281535	1.3760305047380803	1.533982798561965	1.6966323248151505	1.8631769461078564	2.0327231984749576	2.2043660588439535	2.377258702322504	2.550660304627015	2.7239589868921352	2.8966740473871324
6.8	0.10171188762834092	0.20709980573434492	0.31656303756176185	0.430522585498189	0.5494083748534461	0.6736384867747507	0.8035885512740776	0.9395506838340387	1.081684168083818	1.2299645801113581	1.3841430929406027	1.5437304440832387	1.708016954266546	1.8761298686084178	2.0471160815403304	2.220029500958963	2.394003035188478	2.568293900156297	2.742301484738086	2.915564096454721
6.7	0.10175117311724109	0.20726922829016073	0.31697388845074714	0.4313088982732501	0.5507281379969357	0.6756727424342672	0.8065370413226932	0.9436226350939639	1.0870833362133323	1.2368691377108914	1.3926832989860953	1.5539693718277674	1.7199402371207446	1.8896482136819062	2.0620798653775974	2.236250629394938	2.411277753589052	2.586421631745152	2.7610974986234313	2.9348661663501328
6.6	0.10179218853835649	0.20744644108618832	0.3174044485004685	0.43213449078680316	0.5521163324739099	0.6778159359356697	0.809647434476839	0.9479216106035591	1.092784288798563	1.244154644238261	1.40168038532416	1.564729289951095	1.7324295232414877	1.9037545754619243	2.077630955586623	2.2530393477576753	2.4290868471761455	2.6050426756859406	2.7803426410247942	2.9545734624705684
6.5	0.10183504726727947	0.20763197931084632	0.3178561347076015	0.4330023087716426	0.5535782819883122	0.6800767844839098	0.8129328920268689	0.9524660364031922	1.0988109193172293	1.2518496506317955	1.4111655662107179	1.5760411716789395	1.74551244875579	1.9184708123327243	2.0937841976703653	2.270403503260367	2.447432082122	2.624154066144072	2.800030609421832	2.974677562017493
6.4	0.1018798726221238	0.20782642752609828	0.31833050121181844	0.4339155955193574	0.5551198666826015	0.6824649353438355	0.8164079794757755	0.9572762451877587	1.1051894117448433	1.2599850682390012	1.4211720175132638	1.587937084070696	1.7592166039478243	1.9338176310230708	2.1105524700773617	2.288348556064005	2.466312773230919	2.643750563937694	2.8201531296657634	2.9951684071969282
6.3	0.10192679896269026	0.20803042542844233	0.31882925611475027	0.4348779299418735	0.5567475964170568	0.6849910892984375	0.8200888480231231	0.9623747023907976	1.1119484622983369	1.2685943030768247	1.4317348378548262	1.6004499397638103	1.7735691195131362	1.9498141097636696	2.1279462493119534	2.306877250452309	2.4857255762404105	2.6638245524030246	2.8406999257318453	3.0160343205418894
6.2	0.1019759729369807	0.2082446744277021	0.3193542808114913	0.4358932705506658	0.5584686956815212	0.687667143454942	0.8239934424023299	0.9677862585265845	1.119119511842586	1.2777133664828126	1.4428909439734905	1.6136131553824573	1.7885961633595824	1.9664771634846556	2.1459731571146468	2.325989299268998	2.5056643094475004	2.6843659661004584	2.8616587187402756	3.03726204335614
6.1	0.10202755489839131	0.20846994518097134	0.31990765227892	0.4369660064387073	0.5602912022882347	0.6905063568014218	0.8281417389078544	0.9735384292813201	1.1267369836665135	1.2873809472953262	1.4546788794417418	1.6274601994862992	1.8043223429290227	1.9838209584262696	2.164637503266955	2.345681094727631	2.526119813952391	2.705362257518923	2.883015257365522	3.0588367976241795
6.0	0.10208172052113887	0.2087070862458522	0.32049166885638375	0.4381010165790601	0.5622240824412993	0.693523542543402	0.8325560178318206	0.9796617039714391	1.1348385181470408	1.2976384257041653	1.4671385120492668	1.6420240133423365	1.8207700124673607	2.0018562889045137	2.1839398411282516	2.365945459871665	2.5470798614247285	2.7267984059781925	2.904753380811827	3.0807423710191046
5.9	0.10213866264672379	0.20895703404980415	0.3211088801665507	0.43930373903753955	0.5642773653256449	0.6967352919794885	0.8372611748228908	0.986189881488405	1.1434651913755611	1.3085298028162302	1.4803105916447492	1.657336290083658	1.8379584910776139	2.020589935103471	2.2038765561999267	2.3867714553756825	2.568529117295379	2.7486569716278635	2.9268551144549315	3.102961223900836
5.8	0.10219859340022575	0.2092208244124919	0.3217621219633293	0.44058025204874995	0.5664623010293814	0.7001602355133546	0.8422850757842467	0.9931604304215039	1.1526616987485254	1.3201015128328728	1.494236137775771	1.6734266027501703	1.8559032058710132	2.0400240272343635	2.2244395103878722	2.40814425582393	2.5904491656338373	2.7709181958476172	2.949300797092738	3.1254746164743055
5.7	0.1022617466231366	0.20949960590743255	0.32245455686675206	0.4419373693434897	0.5687915464357417	0.7038193473385432	0.8476589596782916	1.0006148662665757	1.1624764764096542	1.332402076832637	1.5089556261330657	1.6903213800928514	1.8746147849298542	2.060155447553867	2.245615765711541	2.4300451079255234	2.6128185997237505	2.7935601475505267	2.972069237577957	3.148262753607745
5.6	0.10232838067838347	0.20979465541034664	0.32318972216107283	0.44338275266446986	0.5712793847264316	0.7077363013488824	0.8534178927444567	1.0085991329043384	1.1729617228819245	1.3454815491961305	1.5245079460635402	1.7080427415339654	1.8940981365322034	2.0809753066958256	2.2673874105276757	2.452451380274254	2.635613179606785	2.816558912991439	2.9951378974975444	3.171304944237681
5.5	0.10239878169484697	0.2101073962575932	0.3239715861036543	0.4449250450958894	0.5739419853639075	0.711937886857658	0.8596012757591539	1.0171639670881503	1.1841732699915624	1.3593907010340722	1.5409291100891804	1.726607219574569	1.914351563055942	2.1024685335268134	2.2897315085629377	2.475336710316099	2.6588060547988643	2.839888824816327	3.018483095587579	3.194579771838412
5.4	0.10247326733229503	0.2104394195328559	0.32480461453448894	0.4465740296992538	0.5767977129038989	0.7164544936302774	0.8662534024546681	1.0263652125292357	1.1961702363860427	1.3741798817940207	1.5582507124296032	1.7460244187422145	1.9353659685039128	2.124613617279322	2.3126201860535014	2.4986712493764642	2.6823680472221616	2.8635227243926584	3.0420802287939517	3.2180652721372502
5.3	0.10255219116524066	0.2107925091192805	0.3256938500100185	0.44834081904103207	0.5798674947665591	0.7213206763165642	0.8734240611357368	1.036264033145433	1.2090143794654988	1.3898975038236991	1.576498158654821	1.7662956832613197	1.9571242255468222	2.1473825362541046	2.3360208652377716	2.522422001288605	2.706267986397123	2.8874322500621887	3.0659040043550934	3.241739114123599
5.2	0.10263594780538718	0.21116867130400915	0.3266450062367446	0.45023808257884523	0.583175260186037	0.7265758082020052	0.8811691615213134	1.046926951960551	1.2227690446072559	1.4065881094514177	1.5956887234185937	1.7874128679963408	1.9796007690789355	2.17074089857503	2.3598966438291997	2.546553244826262	2.7304730863573585	2.911588142958305	3.0899286770262893	3.2655787804340473
5.1	0.10272497890901525	0.21157016991215183	0.32766458128603404	0.45228032061813095	0.5867484649497458	0.7322648325811453	0.8895513529461634	1.0584256121752322	1.2374975985153367	1.4242900111652392	1.6158295362774957	1.8093573244804582	2.002761476580301	2.194648307639884	2.3842068107017425	2.57102702528902	2.7549493518090555	2.935960561499125	3.1141282855892576	3.28956174338754
5.0	0.10281978024899338	0.2119995681885616	0.3287599939777469	0.45448419575372717	0.5906187191409147	0.7384391158176761	0.8986405756322499	1.0708361203804557	1.2532612336711648	1.4430325472397025	1.6369156422533677	1.8320992207657294	2.026563880079743	2.219058949103088	2.4089074788451152	2.595803696705009	2.7796619999130905	2.960519395628672	3.138476883086783	3.3136656332740366
4.9	0.10292091007289583	0.21245977895509188	0.32993974898907685	0.45686893547960933	0.5948225376742695	0.7451573973764833	0.9085144504346823	1.0842377915931916	1.2701160539160665	1.462833069368278	1.6589283255896161	1.8555973054599646	2.050957730730828	2.243922379194085	2.4339523087407438	2.6208424935821917	2.8045758837989765	2.9852345723132	3.162948755751061	3.3378683959428237
4.8	0.1030289990213128	0.21295412496784955	0.3312136377571808	0.4594568231049054	0.5994022354498605	0.752486815734314	0.919258360597671	1.0987110793599866	1.2881094105625175	1.483693871159798	1.6818339103175348	1.8797991995871979	2.0758859072662164	2.269184478084946	2.459293289592743	2.646102110178025	2.829655904510129	3.010076344649598	3.187518626312807	3.362148437258738
4.7	0.10314476194721901	0.21348641191212372	0.3325929842067503	0.4622737983662882	0.6044069894197601	0.760503960370982	0.9309650087794781	1.1143344568863185	1.3072755669750538	1.505599363015977	1.705583247003677	1.9046422552946516	2.1012856278257623	2.294788519063272	2.4848815429563973	2.6715412658999313	2.854867399428954	3.035015558118946	3.212161838225035	3.3864847525631716
4.6	0.10326900959428653	0.21406101713779954	0.33409094688509494	0.46535019423894164	0.60989408683671	0.7692958520348436	0.9437331446842858	1.1311800426995822	1.3276309326544329	1.5285138753824443	1.7301120517726145	1.9300549629196775	2.1270898957302933	2.3206762962056544	2.5106681134741344	2.697119237539776	2.880176497175877	3.060023888912702	3.2368545182505826	3.4108570398603413
4.5	0.10340267540814682	0.21468299810520003	0.33572289240485276	0.4687216423435459	0.6159303689233759	0.7789606765847639	0.9576650628705577	1.1493078727297996	1.3491693127100803	1.552380496511911	1.7553421799045095	1.9559588266677033	2.1532290883996685	2.346789251062831	2.53660471446929	2.7227963422798935	2.9055504313106226	3.0850740507585277	3.261573715789179	3.4352457960159013
4.4	0.1035468214605445	0.21535822564506277	0.33750685939836655	0.4724301856267668	0.6225938559925575	0.7896079804483319	0.9728623944737755	1.168758948370571	1.3718578234172583	1.577121292754857	1.7811838022305446	1.9822705754869057	2.179632588189368	2.373069542564684	2.5626444015088756	2.7485343593857707	2.93095780767104	3.1101399681711084	3.286297518203205	3.459632395781944
4.3	0.10370267304876558	0.216093542280999	0.33946413773738043	0.4765256425760828	0.6299754931711046	0.8013578682896851	0.9894197179030657	1.1895475565436453	1.3956342559741908	1.6026391061942886	1.8075383298032477	2.0089045401465575	2.206230355709109	2.399461013021758	2.5887421539357467	2.774296882791612	2.956368822662725	3.135196915456769	3.311005142205143	3.4839991539299
4.2	0.10387164666342961	0.21689699199213644	0.34161999484236427	0.4810672696606484	0.6381808683177747	0.8143385277101227	1.007415685961622	1.2116538269275232	1.4204066405489955	1.6288208940479851	1.8343018284849955	2.0357750166010646	2.2329543591068335	2.4259100151655857	2.6148553519069795	2.8000496009893205	2.9817554320895394	3.160221622042473	3.335677002058324	3.5083293711685504
4.1	0.1040553871853182	0.21777803850719818	0.3440045897169346	0.48612576284268727	0.6473315998122608	0.828681176933023	1.0269018268212242	1.2350179339811427	1.4460555092180583	1.6555423178338409	1.8613686047269984	2.06279845024801	2.2597397938492114	2.4523660787676502	2.640944143835475	2.8257605044267193	3.007091472072157	3.1851923457296434	3.3602947559057275	3.5326073648418164
4.0	0.10425581364728226	0.21874791128184223	0.34665412588914896	0.4917856147552647	0.6575658377554209	0.8445113951949252	1.047890000242233	1.2595375435983935	1.4724388936344563	1.6826730777879424	1.8886346397710145	2.0898953108033633	2.28652605266911	2.4787824087257913	2.666971705660496	2.8514000237796338	3.032352735161743	3.210088916272558	3.3848413319666673	3.556818485639028
3.9	0.10447517578169854	0.21982000508253047	0.3496122924581122	0.4981477823938359	0.6690369355634851	0.8619359712723141	1.0703405878506997	1.285069809715821	1.4993995364951689	1.710082380720332	1.9160005988359792	2.1169915745851946	2.313257430525607	2.505116218195278	2.692904398639802	2.8769411048695015	3.0575170058952486	3.2348927522448023	3.4093009366361544	3.5809491217129885
3.8	0.10471612418172224	0.2210103947557564	0.3529321480678389	0.5053324867265268	0.6819088338344073	0.8810252265183284	1.0941544712106406	1.3114383593142942	1.526773328518702	1.7376439538081088	1.9433742279811168	2.144019780379528	2.3398835713754025	2.531328909483467	2.7187118361607947	2.902359227628432	3.0825640607678553	3.259586854501805	3.4336590466944164	3.604986691693222
3.7	0.10498179766720805	0.22233849085460933	0.3566783251727004	0.5134817037052315	0.6963461776676191	0.901792530939815	1.1191720207344684	1.3384444759731853	1.554397770552082	1.7652401546120677	1.9706720511080902	2.170919668641619	2.3663596802750204	2.557386121664147	2.744366872417955	2.92763237741958	3.107475637959026	3.2841557796967455	3.4579023878995083	3.628919628114524
3.6	0.10527593238589797	0.22382787678385987	0.3609298870459355	0.5227604332620327	0.7124970493609961	0.9241752808345666	1.1451810782985514	1.3658805800339413	1.5821193655107533	1.7927649278150208	1.9978203713254095	2.1976384464779444	2.3926465351023705	2.5832576672963885	2.7698455268464373	2.9527409773033773	3.1322353821989273	3.308585597295949	3.4820189022149517	3.6527373527620735
3.5	0.10560299830405212	0.22550737840845217	0.36578365440638355	0.5333550618104853	0.7304672226763997	0.948023818616998	1.171933360960664	1.3935435954488595	1.6097991985794702	1.8201255622468027	2.0247556501833164	2.22413074088769	2.418710337339067	2.6089173816497984	2.7951268581809874	2.977667789628186	3.1568287699687883	3.332863833399249	3.5059977058306218	3.6764302453761726
3.4	0.10596837002328335	0.22741242782016396	0.37135796007429034	0.5454660669039144	0.7502880137947103	0.9731046251539474	1.1991659289112386	1.4212460782620269	1.6373164160289149	1.8472433621301625	2.05142437958561	2.25035831101767	2.444522441896954	2.634342907000864	2.8201928011966553	3.002397794751254	3.1812430198592887	3.3569794044412675	3.5298290399926224	3.699989607070082
3.3	0.10637854021616051	0.22958679179123234	0.3777964043950562	0.5592912915717984	0.7718852452023683	0.9991201533901553	1.2266228380730246	1.4488238464619483	1.6645697133545754	1.8740534432949574	2.0777825764170825	2.2762895892118538	2.470059003198675	2.6595154324638335	2.845027977854719	3.026918053887456	3.205466992424955	3.3809225435543575	3.553504216479202	3.723407619705472
3.2	0.10684138522959562	0.2320847376347234	0.3852706268410527	0.5749961491840146	0.7950620247331591	1.0257411547826827	1.2540726014630261	1.476139859993792	1.6914772036075552	1.9005039002052442	2.1037950253518027	2.3018991134875066	2.4953005699185598	2.6844194069935576	2.8696194929547403	3.0512175621481696	3.22949108332524	3.4046847220485645	3.5770155593600177	3.7466773023461815
3.1	0.10736649330839831	0.23497369692212505	0.3939801285612957	0.5926704994900391	0.8195075801998892	1.052642253543655	1.2813190953648947	1.503084875560301	1.7179751418186382	1.9265545784827698	2.1294343784697825	2.3271669036210882	2.520231655048127	2.7090422400794276	2.8939567226736065	3.075287096856734	3.2533071129739266	3.4282585681233546	3.600356344469952	3.7697924657824875
3.0	0.10796556626777008	0.23833745060081085	0.4041457516674793	0.6122803601136916	0.8448346803992572	1.0795312322178687	1.3082058183779477	1.529575786111195	1.7440159663842103	1.9521756495651486	2.1546801979328047	2.3520778215501412	2.544840302087047	2.733374001568168	2.9180311026885097	3.099119065275324	3.276908215362653	3.451637784592025	3.6235207378218215	3.792747665988781
2.9	0.1086529057950377	0.2422797891830281	0.4159919077451816	0.63363363020339	0.8706339608902807	1.1061666189868344	1.3346149456231469	1.5555525950767988	1.769566035185948	1.9773461359421514	2.1795180049723095	2.3766209458337895	2.569117662713678	2.7574071292083877	2.9418359210273626	3.122707354991758	3.3002887282016706	3.4748170670816316	3.646503733984793	3.8155381572503417
2.8	0.10944599867783444	0.24692849788408858	0.4297123224346293	0.6563826967957672	0.8965257909912968	1.1323633728405822	1.360463147062139	1.5809748094163802	1.794603328366958	2.0020524884522706	2.203938377807398	2.4007889803468383	2.5930575965602665	2.781136150030497	2.9653661194194276	3.1460471894254254	3.323444086047303	3.497792023879388	3.669301095269921	3.838159845577729
2.7	0.11036622961226196	0.2524393661738043	0.44541751042563654	0.6800728866803738	0.9221947664779124	1.1579898180135486	1.3856959342384076	1.6058177982195987	1.8191152902612284	2.026287277459392	2.2279361242313707	2.4245777095817984	2.616656299825366	2.8045574196011187	2.9886181057523573	3.1691349902240633	3.3463707176686714	3.5205590983349717	3.6919092923970807	3.860609242914941
2.6	0.11143979503258532	0.258999570959975	0.4630724619806935	0.7042198894519055	0.9474029576223838	1.1829598125114669	1.4102817820463736	1.6300694414550865	1.8430969036200562	2.0500480294420704	2.2515095417721396	2.4479855069272327	2.6399119663987043	2.8276688815248763	3.0115895792831204	3.191968247748126	3.369065948546763	3.5431154944980707	3.7143254471667593	3.8828834225485647
2.5	0.11269899865491759	0.26682859108085827	0.4824494117894164	0.7283836576729332	0.9719867602069775	1.2072233643089243	1.4342067448853926	1.6537272238091578	1.8665490329397203	2.073336219278617	2.2746597692042916	2.4710128979099704	2.662824482876067	2.850469848275057	3.0342793694853722	3.2145454003668763	3.391527909098294	3.5654591064734715	3.736547277527596	3.904979976035645
2.4	0.11418430951336887	0.2761713292290871	0.5031303313369574	0.7522140455070602	0.9958449672649834	1.2307576662328248	1.4574698863882285	1.6767958163431662	1.8894770376433614	2.096156414804356	2.2973902271326874	2.493662177369886	2.6853951571934402	2.872960803473247	3.056687288824245	3.2368657229131284	3.4137554489695474	3.5875884518114876	3.758573045320538	3.9268969718899296
2.3	0.11594783820655762	0.28727123555237155	0.5245774582513432	0.7754636131632198	1.0189242736263175	1.2535594667686203	1.4800795901437502	1.6992851237505173	1.9118896353501573	2.1185155622389615	2.3197061416813094	2.515937077594993	2.707626479490596	2.895143225048558	3.0788139993086596	3.2589292243513284	3.4357480575469683	3.6095026091124613	3.780401506879996	3.948632916197146
2.2	0.1180591175860705	0.3003053219309241	0.5462441732936868	0.7979775539417271	1.0412058049097923	1.2756390186331836	1.5020506854173246	1.7212087433065226	1.933797985644423	2.140422397143351	2.3416141433591373	2.53784248331793	2.7295219131081736	2.9170194282430297	3.100660892354436	3.2807365544940414	3.4575057906766946	3.6312011599157925	3.8020318665980404	3.9701867152746018
2.1	0.12061408462866857	0.3152755915181072	0.5676714818828967	0.8196736532485825	1.062694128085031	1.2970154982333666	1.5234022662725022	1.7425827707590211	1.955214961832035	2.1618869642858485	2.3631219324022683	2.5593841889356423	2.7510857132281505	2.938592427138549	3.1222299812756233	3.302288919441841	3.479029203465817	3.652684134854944	3.82346373348851	3.9915576404401625
2.0	0.12374788906016834	0.33190335934529364	0.5885330993078934	0.8405213565092754	1.0834089518027972	1.3177136524709177	1.544156071213548	1.7634248892520956	1.9761545790990105	2.182920230146902	2.3842380018945133	2.580568693178591	2.7723227704998212	2.9598658132205475	3.143523805587276	3.3235880053128533	3.5003192889536447	3.673951963993574	3.84469708073942	4.012745294916701
1.9	0.12765148894707415	0.34962881601237916	0.6086321308488111	0.8605242238846355	1.1033791678278289	1.3377614068287802	1.5643353009182135	1.7837536839083554	1.9966315505136758	2.20353377304582	2.404971410436533	2.6014030265870467	2.7932384769832357	2.980843649435333	3.164545346227602	3.3446359097569087	3.521377422379233	3.695005431206708	3.8657322081986565	4.0337495828678245
1.8	0.13258954190759964	0.3677653328361642	0.6278729248462404	0.8797068346961879	1.122638726859781	1.3571881969787238	1.583963770475002	1.8035881333252415	2.0166609461141887	2.223739537548001	2.4253315968592313	2.6218946074429623	2.813838611838272	3.0015303782035425	3.1852979507835917	3.365435080712697	3.542205310733062	3.7158456324380937	3.8865697077119212	4.054570680533175
1.7	0.13890741552839336	0.3857056704066416	0.6462286773498377	0.898105689005576	1.141223867842211	1.376023830653382	1.60306531275318	1.8229472380104776	2.0362579342430713	2.243549641613491	2.445328230310627	2.642051122186089	2.8341292443479134	3.0219307419117993	3.205785267808284	3.385988261851739	3.562804947258314	3.7364739376387623	3.907210431206653	4.0752090094158975
1.6	0.1469875568830728	0.4030375908958441	0.6637147303815095	0.9157631933093168	1.1591713089413127	1.394297730876276	1.6216633679012302	1.8418497537490843	2.0554375879463698	2.262976226691865	2.464971089897482	2.6618804267591876	2.8541166520641497	3.042049714490012	3.2260111893532937	3.4062984441569872	3.5831785705611594	3.7568919561814615	3.927655461405637	4.095665211463342
1.5	0.15707710773689298	0.41954434464826695	0.6803697610097283	0.932723841259356	1.1765171045658582	1.4120384495260485	1.6397807093517318	1.860314004700614	2.0742147424801662	2.2820313425718	2.4842699688827614	2.6813904657495367	2.8738072520792226	3.0618924427916623	3.24597980088761	3.4263688231046565	3.603328627993023	3.7771015055451844	3.9479060850482632	4.115940126173133
1.4	0.16897830760333746	0.43514900558193875	0.6962436943603586	0.9490318825566675	1.1932959550189615	1.4292733702004305	1.6574392690049884	1.8783577566254066	2.092603892715293	2.3007268602093234	2.503234599189508	2.7005892066004136	2.893207543647485	3.0814641966107534	3.2656953378377267	3.4462027609507206	3.623257742982995	3.797104583065373	3.9679637684995392	4.136034769563653
1.3	0.18191820895526786	0.44985696076573417	0.7113904163459533	0.964729968710908	1.2095408188735555	1.446028542080957	1.6746600338066262	1.8959981351351578	2.1106191215187677	2.319074406982905	2.52187459264298	2.7194845865483184	2.912324060600606	3.1007703262965496	3.285162148057883	3.465803753665153	3.642968686026487	3.816903340571535	3.9878301356436423	4.155950314956255
1.2	0.1949332704382913	0.4637148864796279	0.7258636180569736	0.979858424754717	1.2252827246338198	1.462328603287852	1.69146299320741	1.9132515774179493	2.1282740520701875	2.33708531986999	2.5401993959803275	2.738084470299206	2.9311633322146893	3.1198162270637906	3.304384659624691	3.4851754021172527	3.6624643490813136	3.836500061760132	4.007506947983468	4.175688075546474
1.1	0.20735474583103358	0.4767872672398978	0.7397145780227212	0.9944549133344617	1.2405507112038987	1.4781967644141158	1.707867122473774	1.930133808675208	2.145581818604225	2.354770612928505	2.5582182572008145	2.7563966167922884	2.9497318514095974	3.1386073092398865	3.3233673534600165	3.50432138719903	3.6817477231838662	3.855897142218923	4.02699608693295	4.195249488797116
1.0	0.21890222932484943	0.4891421712947086	0.7529911007055123	1.0085543389666298	1.255371849630799	1.4936548317140914	1.7238903909326426	1.9466598366970476	2.1625550513369003	2.372140956246226	2.5759402013255377	2.7744286537414524	2.968036049398941	3.1571489738822978	3.3421147404348206	3.5232454487020193	3.700821879228807	3.8750970721275246	4.046299538390676	4.214636102796177
0.9	0.2295367400914161	0.5008455940338914	0.765736537849668	1.022188894709693	1.2697713144089395	1.5087232557468837	1.7395497873497212	1.9628439597575176	2.1792058724174814	2.389206664236785	2.5933740141506054	2.7921880590303116	2.9860822762282053	3.17544659346262	3.360631342849355	3.5419513679960155	3.719689952068826	3.8941024218841793	4.065419379919371	4.233849564957575
0.8	0.23932272407943458	0.5119584771774919	0.777991998662129	1.0353881893997792	1.2837724835399373	1.5234211958994641	1.7548613570929479	1.9786997845250274	2.195545900789019	2.4059776919496665	2.610528233209327	2.8096821485871164	3.0038767871354533	3.1935054977949897	3.3789216806570117	3.560442955020532	3.7383551285711865	3.912915831395069	4.084357771344546	4.252891613947418
0.7	0.24835512508721422	0.5225357791245099	0.7897933146479449	1.0481794171464218	1.2973970542400775	1.5377665948342034	1.769840247926496	1.9942402522618086	2.2115862651205336	2.422463639180883	2.627411146209276	2.8269180713765034	3.0214257356773064	3.211330966401241	3.396990263833321	3.5787240411754415	3.756820641366261	3.9315400048931877	4.103116950761201	4.271764076937059
0.6	0.2567291635801793	0.5326264624489908	0.8011733703896132	1.0605875466443742	1.310665167222115	1.551776260411847	1.784500763955873	2.009477673956978	2.2273376262406352	2.4386737644350034	2.6440307995075245	2.8439028145228606	3.0387351770226996	3.228928231062179	3.414841594950894	3.5967984824524057	3.7750897728974624	3.9499777161353378	4.121699241028902	4.290468877462391
0.5	0.26453007187094	0.5422738963696625	0.8121619110313649	1.0726337397311319	1.3235955391306655	1.5654659580891908	1.7988564325398713	2.0244237804952525	2.2428102162434533	2.454617016853874	2.660395025608062	2.8606432283433096	3.0558110919421986	3.2463024997860885	3.4324801938568354	3.6146701853344387	3.793165882893234	3.968231837689379	4.140107081007232	4.3090080687040775
0.4	0.27183090622328626	0.5515164167009632	0.8227858501959358	1.0843420746245949	1.3362056167363119	1.578850531619505	1.81292010518259	2.0390898116646814	2.258013920638774	2.4703021149092863	2.6765115207776295	2.877146104588981	3.072659466899852	3.263459039623887	3.449910683833632	3.632343196726217	3.8110525023593715	3.9863054391586443	4.158343128127851	4.327383940441319
0.3	0.27869327633910895	0.5603879158496061	0.8330695636896535	1.0957304806698815	1.3485075373461335	1.5919441317328427	1.8267041830530495	2.05348674492194	2.2729585142143214	2.4857377918195733	2.692388101648011	2.8934184453197753	3.08928657591132	3.2804034719716575	3.467138100589974	3.6498220267672044	3.8287536702193106	4.004202137599735	4.1764106224770146	4.345599396647227
0.2	0.28516892440704233	0.5689184036041072	0.8430351610609851	1.1068167423220912	1.3605228603302815	1.6047523622298165	1.8402215008026455	2.0676262566127113	2.2876546994346056	2.500933910125964	2.7080338946159923	2.9094687256276437	3.105700315050481	3.2971431772918414	3.484169365723891	3.6671131895476763	3.846275539896316	4.021927768633668	4.194315121139646	4.3636597518984654
0.1	0.29130137914319043	0.5771345164148157	0.8527027350186942	1.1176172527514165	1.372262580163098	1.6172989215800428	1.8534664019691094	2.0814996638776377	2.3020910212264862	2.5158764418925545	2.7234324625078243	2.9253186677941154	3.121922670353789	3.3137004347475565	3.5010270781374104	3.6842396283483696	3.863641422013656	4.0395060316939135	4.212080732445014	4.381589542053184
