αωE	0.1	0.2	0.3	0.4	0.5	0.6	0.7	0.8	0.9	1.0	1.1	1.2	1.3	1.4	1.5	1.6	1.7	1.8	1.9	2.0
12.0	-12.80132340462331	-12.910457950499614	-13.019276910507664	-13.1277701310127	-13.235926700263516	-13.343734902920682	-13.451182174609452	-13.558255057388509	-13.664939156915972	-13.771219102528248	-13.877078511553323	-13.982499959304187	-14.087464956683634	-14.191953937184957	-14.295946255517899	-14.39942020009294	-14.502353021668421	-14.604720980420609	-14.70649941351967	-14.807662824959007
11.9	-12.676460668526099	-12.78565858317757	-12.894541958466924	-13.003100532433335	-13.11132326282325	-13.219198279175288	-13.326712834819817	-13.433853259719303	-13.540604914982842	-13.6469521503351	-13.752878265945727	-13.858365480171146	-13.963394905262346	-14.067946532972746	-14.171999232458852	-14.275530762887	-14.378517803237754	-14.480936001751791	-14.582760047267126	-14.683963764328219
11.8	-12.551925001190918	-12.661187461517494	-12.770136488053113	-12.878761709384246	-12.987051950771404	-13.094995183641132	-13.202578474868604	-13.30978793681511	-13.416608679007219	-13.523024762808522	-13.62901916058012	-13.734573720996472	-13.839669142703988	-13.944284958418399	-14.048399532033413	-14.151990071350703	-14.255032659128256	-14.357502305092392	-14.459373021346023	-14.560617923197416
11.7	-12.427720760932557	-12.537048979153917	-12.646064931011379	-12.754758134550125	-12.86311728055829	-12.971130179304877	-13.078783706930347	-13.186063752492386	-13.292955166611774	-13.39944171314366	-13.50550602546785	-13.61112956918955	-13.716292613582148	-13.820974214046505	-13.925152208354454	-14.028803229503923	-14.131902738107467	-14.234425077181513	-14.336343551967854	-14.437630536968799
11.6	-12.30385240500575	-12.413247630132025	-12.52233182112492	-12.631094384444244	-12.739523874420273	-12.847607937064872	-12.955333253381529	-13.062685483215946	-13.169649210654244	-13.27620789247317	-13.38234381134209	-13.488038035701356	-13.593270388808753	-13.69801942942026	-13.802262447089577	-13.905975475151044	-14.009133324555826	-14.11170964167227	-14.213676992900526	-14.315006978452335
11.5	-12.18032449282636	-12.28978801220831	-12.398941797604797	-12.50777514289853	-12.616276463982205	-12.724433239458113	-12.832231950664495	-12.93965802211145	-13.046695763398944	-13.153328314207046	-13.259537594171315	-13.365304259714112	-13.470607670495987	-13.575425868165608	-13.679735570628957	-13.783512185164245	-13.886729843825997	-13.989361464516467	-14.091378840815212	-14.192752763100767
11.4	-12.057141689330278	-12.16667483029328	-12.27589960862827	-12.384805204709666	-12.493379894024	-12.601610984560553	-12.709484753334829	-12.81698638317244	-12.924099900895266	-13.030808118591642	-13.137092579905984	-13.242933513576926	-13.348309797077302	-13.45319893326603	-13.557577043533051	-13.66141888105268	-13.764697867889698	-13.867386159632225	-13.969454740904943	-14.070873554496664
11.3	-11.934308768479218	-12.043912900046708	-12.153210115036298	-12.262189479451377	-12.37083912642178	-12.47914619007153	-12.58709673830345	-12.694675705674301	-12.801866827576074	-12.908652577503139	-13.015014109473487	-13.12093120800474	-13.226382248705608	-13.331344172646844	-13.435792478279975	-13.539701234837331	-13.643043121291363	-13.745789494872842	-13.847910492790806	-13.94937517010463
11.2	-11.811830616919602	-11.921507151632653	-12.030878294196773	-12.139932995461228	-12.248659244273258	-12.35704399759331	-12.465073109285951	-12.572731258808505	-12.680001881090691	-12.786867099490655	-12.893307664039042	-12.99930289755873	-13.104830652947964	-13.209867285069816	-13.314387641333525	-13.418365075252986	-13.521771487429156	-13.624577398316271	-13.726752056732844	-13.828263587301945
11.1	-11.689712237804363	-11.799462633643042	-11.908909244045224	-12.018040904013269	-12.12684545621869	-12.23530967711749	-12.343419201471862	-12.451158446551288	-12.558510537388075	-12.66545723508616	-12.77197887055057	-12.87805428642843	-12.983660790798682	-13.088774126360352	-13.193368459555321	-13.297416394300699	-13.400889015186321	-13.503755964896012	-13.60598556016356	-13.707544949701617
11.0	-11.567958754785183	-11.677784517200267	-11.787308187311854	-11.896518483686764	-12.005403100969415	-12.113948631731715	-12.222140486428133	-12.329962812782243	-12.43739841606708	-12.544428682399992	-12.651033507588156	-12.757191234536984	-12.862878603033478	-12.968070715991862	-13.072741026985918	-13.176861354175578	-13.280401925936786	-13.383331463395583	-13.485617304562727	-13.587225573781549
10.9	-11.44657541618752	-11.55647810024763	-11.666080475946508	-11.775371144943296	-11.884337652056312	-11.992966402560151	-12.101242577252224	-12.20915004666971	-12.316671286012157	-12.423787293021766	-12.530477511539713	-12.636719763993758	-12.742490196930595	-12.847763244053935	-12.952511612022638	-13.056706294597705	-13.160316620951484	-13.263310343830458	-13.365653772693516	-13.467311955834285
10.8	-11.32556759937584	-11.435548812040972	-11.545231595753236	-11.65460443492479	-11.763654722812602	-11.872368673953117	-11.980731233991039	-12.088725988340883	-12.196335071334683	-12.303539078248907	-12.410316983127153	-12.51664606591983	-12.622501853386314	-12.72785807863351	-12.832686665023735	-12.9369577405756	-13.040639689233528	-13.143699245242724	-13.246101636220343	-13.347810779251077
10.7	-11.204940815321526	-11.315002217850468	-11.424767171246666	-11.534224042485688	-11.643360071605331	-11.752161278941953	-11.860612369343745	-11.968696634856657	-12.076395857641462	-12.183690215666552	-12.290558194308915	-12.396976507675188	-12.502920034455391	-12.608361773640894	-12.713272826371803	-12.817622410634602	-12.921377915812903	-13.024505003935484	-13.126967763730013	-13.228728922154417
10.6	-11.084700713385402	-11.194844023887958	-11.304692970744556	-11.414235803475082	-11.523459607331821	-11.63235020497681	-11.740892054667961	-11.849068146512359	-11.956859898654013	-12.064247056105081	-12.171207595587903	-12.277717640518391	-12.383751391349755	-12.489281077115635	-12.594276935031953	-12.698707225545496	-12.802538290533578	-12.905734662175742	-13.008259229178316	-13.110073471292706
10.5	-10.964853086328771	-11.075080082470867	-11.185014911710596	-11.294645706283186	-11.40395939519837	-11.512941599966197	-11.62157652631009	-11.729846853487945	-11.837733623204976	-11.9452161310039	-12.052271823755854	-12.158876207733053	-12.265002772931894	-12.370622940050517	-12.475706037643853	-12.580219317591537	-12.684128017368621	-12.787395477396213	-12.889983320784733	-12.991851700904014
10.4	-10.845403875562228	-10.955716397439454	-11.065739066362966	-11.175459897670482	-11.284865662799739	-11.393941778639364	-11.502672192282997	-11.611039262872879	-11.7190236426394	-11.826604160212693	-11.93375771010904	-12.040459153258707	-12.146681234743285	-12.252394525775795	-12.357567398190437	-12.46216604041549	-12.566154524301734	-12.669494931928305	-12.772147550398328	-12.874071140476401
10.3	-10.726359176653082	-10.836759129841488	-10.946871667566606	-11.056684688897386	-11.166184806520027	-11.275357229253531	-11.384185639315877	-11.492652066093834	-11.600736758652282	-11.708418060264739	-11.81567228917286	-11.922473630867243	-12.028794048611983	-12.134603219950057	-12.239868508290165	-12.344554979492408	-12.448625473816247	-12.552040743300168	-12.654759663357986	-12.75673952488545
10.2	-10.607725245102545	-10.718214603902576	-10.828419115026035	-10.93832656217437	-11.047923398276799	-11.157194620670651	-11.266123640303384	-11.37469214677523	-11.482879971596171	-11.590664953159969	-11.698022807977473	-11.804927013930595	-11.911348712888397	-12.017256641208547	-12.122617098164374	-12.227393963277322	-12.331548774036309	-12.435040875135442	-12.537827648869417	-12.639864833443152
10.1	-10.489508502410612	-10.600089313298975	-10.7103879817998	-10.820392177454723	-10.930088192632235	-11.039460809830164	-11.14849316218397	-11.257166589066296	-11.365460489296158	-11.47335217569962	-11.58081673593029	-11.687826905830248	-11.79435296336304	-11.90036265252544	-12.005821148336032	-12.110691075082018	-12.214932590567757	-12.318503548689595	-12.421359750920994	-12.523455293943085
10.0	-10.371715542448674	-10.482389927753646	-10.59278502115702	-10.702888379592615	-10.81268613429744	-10.922162849646675	-11.031301374279792	-11.140082686471047	-11.248485736413553	-11.356487289418283	-11.464061775336651	-11.571181151063847	-11.67781478492609	-11.783929373352048	-11.889488902122425	-11.994454665739667	-12.098785359089646	-12.202437255062293	-12.30536447975825	-12.40751939300465
9.9	-10.254353138157564	-10.365123299976007	-10.475617173799725	-10.585822205892525	-10.695724366058222	-10.805307997364395	-10.914555657133949	-11.023447951221382	-11.131963364403497	-11.24007809116452	-11.34776587262499	-11.454997847111413	-11.561742424034975	-11.667965192599837	-11.773628878989946	-11.878693367121246	-11.983115798751198	-12.086850768124684	-12.189850623934486	-12.2920658868057
9.8	-10.137428248592164	-10.248296472969306	-10.358891575475592	-10.46920089407753	-10.579210237152935	-10.688903723403028	-10.798263611884103	-10.907270124237801	-11.015901262116511	-11.124132624386071	-11.231937230339327	-11.339285357129361	-11.446144402063574	-11.55247878254445	-11.658249888846441	-11.763416106573665	-11.867932926432008	-11.971753158201038	-12.07482726295122	-12.17710381218534
9.7	-10.02094802633763	-10.13191668772889	-10.242615565008649	-10.353031890706536	-10.463151312136512	-10.572957720732708	-10.682433070215641	-10.791557185726475	-10.900307567099691	-11.00865919118261	-11.116584319968975	-11.224052323549348	-11.33102952961485	-11.437479113735188	-11.54336104735426	-11.648632122355268	-11.753246071926952	-11.857153806543511	-11.960303780496405	-12.062642498087492
9.6	-9.904919825319661	-10.015991391359785	-10.126796692777273	-10.237322860073284	-10.347555380267153	-10.457477914820196	-10.567072104941623	-10.676317366466849	-10.785190677659104	-10.893666365195507	-11.00171589569336	-11.109307682666978	-11.21640692188836	-11.322975471004035	-11.428971792355375	-11.534350980151144	-11.639064894120384	-11.743062420637267	-11.846289878281066	-11.948691577301755
9.5	-9.789351209036584	-9.900528245642036	-10.011442729671785	-10.12208169362312	-10.232430465456268	-10.342472474191881	-10.452189041262237	-10.561559159849791	-10.670559265751724	-10.779163005412304	-10.887341009128825	-10.995060680316332	-11.102286015204403	-11.208977470678578	-11.315091901509815	-11.420582590757423	-11.525399398216802	-11.629489050370038	-11.732795590464754	-11.83526099844045
9.4	-9.674249959243003	-9.785535136075602	-9.896561676566789	-10.00731651992674	-10.117784836825873	-10.227949821664321	-10.337792468761467	-10.44729133473279	-10.556422290783509	-10.665158270972926	-10.7734690251751	-10.881320888737156	-10.988676584799219	-11.095495079115338	-11.201731511258615	-11.307337229031045	-11.412259954097408	-11.516444105095275	-11.619831298646623	-11.722361038067902
9.3	-9.559624085114612	-9.671020181439674	-9.782161774346282	-9.893035715253692	-10.003627019922625	-10.11391864629793	-10.22389125420527	-10.333522949186559	-10.442789014398695	-10.551661637074876	-10.660109639070857	-10.768098224755269	-10.875588764019032	-10.982538632683388	-11.088901137234304	-11.194625554208695	-11.29965731587265	-11.403938371610185	-11.507407747381126	-11.610002312870215
9.2	-9.445481832931147	-9.556991743903495	-9.66825151452375	-9.779247914793197	-9.88996580864149	-10.000387916135924	-10.110494555212979	-10.22026336521549	-10.329669016356183	-10.438682912086858	-10.547272894781567	-10.655402969411579	-10.76303306505694	-10.870118859343181	-10.976611696254082	-11.082458631706178	-11.187602642700554	-11.291983033058916	-11.395536060153876	-11.498195791718082
9.1	-9.331831696312364	-9.443458439730517	-9.55483965050281	-9.665962024573592	-9.776810277919074	-9.887366891796658	-9.997611834881015	-10.107522264544983	-10.21707221160007	-10.326232255994126	-10.434969204858934	-10.543245789192799	-10.651020401394474	-10.758246901982877	-10.864874530044883	-10.970847956516355	-11.076107520937427	-11.180589688755212	-11.284227755723105	-11.386952807431427
9.0	-9.218682427049167	-9.330429150619516	-9.441935209528603	-9.553187234137894	-9.664169797261856	-9.774865140995873	-9.885252877448373	-9.995309665578981	-10.105008868645418	-10.214320200314688	-10.323209371929224	-10.431637759037036	-10.539562112130682	-10.646934343693351	-10.753701430863948	-10.859805478330237	-10.965183987681698	-11.069770374897011	-11.173494764692695	-11.276285067999911
8.9	-9.106043046573008	-9.217913035733755	-9.329547505385898	-9.4409330300385	-9.552054045182143	-9.662892554083202	-9.773427805102752	-9.883635941645123	-9.993489629415725	-10.102957669644335	-10.212004611989324	-10.320590387310647	-10.428669988405066	-10.536193235185046	-10.643104669194365	-10.749343628511053	-10.854844555760977	-10.959537586115692	-11.06334944612886	-11.166204666945976
8.8	-8.993922858114246	-9.10591954447008	-9.21768615190343	-9.32920921022027	-9.440473024622515	-9.551459360688092	-9.662147096039504	-9.772511840658652	-9.88252553068677	-9.992156005009576	-10.101366579714064	-10.210115642979925	-10.318356302148347	-10.426036124574022	-10.533097023711626	-10.639475349053573	-10.745102240195994	-10.849904297762407	-10.953804603997703	-11.056724092433708
8.7	-8.88233145959917	-8.99445843002821	-9.106361077332878	-9.21802589936961	-9.329437079458915	-9.440576147580922	-9.551421603898628	-9.661948506354552	-9.772128027312458	-9.88192698923304	-9.991307396007013	-10.100225985232536	-10.208633837426358	-10.316476089791738	-10.423691813734084	-10.53021412366093	-10.635970586149949	-10.740883988780357	-10.844873503029916	-10.947856234625487
8.6	-8.77127875734713	-8.883539763845175	-8.995582539675649	-9.107393565315077	-9.218956912182641	-9.330253877868348	-9.441262578722013	-9.551957501256872	-9.662309017433143	-9.772282874545024	-9.881839678060935	-9.990934395840245	-10.099515924678546	-10.207526773903542	-10.314902934387046	-10.421574011065164	-10.527463698335705	-10.632490664940732	-10.736569883666128	-10.839614390664444
8.5	-8.660774980629437	-8.773173950966425	-8.885361143039974	-8.997323036574736	-9.109043602873886	-9.220503911656996	-9.331681689591338	-9.442550831577625	-9.553080869895323	-9.663236412709464	-9.772976572233802	-9.882254414597348	-9.991016478194293	-10.099202423654294	-10.206744894725986	-10.31356968070476	-10.419596271801716	-10.5247388821264	-10.628907975455078	-10.732012266511319
8.4	-8.55083069716126	-8.663371746433308	-8.775707855119363	-8.887825521157003	-8.999708629592885	-9.1113380283367	-9.222691049129162	-9.333740974265533	-9.444456454145806	-9.554800887973421	-9.66473179009277	-9.774200178219406	-9.883150037218385	-9.991517931596366	-10.099232859077407	-10.206216450848203	-10.31238362394543	-10.417643769224835	-10.521902508205581	-10.625063974685752
8.3	-8.44145682960354	-8.554144272773886	-8.666634025893456	-8.778912626733742	-8.89096389033071	-9.002768450654651	-9.114303240071143	-9.225540906456402	-9.336449172903347	-9.446990153197117	-9.557119648034387	-9.666786463145776	-9.77593181113199	-9.884488882194805	-9.992382691864396	-10.099530329213213	-10.205841727503465	-10.311221050032227	-10.415568719960053	-10.518784026750623
8.2	-8.332664673160432	-8.44550303869511	-8.558151407664308	-8.670596382319209	-8.782821726680154	-8.894807870775198	-9.006531344147295	-9.117964137615495	-9.22907299795808	-9.339818669579358	-9.4501551109546	-9.560028732758976	-9.669377729218954	-9.778131602346512	-9.886211006184084	-9.99352805606938	-10.099987244131132	-10.20548706336373	-10.30992236061227	-10.413187319131751
8.1	-8.224465914366759	-8.3374599590841	-8.45027217655454	-8.562889261604944	-8.675294949407945	-8.787469478547278	-8.899388973545177	-9.011024744707173	-9.122342509505835	-9.233301550461167	-9.343853840520907	-9.453943189615732	-9.563504495599844	-9.672463216793062	-9.780735216391882	-9.888227149719448	-9.99483755799901	-10.10045878029916	-10.20497968968682	-10.308289110584024
8.0	-8.116872651170668	-8.230027376439041	-8.343008955608154	-8.455804208119902	-8.56839686613459	-8.680766992233433	-8.792890305270012	-8.904737410780562	-9.016272939492143	-9.127454609773217	-9.238232248692846	-9.348546833381363	-9.458329649998486	-9.56750170894842	-9.675973594914971	-9.783645954118661	-9.890410808584182	-9.996153817153331	-10.100757466429652	-10.204104989301953
7.9	-8.00989741442687	-8.123218083863918	-8.236374839653704	-8.349354662407416	-8.46214131135687	-8.574714691992321	-8.687050118765669	-8.799117467424622	-8.910880219522088	-9.02229441579162	-9.133307557249754	-9.243857525273771	-9.353871635098969	-9.463265987698954	-9.571945333454785	-9.679803688195424	-9.78672592149923	-9.89259044233006	-9.99727292992301	-10.100650827337425
7.8	-7.903553190930841	-8.01704534977828	-8.130383422107899	-8.243554591436283	-8.356542679081702	-8.469327456451015	-8.581883837220076	-8.69418094162322	-8.806181033991209	-8.917838350987026	-9.029097864221207	-9.13989405995897	-9.250149871354726	-9.359775960758288	-9.468670608630653	-9.576720496157265	-9.683802635756958	-9.789787574679623	-9.894543766431564	-9.997942719647032
7.7	-7.797853448138499	-7.911522944510102	-8.025048823922727	-8.138418520493875	-8.25161595838009	-8.36462080275711	-8.47740757304948	-8.589944607634397	-8.702192879212305	-8.814104678898591	-8.92562221828014	-9.036676246000587	-9.14718484022464	-9.25705261516287	-9.366170651942387	-9.474417497672276	-9.581661525281689	-9.687764770313876	-9.792588060617799	-9.895996904778162
7.6	-7.692812160732869	-7.806665168963097	-7.920385724904998	-8.033961567843827	-8.147376772216944	-8.260610930563494	-8.373638178141512	-8.486426044632157	-8.598934129460378	-8.711112619144146	-8.822900702359671	-8.93422499615561	-9.044998176931216	-9.155118105460641	-9.264467823657132	-9.372916836265912	-9.480324011710533	-9.586542194026626	-9.691424226653576	-9.794829663962602
7.5	-7.5884438392188684	-7.70248688557202	-7.816409397669451	-7.930199482473393	-8.043841419969176	-8.157314770476244	-8.27059329954173	-8.383643700988596	-8.496424111038817	-8.60888243189925	-8.720954527999137	-8.832562429032084	-8.943612773956362	-9.053995850051313	-9.16358568981159	-9.27224172351037	-9.379812364537212	-9.486140570514404	-9.591070914643275	-9.694457195290015
7.4	-7.48476356075113	-7.599003551790387	-7.7131357445230755	-7.827148685304311	-7.941026924110929	-8.054750037587691	-8.168291441394832	-8.281616966246443	-8.394683185694543	-8.50743551345248	-8.619806142224753	-8.731711983885813	-8.843052896600007	-8.953710635943912	-9.063549100899959	-9.172416475537037	-9.28014968339216	-9.386581109509997	-9.49154688723667	-9.59489545977474
7.3	-7.381787002424179	-7.496231256385867	-7.610581337622308	-7.724826314299854	-7.8389510816265435	-7.95293529082993	-8.066752034109218	-8.180366252045722	-8.293732844989979	-8.406794504786422	-8.519479349138244	-8.631698550635878	-8.743344312004801	-8.854288731850598	-8.964384269901771	-9.073466536980561	-9.181359855686896	-9.287885397776503	-9.39287086096278	-9.496159996628808
7.2	-7.2795304772858245	-7.394186758859028	-7.508763462795254	-7.623250273971064	-7.737632520809131	-7.851889999022215	-7.965995511906888	-8.079913083535597	-8.193595817592485	-8.306983415563767	-8.419999448839569	-8.532548617522377	-8.644514433060827	-8.755758008947165	-8.866118845966469	-8.975418485557622	-9.083467480962952	-9.190075249770802	-9.295061306832832	-9.398265706050536
7.1	-7.178010973368757	-7.29288753234587	-7.407700167482907	-7.522439289868763	-7.637090764221846	-7.751634614655188	-7.866043400163275	-7.9802802031391815	-8.09429619188829	-8.208027766440107	-8.321393396867187	-8.434290439209398	-8.54659247848761	-8.658148067669712	-8.768781978141176	-8.87830000797561	-8.986497751109814	-9.093172507863866	-9.19813620537342	-9.301226599473269
7.0	-7.077246196077759	-7.192351810417725	-7.307410313325435	-7.4224129687509155	-7.5373462987454	-7.652190656667156	-7.766918414246006	-7.88149168896763	-7.99585955689912	-8.109954753314856	-8.223689988024773	-8.336954228532793	-8.449609650046439	-8.561490367386277	-8.672404360776213	-8.782139834647548	-8.890476273283323	-8.997198782613065	-9.102112752748077	-9.205055519602306
6.9	-6.977254614315799	-7.092598638256493	-7.207913634006985	-7.323191865237512	-7.438420653814753	-7.553580803731843	-7.668644571948524	-7.783573090728518	-7.8983131652153045	-8.01279343801307	-8.126920069303118	-8.240572375464605	-8.353599327097466	-8.465818353387021	-8.577018248379378	-8.686967616706692	-8.795428820161433	-8.902175124176518	-9.007007017315656	-9.109763835729517
6.8	-6.878055510791595	-6.993647928758278	-7.109230799077766	-7.224797555918225	-7.340336489172899	-7.455828999911508	-7.571247322109069	-7.686551586685155	-7.801686122615824	-7.916574971025685	-8.031116787625798	-8.145179697130871	-8.258597277311612	-8.371167571947517	-8.48265742237683	-8.592813724158345	-8.70138099066707	-8.808121618149643	-8.91283355011685	-9.015361123638671
6.7	-6.779669037015239	-6.895520524208734	-7.011383484600358	-7.127252722064036	-7.243117693749794	-7.358960574955117	-7.474753692646125	-7.590456166152934	-7.706009610302531	-7.82133285340301	-7.936315879366098	-8.050813722713862	-8.164641879831684	-8.277575758622358	-8.38935708514407	-8.499708939061643	-8.608357764370867	-8.715056903591648	-8.81960495846646	-8.921854843576623
6.6	-6.682116273570354	-6.798238264283211	-6.914394451622619	-7.030581242327533	-7.146789497629855	-7.2630023820687795	-7.379192462077367	-7.49531784324962	-7.611317147342276	-7.727103246803705	-7.8425560099956035	-7.957515016491901	-8.0717743528337	-8.185082876586044	-8.297153647615804	-8.407684013315492	-8.516382935772656	-8.622997618433528	-8.727331458818874	-8.82925003369912
6.5	-6.585419296344755	-6.701824061255963	-6.818287633672593	-6.9348082971069624	-7.051378599524341	-7.1679829566975135	-7.284594359695216	-7.401169909262488	-7.517644903145256	-7.633925343186952	-7.749879173770172	-7.865327540562408	-7.980038970127162	-8.093731069707342	-8.206084366044255	-8.316769058679979	-8.425478422204016	-8.531957788096094	-8.63602043263722	-8.737549039323888
6.4	-6.489601249516375	-6.606301983464189	-6.723088234709149	-6.839960486617794	-6.9569133127484	-7.073932700792727	-7.190992301051334	-7.308048233227831	-7.425032072836575	-7.541841809620948	-7.658331164845247	-7.774299054947258	-7.889483239380903	-8.003564478018852	-8.116186772354759	-8.226992739977586	-8.33566345283981	-8.44194818648336	-8.54567601582962	-8.64675129936669
6.3	-6.394686426228972	-6.511697348270421	-6.628822839259971	-6.746065965184169	-6.863423733462901	-6.98088409828389	-7.098421667409355	-7.2159916233863015	-7.333521332530246	-7.450899321916645	-7.5679621321733155	-7.684481544978732	-7.800157995138689	-7.914628840677008	-8.02749783428254	-8.138381255021194	-8.24695366711719	-8.352975712808334	-8.45629875665413	-8.556853209760169
6.2	-6.3007003580599354	-6.41803682601048	-6.535519536854124	-6.653154594866856	-6.770941935942278	-6.888871969150634	-7.00692064058707	-7.125042266460113	-7.243159397272389	-7.361149227044114	-7.478827229926165	-7.5959316508940695	-7.7121173293935525	-7.826970784421409	-7.940052782386047	-8.050957111164884	-8.159360177590946	-8.265042839790082	-8.367885376996965	-8.46784807912894
6.1	-6.207669914586911	-6.325348556719522	-6.443208063335136	-6.561258122331091	-6.679502200965776	-6.797933771785407	-6.916530608473536	-7.035246267771644	-7.153997712492207	-7.272648339183162	-7.390987370762217	-7.508711046856887	-7.625418237004547	-7.740636669393296	-7.853883561282611	-7.964737751240066	-8.072888680461563	-8.178147194467849	-8.280428666311154	-8.379726184812716
6.0	-6.115623414615537	-6.233662281811135	-6.351919962253956	-6.4704103838932685	-6.589141285236742	-6.708109966525397	-6.8272966620074635	-6.946654323994182	-7.066093321228478	-7.185459934111896	-7.304510076330656	-7.422886666915723	-7.540119790160595	-7.6556708515774865	-7.769016914776465	-7.879734138368116	-7.987538718510239	-8.092281328298357	-8.193917526209345	-8.29247492846827
5.9	-6.024590750942504	-6.143009493369971	-6.261688770339398	-6.380647545067689	-6.499898742216275	-6.619444457742014	-6.739268212393296	-6.859322573236619	-6.979509965695888	-7.099654972176639	-7.219470388312907	-7.338530589557202	-7.456281580609973	-7.572113250420898	-7.685472208297691	-7.7959494675166265	-7.903303205698499	-8.007432716520638	-8.108337168279393	-8.206079081412168
5.8	-5.934603530923681	-6.05342360434	-6.172550232091642	-6.292008382803599	-6.41181730822278	-6.531985138380456	-6.652499769190016	-6.7733136865736245	-6.894319505028038	-7.015313603592902	-7.1359517346197086	-7.255719252747893	-7.373961106665034	-7.489996216698415	-7.603259220792946	-7.713378208979638	-7.820168302177667	-7.923583999811177	-8.023669451051495	-8.120521102173337
5.7	-5.845695235615484	-5.964940143695059	-6.084542549939031	-6.204534621170564	-6.3249433725768975	-6.445784570429955	-6.5670519379485865	-6.688698294974156	-6.81060376390536	-6.9325269900125015	-7.0540465015667495	-7.174531467444106	-7.293209802304428	-7.409340916229869	-7.522376265166697	-7.632005678951568	-7.738113682452969	-7.84071344971562	-7.9398933276314985	-8.035781503659319
5.6	-5.7579014008925276	-5.8775969817308855	-5.997706678279283	-6.118271334836256	-6.239327557725556	-6.360900849291673	-6.482992724288278	-6.60555689256919	-6.7284569714257065	-6.851399416048732	-6.973855777706392	-7.09504446520069	-7.214067631499626	-7.330153760902418	-7.442809053487197	-7.55180826066232	-7.65711317802403	-7.758795610912641	-7.856985366158904	-7.951839245500583
5.5	-5.67125982476405	-5.7914345920134425	-5.912086672303756	-6.033267439784797	-6.155025445906824	-6.277398722516636	-6.400399276834236	-6.523982433007657	-6.647989003490779	-6.772050479447952	-6.89548721597547	-7.017327125840562	-7.136556732522781	-7.252423707567024	-7.364530642308463	-7.4727542788828405	-7.577135716748192	-7.677802054926392	-7.774920302293365	-7.8686721283814425
5.4	-5.585810806179014	-5.706496358391247	-5.827730106090731	-5.94957629814089	-6.072098505122537	-6.195351069484672	-6.319360277603497	-6.44408396076998	-6.569329682340184	-6.694616655482143	-6.8190491714277055	-6.94143000369006	-7.060675448530537	-7.176121286202983	-7.287502564191671	-7.394805401238745	-7.49814644197539	-7.597702174742569	-7.693671585991135	-7.7862571707684864
5.3	-5.501597422018593	-5.622828938034092	-5.744688579544908	-5.867256474998595	-5.990615292642693	-6.114840908678162	-6.239979321203045	-6.365991829113378	-6.492634316100805	-6.619250333700625	-6.744638573630646	-6.867373360565938	-6.9863947546996155	-7.10119984471925	-7.211676955839042	-7.3179183493345885	-7.420107884320785	-7.518463956936531	-7.613211892200379	-7.704570953393413
5.2	-5.418665850855635	-5.540482694998037	-5.663018341133232	-5.786372702010319	-5.910653055651862	-6.0359642036344	-6.162379866999405	-6.289865406037678	-6.4180901222907885	-6.546111911193329	-6.67232088657377	-6.795136970941835	-6.913658814210109	-7.027598811459429	-7.136999265707022	-7.242046679089768	-7.342981075483394	-7.440054683257438	-7.533513574540267	-7.623589922136137
5.1	-5.337065754612079	-5.459512223807621	-5.582781064294266	-5.706997129038937	-5.832299918684265	-5.958833929768728	-6.086712817678527	-6.2159047084182415	-6.345920971978018	-6.475346910060719	-6.602105636615051	-6.724656931997552	-6.842389891890502	-6.95524815374181	-7.063411058659264	-7.167142428287402	-7.266726526333185	-7.3624415319881145	-7.4545490504873815	-7.543290644808834
5.0	-5.256850732758305	-5.379976989729098	-5.504044832029221	-5.62921098848026	-5.755657971778267	-5.8835862365182034	-6.013168743988032	-6.144367927300465	-6.276380595359205	-6.407040909387552	-6.533929645858002	-6.6558322913932635	-6.772496031733308	-6.88407299730058	-6.990852527200856	-7.0931575022587605	-7.1913050282304845	-7.285592066532846	-7.376291114663392	-7.4636500212949
4.9	-5.1780788686197	-5.301942122981043	-5.4268854102596205	-5.553106870470961	-5.680847806835629	-5.810390322652506	-5.941998907412891	-6.075595239934364	-6.20970714753957	-6.341164734959925	-6.467661708350267	-6.58853887731466	-6.703879100609992	-6.813997596127816	-6.919264489035017	-7.020044744519966	-7.116678267995549	-7.209474612055187	-7.2987131828247716	-7.3846454493715346
4.8	-5.100813394389537	-5.225479420091471	-5.351387932874616	-5.478791938591791	-5.608015520700084	-5.739465461945816	-5.87355420900573	-6.010022689329137	-6.146004913366037	-6.277554937820696	-6.403128193627529	-6.522644327526139	-6.636441354996821	-6.744948265014667	-6.8485898138112695	-6.947758697660433	-7.042809268827348	-7.134058529814695	-7.221789473021606	-7.306254950380072
4.7	-5.02512351170907	-5.150668630422555	-5.277649192976177	-5.406392664556302	-5.5373442426139405	-5.671113430132143	-5.808362034629029	-5.948088119589588	-6.085113868625603	-6.215958253267429	-6.340143761104124	-6.4580196010907285	-6.570089823503608	-6.676855255137841	-6.778774331588405	-6.8762560944936935	-6.969662681585437	-7.05931440354963	-7.145495132413847	-7.228457259867273
4.6	-4.951085420030883	-5.077599145756853	-5.205780861849984	-5.336062167804753	-5.469074824821268	-5.605789853347261	-5.74725618356962	-5.889847237559372	-6.02664851331528	-6.156101695981732	-6.278533165231942	-6.394545621924428	-6.504738679651275	-6.609653757968914	-6.7097673265171665	-6.805496133609348	-6.897204955249181	-6.985214153805266	-7.069806318862057	-7.15123188861648
4.5	-4.878783628583904	-5.00637227746473	-5.135914196123215	-5.2679923827578055	-5.403547906114344	-5.544301144641018	-5.69116430206862	-5.83471882668861	-5.970176999027824	-6.097738624432764	-6.218141350925262	-6.332115982904296	-6.440310149343116	-6.543284282556767	-6.641521727947742	-6.735440593837854	-6.825404414723132	-6.911731095593695	-6.994700246107494	-7.0745591593283095
4.4	-4.808312665220996	-4.937104422345008	-5.0682072767407185	-5.202436165722631	-5.341308293721959	-5.488525969810532	-5.639553586928022	-5.7819432340732	-5.915335807258315	-6.040663561420952	-6.158835573337492	-6.270637223170642	-6.3767345075924995	-6.477692628275088	-6.57399409738574	-6.666053835276479	-6.754231270804935	-6.838839953107541	-6.920155200512566	-6.998420223774021
4.3	-4.739779357104641	-4.869931633832882	-5.002856895090613	-5.139753247116682	-5.283492575697299	-5.440348369297452	-5.5908612358017855	-5.730950413884859	-5.861848006412713	-5.984710386274195	-6.100503700883647	-6.210027893529404	-6.313949585083851	-6.41282962234919	-6.507144488068013	-6.59730272506027	-6.683657582738427	-6.7665168430625044	-6.84615053623737	-6.92279706466675
4.2	-4.67330596420642	-4.80501654220357	-4.940119890638313	-5.080529711642731	-5.236028981688549	-5.396239696021768	-5.544108339640026	-5.681362541011302	-5.809506360612738	-5.929745446332331	-6.043051255128632	-6.150217158994222	-6.251900057314887	-6.348650738249336	-6.440936232545716	-6.529156516674501	-6.6136571893508735	-6.694739236036985	-6.772666654575916	-6.847672485871697
4.1	-4.609034638500759	-4.742559489218296	-4.880356785600849	-5.026097890978043	-5.19717065354906	-5.354193630790998	-5.4987801809824575	-5.632924925119858	-5.758153864078481	-5.875660511198924	-5.986398376585641	-6.091143331015936	-6.190536675046817	-6.285115668579568	-6.375335695938122	-6.461586703529572	-6.544205620833288	-6.623485903147351	-6.699684972083288	-6.7730300939674315
4.0	-4.547134051641168	-4.6828179733220665	-4.824142372033098	-4.992390216879628	-5.160369411812457	-5.313532866361958	-5.454574757495843	-5.585458013372039	-5.707669029544984	-5.822366966420607	-5.930477153516775	-6.032752506782347	-6.129815519747323	-6.222187896017645	-6.3103120191741375	-6.394566861117909	-6.475279999960025	-6.552736853651692	-6.627187881153415	-6.698854273611956
3.9	-4.487809805340081	-4.626144830490521	-4.77271698583634	-4.961409554418884	-5.1248251355977885	-5.273923374343582	-5.411295732672755	-5.538829622243138	-5.657955758691378	-5.769791357206857	-5.875229412312686	-5.974997378990534	-6.069697322777305	-6.1598342860835515	-6.245836867090677	-6.328072487263987	-6.406858938970024	-6.482473267639452	-6.555158705879119	-6.625130158675952
3.8	-4.431322020179447	-4.573078512723899	-4.755311984199387	-4.931460874852856	-5.090209048194653	-5.2351647488246655	-5.368805658536472	-5.492938821513438	-5.608936470274182	-5.71787204596749	-5.820604938387364	-5.917836224884694	-6.010146861997315	-6.098024713194084	-6.181884189861955	-6.262080846505047	-6.338922436372165	-6.412677426822502	-6.483581655342397	-6.551843600686736
3.7	-4.378018225097865	-4.524651451351641	-4.73146776924741	-4.9022699704942765	-5.056335479556919	-5.197122734709943	-5.327003009950202	-5.447706202159566	-5.560547388474479	-5.666556712803356	-5.766560058427913	-5.861232060131485	-5.9511324364127995	-6.036731724143442	-6.118430002061835	-6.196570822206876	-6.27145177648506	-6.343332645557382	-6.412441775931803	-6.478981135777276
3.6	-4.328405049217037	-4.521164603905866	-4.708181990294717	-4.873684928641552	-5.023083589065412	-5.159700795539633	-5.285809724978568	-5.403067733862082	-5.51273525012175	-5.615800475269488	-5.713056512571694	-5.805151935311017	-5.892625413291809	-5.975930239024594	-6.055452181033618	-6.131522778360515	-6.204429433470109	-6.274423203555429	-6.3417249038479175	-6.406529951049172
3.5	-4.283353147342415	-4.504361947683703	-4.685347577434887	-4.845607528401869	-4.990367879493256	-5.1228260041119285	-5.2451638936728715	-5.358970726528762	-5.465454954169147	-5.56556445992647	-5.660060554664554	-5.749566352050591	-5.834599839751899	-5.915597287443844	-5.992930284651605	-6.066918431905196	-6.1378389808710345	-6.205934281235034	-6.27141761861885	-6.334477851028458
3.4	-4.282564544908877	-4.487851406319249	-4.662894151510823	-4.817968445957639	-4.958124400530217	-5.086441225109443	-5.205015194811515	-5.315371078042128	-5.418667848422077	-5.515814704600919	-5.607542230659732	-5.694448777949058	-5.777032110319409	-5.855711776886322	-5.930845387647475	-6.002740735714755	-6.071665007155448	-6.137851898301477	-6.2015071981876275	-6.262813224710323
3.3	-4.273215552599067	-4.471590501338573	-4.6407714772938125	-4.790715865497282	-4.926303372562419	-5.050500424783687	-5.1653219035371905	-5.27223133922777	-5.372340456090393	-5.466521304721013	-5.555474796076049	-5.639775242457608	-5.71990068240781	-5.796254289765898	-5.869179935196614	-5.938973771946949	-6.005893037402959	-6.0701628558734715	-6.131981575936512	-6.191525013545148
3.2	-4.263987461850784	-4.455548251614449	-4.618941692867021	-4.763809449397534	-4.894864863927975	-5.014965681594955	-5.126048848467619	-5.229519316175896	-5.326443512101446	-5.417657741673069	-5.503834242347857	-5.58552399892262	-5.663185832498683	-5.7372069057358015	-5.807917612251478	-5.875602655200405	-5.940509461053358	-6.002854682286825	-6.0628292998663476	-6.12060268060665
3.1	-4.254866435522943	-4.439700944385349	-4.597375131680834	-4.737216824294828	-4.86377608067167	-4.979805188336071	-5.087165969648623	-5.187207036732405	-5.280951221809828	-5.369200348437509	-5.452598908885596	-5.531675240713654	-5.606869446756976	-5.67855304606537	-5.747043227063656	-5.812613444790429	-5.8755014654823485	-5.935915582574757	-5.994039494040915	-6.050036181097234
3.0	-4.245841676120941	-4.424029781785904	-4.576047859450398	-4.710911385285836	-4.8330095766728665	-4.944991864736817	-5.04864727161684	-5.145269970442673	-5.2358406822660175	-5.321127879944305	-5.401749163024487	-5.478210861656912	-5.5509348407337376	-5.62027733719872	-5.686542607384785	-5.749993065400469	-5.810856975085919	-5.869334391536267	-5.925601822327996	-5.97981593428034
2.9	-4.236904496893032	-4.408519458214928	-4.554940120868549	-4.684870848692384	-4.802542021740798	-4.910502363073549	-5.010470044881076	-5.103686429080852	-5.191091424285286	-5.273421164203337	-5.351267134111906	-5.425114252880697	-5.495366603643605	-5.562365490943636	-5.6264025079352225	-5.687729235361251	-5.746564595508799	-5.803100530246927	-5.857506454413402	-5.909932796880845
2.8	-4.22804774171678	-4.393157245865713	-4.534035308183423	-4.659076257138178	-4.772353324692469	-4.8763163363027	-4.972614274917852	-5.062437098550729	-5.146685045657051	-5.226062816408076	-5.301136491071899	-5.372370129703658	-5.440150463431017	-5.504804199061878	-5.566610527851449	-5.625810401835164	-5.682613562634925	-5.737203965831946	-5.78974403402591	-5.840378037958411
2.7	-4.219265402703184	-4.377932378208927	-4.513319247696387	-4.633511271760728	-4.742425991385834	-4.842415887108358	-4.935062185371035	-5.021504668142671	-5.102604914079653	-5.1790370026336845	-5.2513422551298685	-5.319964383418604	-5.385273169458113	-5.447581040330004	-5.507155036952342	-5.564225682226088	-5.618993695956368	-5.671635174302736	-5.722305649285726	-5.771143315232506
2.6	-4.210552357168645	-4.36283561819544	-4.49277968947156	-4.60816165419866	-4.712744643492206	-4.808785144991033	-4.897797879356426	-4.980873533144267	-5.0588359241215475	-5.132329242967815	-5.201870641167096	-5.267883953800682	-5.330722390167673	-5.3906843984061865	-5.448025109791126	-5.5029648111862315	-5.555695355954468	-5.6063851062508565	-5.655182805073192	-5.702220652819385
2.5	-4.201904180365823	-4.347858946235849	-4.472405932144374	-4.583014878289791	-4.683295650364881	-4.77540993609086	-4.860807053833763	-4.940529553549606	-5.015364296537057	-5.085926246277118	-5.152708922543242	-5.216116718947756	-5.276486623508328	-5.334103389072357	-5.389210466578962	-5.442018092646017	-5.492709405137016	-5.541445155193484	-5.588367397305657	-5.633602420328664
2.4	-4.19331700829356	-4.332995328770549	-4.452188540541696	-4.55805983298277	-4.654066842426615	-4.742277521541461	-4.824076769308466	-4.900459856252338	-4.972177411145545	-5.039815770568842	-5.103845315279113	-5.164651399683399	-5.222555118269641	-5.277827795623711	-5.330701420175201	-5.381376356347271	-5.430027172407074	-5.4768071283699005	-5.521851689006613	-5.565281313259042
2.3	-4.1847874347500875	-4.31823854277207	-4.43211912886071	-4.533286590975153	-4.625047284561718	-4.709376387375674	-4.787595262057242	-4.860652671358448	-4.929263666572326	-4.99398650422447	-5.0552688783092234	-5.113477476251539	-5.168917804773203	-5.221848011351936	-5.2724888284374405	-5.321030918412012	-5.3676404204582004	-5.412463219797194	-5.455628288051068	-5.497250334627836
2.2	-4.176312432480749	-4.303583040104909	-4.412190191276199	-4.50868622572637	-4.596227094498062	-4.676696073827861	-4.751351789474251	-4.821097195570528	-4.886612361685406	-4.948427964380291	-5.0069694271512395	-5.06258511543245	-5.115565233613165	-5.166154988217771	-5.214564051311779	-5.260973545527653	-5.305541315917468	-5.348405985403963	-5.3896901264733525	-5.429502777766901
2.1	-4.1678892917001455	-4.289023840942219	-4.392394967579765	-4.4842506647420475	-4.567597295476072	-4.644227035171541	-4.715336501526695	-4.7817834772708725	-4.8442135947045575	-4.90313040949278	-4.9589374588399755	-5.01196510653295	-5.062488521344603	-5.110740190935758	-5.156918912120559	-5.201196422374135	-5.243722401981704	-5.284628320072422	-5.324030441227654	-5.3620322102169
2.0	-4.1595155714121175	-4.274556448790294	-4.372727335170413	-4.459972570504631	-4.539149695430796	-4.611960523526699	-4.679540333019513	-4.742702319159962	-4.802058176818906	-4.85808476371505	-4.911164086369228	-4.9616088049652	-5.00967930218815	-5.055595555802572	-5.099545662572624	-5.141692121959002	-5.18217657331548	-5.221123436431312	-5.258642756296582	-5.2948324586528885
1.9	-4.151189060333666	-4.26017678186458	-4.353181721188994	-4.435845242786528	-4.510876786944986	-4.579888491700245	-4.643954912611292	-4.703845195220643	-4.760137557802808	-4.813282551168218	-4.863640981199294	-4.911508082341248	-4.957129684960847	-5.000713453692628	-5.042436951078406	-5.0824535785629985	-5.120897053000993	-5.157884845253962	-5.193520866048795	-5.227897594775998
1.8	-4.142907745145565	-4.24588111703277	-4.3337530302741	-4.411862537719386	-4.482771663667531	-4.5480035112984005	-4.608572485438824	-4.665204179465542	-4.71844376162183	-4.768715838550255	-4.81636032263967	-4.861655282184094	-4.904832214561001	-4.946086656723317	-4.985585794008582	-5.02347406303144	-5.059877371350074	-5.094906337327422	-5.12865881975275	-5.161221922108409
1.7	-4.134669784414802	-4.231666043550996	-4.314436584589464	-4.388018800150168	-4.45482794992423	-4.516298703210451	-4.573385846890646	-4.626771884447933	-4.6769693304096815	-4.724377184808174	-4.769314753118922	-4.812043180498431	-4.852779837433388	-4.891708308159293	-4.928985549571314	-4.964747160176097	-4.999111346406876	-5.032181966669597	-5.064050907159756	-5.094799963631752
1.6	-4.12647348696575	-4.217528424526938	-4.295228073604002	-4.364308806646523	-4.427039741001939	-4.48476767820214	-4.538388285585629	-4.588541407917855	-4.635707275501111	-4.680259596824752	-4.722497338517647	-4.762664950561492	-4.8009658705237515	-4.837571895182426	-4.872629894030578	-4.906266748075906	-4.9385930659865735	-4.969706034981757	-4.999691645075528	-5.028626450212139
1.5	-4.1183172937822174	-4.203465364548514	-4.276123511704914	-4.340727717121152	-4.399401552145367	-4.453404485837165	-4.5035735340063825	-4.550506286316728	-4.594651034445544	-4.63635649025148	-4.675901532873768	-4.713514131391329	-4.749383973300841	-4.783671224202914	-4.8165128000167385	-4.848026979094846	-4.8783168711106	-4.907473077233416	-4.935575764845316	-4.96269630975827
1.4	-4.110199762742088	-4.189474182282801	-4.257119202162722	-4.317271033494511	-4.3719082747244205	-4.422203570310261	-4.468935725540848	-4.512660454047533	-4.553794433116584	-4.592661654764855	-4.629521146878512	-4.664584599430414	-4.6980281224828335	-4.73000039842894	-4.76062851671176	-4.790022262443815	-4.818277340712655	-4.845477848285631	-4.87169820068328	-4.897004657062305
1.3	-4.102119555646614	-4.175552387119063	-4.238211706292771	-4.293934564152346	-4.344555138347632	-4.391159732055868	-4.434469356921859	-4.474998207649868	-4.513131652184795	-4.549169223141116	-4.583350319671132	-4.6158705430495015	-4.6468925891543735	-4.676553797448129	-4.704971551716843	-4.732247248143304	-4.758469277502098	-4.783715310466923	-4.808054078782072	-4.831546784276414
1.2	-4.094075427125241	-4.161697659130539	-4.219397816902314	-4.270714393210421	-4.317337677940833	-4.360268094213964	-4.400169255240035	-4.437514174162187	-4.472657197343819	-4.505873643640685	-4.537383493514494	-4.5673664395328615	-4.595971918002389	-4.623326058604948	-4.649536654432624	-4.67469681225238	-4.698887694882469	-4.722180622023732	-4.744638707143606	-4.766318151981002
1.1	-4.086066215085989	-4.147907831781221	-4.200674535298445	-4.247606853795045	-4.290251704998948	-4.3295240732050395	-4.366030548852362	-4.400203283075995	-4.432365872779274	-4.46276965527252	-4.4916153909951735	-4.519067034253189	-4.545260908434561	-4.570312059984724	-4.59431880080162	-4.617366043246009	-4.6395278048328965	-4.660869126374124	-4.681447566076606	-4.701314380803634
1.0	-4.078090832449114	-4.134180876919532	-4.182039051275084	-4.224608504700118	-4.2632932823663285	-4.2989233528007365	-4.3320486416260895	-4.363060741385544	-4.392252757450839	-4.41985226557358	-4.446040994442958	-4.470967321784241	-4.494754597374653	-4.5175069048379335	-4.5393131792795955	-4.560250229434868	-4.58038500666907	-4.599776342099868	-4.618476299310892	-4.636531243550516
0.9	-4.070148259953738	-4.1205148916900995	-4.163488725608294	-4.201716109900263	-4.236458702017404	-4.2684618611837	-4.298219190051743	-4.326082011316769	-4.352313183824475	-4.377116730592524	-4.400655527307616	-4.42306252873294	-4.444448243555029	-4.464905907298213	-4.484515177917505	-4.503344847332863	-4.5214548766085825	-4.538897953617706	-4.55572070568234	-4.571964657815089
0.8	-4.062237539867395	-4.106908087064314	-4.145021074676168	-4.178926620493481	-4.209744465401955	-4.238135750576059	-4.264538082835321	-4.289262790384636	-4.31254271874639	-4.334558536811595	-4.3554544372668085	-4.375348098101248	-4.394337313148891	-4.412504579264761	-4.4299203724486755	-4.446645550887346	-4.4627331580726075	-4.478229802475913	-4.493176731346177	-4.507610679030847
0.7	-4.054357770459999	-4.093358777745056	-4.126633756888209	-4.1562371587213045	-4.183147265993341	-4.207941379085229	-4.231001422641769	-4.252598993481844	-4.272937146195812	-4.29217338477816	-4.310433380869562	-4.327819675012472	-4.344417466604068	-4.360298618334715	-4.375524515287388	-4.390148161495717	-4.404215752662376	-4.417767879226913	-4.430840462479652	-4.443465493937864
0.6	-4.046508101128599	-4.079865373244219	-4.1083245606639	-4.133645003774202	-4.1566639737378255	-4.177875294472019	-4.197605509712617	-4.216086736746222	-4.233492451691385	-4.2499571742489	-4.265588209545451	-4.2804730936574735	-4.294684546556672	-4.308283896684102	-4.321323525355093	-4.3338486587398	-4.345898711754738	-4.357508315831144	-4.368708118438298	-4.379525414434721
0.5	-4.0386877280790845	-4.066426369966283	-4.090091393744011	-4.111147579138173	-4.130291621151597	-4.147934219592071	-4.164346827122554	-4.179722322990955	-4.194204808157621	-4.2079059906761715	-4.220914956831629	-4.233304365334101	-4.245134566717295	-4.256456450807292	-4.267313478659349	-4.277743171776206	-4.287778228666277	-4.2974473785511424	-4.3067760453328265	-4.315786871789643
0.4	-4.030895890486882	-4.053040344158962	-4.071932273653723	-4.088742441277624	-4.104027390851756	-4.118115039299473	-4.131222027474309	-4.143502228512536	-4.155070563084379	-4.166016092888553	-4.176409826688532	-4.186309667468512	-4.195763701634821	-4.2048124720348	-4.213490599558405	-4.22182797132705	-4.229850631340181	-4.237581461298484	-4.2450407099980705	-4.2522464111865155
0.3	-4.023131867071502	-4.03970594561455	-4.0538453191654265	-4.066427269481622	-4.077868604340051	-4.0884147886327	-4.098227920860069	-4.107423091117029	-4.116086226834786	-4.124283901836755	-4.132069182791135	-4.1394853335202955	-4.146568277253715	-4.153348297757979	-4.15985125265126	-4.166099462220739	-4.172112375514203	-4.177907079399346	-4.183498694315597	-4.188900686583294
0.2	-4.015394973030177	-4.02642189202386	-4.035828742632713	-4.044199856726869	-4.051812711885109	-4.058830642128996	-4.065361463941736	-4.071481699226919	-4.077248461975922	-4.082705990292288	-4.087889538696362	-4.092827843684744	-4.0975447621900605	-4.102060403296747	-4.106391935239126	-4.110554176437439	-4.114560038331929	-4.118420863747429	-4.122146689891642	-4.125746455861946
0.1	-4.007684557284381	-4.0131869638998054	-4.017880843086464	-4.022058101432525	-4.025857283371161	-4.029359904135053	-4.032619750022598	-4.035674981949093	-4.038554073522821	-4.041279073400313	-4.043867548799172	-4.046333816315574	-4.048689759659825	-4.050945394353219	-4.053109270309646	-4.055188766618131	-4.057190312362863	-4.059119555315596	-4.060981493028924	-4.0627805762506055
