v(ω₀)|α↓|ω→	0.1 ω₀	0.2 ω₀	0.3 ω₀	0.4 ω₀	0.5 ω₀	0.6 ω₀	0.7 ω₀	0.8 ω₀	0.9 ω₀	1.0 ω₀	1.1 ω₀	1.2 ω₀	1.3 ω₀	1.4 ω₀	1.5 ω₀	1.6 ω₀	1.7 ω₀	1.8 ω₀	1.9 ω₀	2.0 ω₀
0.1	2.1232682118345596	2.8918201243777	3.4619410261043835	3.9331467081111406	4.342940124362182	4.710166131424755	5.0458308430520145	5.356999420289728	5.648513821143298	5.923856047219884	6.1856244663884326	6.435815791287457	6.676001448229451	6.90734528674061	7.1310697956652085	7.347932395343969	7.558647771744412	7.7638215352916236	7.963971771489717	8.159545450475115
0.2	2.120858345401215	2.8885853527334273	3.458260155984288	3.929211590869001	4.338868696991911	4.706038732452465	5.041705841761348	5.352921130637219	5.6445169629453265	5.919968460979059	6.181868867327832	6.432210954866299	6.672563044143669	6.904184087505403	7.128101709306752	7.345166771845889	7.556092533783927	7.7614833906245835	7.961856384416875	8.157657581674286
0.3	2.118458308781658	2.8853545100747966	3.4545790738802413	3.925273864653531	4.3347937271179084	4.701908059215079	5.037578820423173	5.348842886135024	5.6405228823446105	5.916086933645572	6.178123057673861	6.428620004129599	6.669142917011341	6.900948187672761	7.125061339972298	7.342331487779271	7.5534704166933695	7.759081267806707	7.959680005665112	8.155711764038811
0.4	2.1160501048820444	2.882106010035391	3.4508736007286194	3.92130725111525	4.330687150264209	4.697744484827081	5.033418759712329	5.3447324087932495	5.636498150867814	5.91217697471466	6.174351558648941	6.425006533351408	6.665703785217051	6.897697075821523	7.122009769549719	7.339489181417235	7.5508455804223145	7.7566808158997835	7.957509742564069	8.153776533732149
0.5	2.113630945203429	2.8788363440281945	3.4471396736056317	3.917307242793931	4.326544101629993	4.693542858948866	5.029220284072809	5.340584148334773	5.632437085764468	5.908232803972052	6.170548521328322	6.421364648267967	6.662239727938908	6.894424819262087	7.118941064744104	7.336633927075414	7.548212112645017	7.754276139460204	7.955339718409956	8.151846032994563
0.6	2.111199929766275	2.875544242800792	3.443375715255777	3.91327201750127	4.322362574260143	4.689301044848503	5.024981175392911	5.336395847112418	5.628337425322071	5.904252185263601	6.166711759361452	6.417692231841711	6.658748712730515	6.891129481629374	7.115853393645696	7.33376400282841	7.545568404619148	7.7518657441338545	7.953168552669223	8.149918993250559
0.7	2.10875661719453	2.8722289758328614	3.4395807410116284	3.909200388555784	4.318141234600742	4.685017614351207	5.020699958083765	5.332166023393207	5.624197716912005	5.900233724518121	6.162839961392363	6.413988074675637	6.655229647085051	6.887810098482548	7.112745927654459	7.330878720919588	7.542913911955998	7.749449229333593	7.950995987296247	8.147995296262216
0.8	2.1063007190351777	2.8688899875839904	3.435753953518109	3.905091365745882	4.313878954117131	4.680691353552633	5.016375381209519	5.327893431773391	5.620016757148868	5.896176290929283	6.158932094144063	6.410251260944127	6.651681747966638	6.88446603090998	7.109618179857834	7.327977751220103	7.540248463546202	7.747026583043143	7.948822167601096	8.14607524142516
0.9	2.103832007964117	2.8655267880835233	3.4318946204843193	3.900944022630122	4.309574667628475	4.67632111316397	5.012006261690394	5.323576899903773	5.615793422680092	5.892078842195196	6.1549872225956594	6.4064809837377785	6.648104352614751	6.881096772034726	7.106469807247794	7.325060919402934	7.537572055805735	7.744597972157453	7.946647428804732	8.144159328526223
1.0	2.1013502838248805	2.862138912158489	3.4280020289718625	3.896757446585572	4.305227319739564	4.671905751789894	5.007591424828296	5.31921526662223	5.61152660623922	5.887940358805763	6.151004442658385	6.402676476336206	6.64449684846083	6.8777018756722255	7.103300538288847	7.322128133396236	7.534884778013331	7.742163666760592	7.944472219183642	8.142248179788123
1.1	2.0988553590090895	2.858725901807639	3.4240754652595293	3.8925307165544267	4.300835840717331	4.667444110283243	5.00312967740521	5.314807354071987	5.607215188006438	5.883759814825904	6.146982851545812	6.398836982282212	6.640858643054037	6.874280926166581	7.100110142632192	7.319179353007502	7.532186781866389	7.739724009546539	7.942297069387492	8.140342508993525
1.2	2.096347051477033	2.8552872975162433	3.420114204694474	3.888262891568245	4.296399133886538	4.662934998180765	4.998619793445604	5.3103519529887615	5.602858020673808	5.879536162912715	6.142921532909265	6.3949617407501185	6.637189149707069	6.870833524359193	7.096898417462646	7.316214576631734	7.529478268509874	7.737279403155244	7.940122579994576	8.138443109255991
1.3	2.093825181096348	2.8518226335591255	3.4161175059364517	3.8839530039509516	4.291916067934294	4.658377185341015	4.994060505377659	5.3058478136769205	5.598453920414718	5.8752683254882125	6.138819548363752	6.391049978521412	6.633487780037716	6.867359280721528	7.093665181213354	7.313233835561363	7.52675948339947	7.734830305536548	7.937949417342728	8.136550849213025
1.4	2.0912895675743055	2.8483314351448987	3.41208460721844	3.879600054697299	4.2873854715019935	4.653769395933596	4.989450497696975	5.301293639563209	5.594001660587441	5.870955188785992	6.13467593203243	6.387100905179056	6.629753939839773	6.8638578119737454	7.090410270952523	7.310237192089619	7.524030715103987	7.732377229403429	7.935778313540183	8.134666673548466
1.5	2.0887400292151312	2.84481321656319	3.408014723655005	3.875203009901966	4.282806128854867	4.649110303565834	4.984788401774096	5.296688081971442	5.589499966726028	5.866595598282025	6.130489686604944	6.383113709890881	6.625987026716915	6.860328739585025	7.087133541751128	7.307224739739558	7.521292296337266	7.729920743983055	7.933610068888632	8.132791605987096
1.6	2.0861763821209256	2.8412674797760995	3.4039070450388453	3.8707607977017027	4.278176776044751	4.644398526861142	4.9800727911540665	5.292029735425056	5.584947512127145	5.862188354799209	6.126259780145736	6.379087559081914	6.622186428691003	6.85677168936882	7.083834867264725	7.304196604803192	7.518544606394542	7.727461478289661	7.931445555889588	8.130926753944049
1.7	2.083598439636297	2.837693713326063	3.399760733925567	3.866272305435434	4.273496097253034	4.639632625216773	4.975302177009092	5.287317133120463	5.580342913640762	5.857732210899989	6.121985143299019	6.3750215945990805	6.618351523422058	6.8531862918040165	7.080514141158853	7.301152948823562	7.515788074630672	7.725000125515927	7.929285724439291	8.129073314418227
1.8	2.0810060119525664	2.8340913913956545	3.395574923825139	3.861736376865819	4.268762721128539	4.634811094505627	4.970475003523967	5.282548742355292	5.575684727486005	5.853225867363266	6.117664666666504	6.370914932159198	6.6144816778315425	6.849572182879136	7.077171279170494	7.298093971833143	7.513023184795814	7.722537448355259	7.927131608045047	8.12723258097673
1.9	2.078398905811118	2.8304599729241877	3.3913487174248163	3.857151809366836	4.263975217036216	4.629932362622924	4.9655896431079185	5.277722959780545	5.570971444917758	5.848667969601438	6.1132971982356	6.366766659951959	6.610576248036829	6.845929005384108	7.073806221739339	7.295019916274387	7.510250480160188	7.72007428522282	7.924984330997461	8.12540595174286
2.0	2.0757769242349466	2.8267989007806467	3.3870811847855644	3.852517351009575	4.2591320910988895	4.624994784773996	4.960644391307206	5.272838106376874	5.56620148767719	5.844057103948632	6.108881540785868	6.362575837453257	6.606634579538607	6.842256410594784	7.070418937189683	7.291931071603183	7.50747056943104	7.7176115573551645	7.922845116512987	8.123594938426876
2.1	2.0731398663138507	2.823107600941938	3.3827713614989614	3.84783169749309	4.254231782008979	4.619996638449043	4.955637461369346	5.267892422077489	5.561373203140633	5.839391793738233	6.104416449223118	6.358341494123477	6.602656007645957	6.8385540603687645	7.067009425460421	7.288827779587352	7.504684133498135	7.715150276854858	7.920715295904365	8.121801176443313
2.2	2.070487527028919	2.8193854816558552	3.3784182467455546	3.843093488898602	4.249272656535354	4.614936118009487	4.95056697837062	5.262884059970617	5.556484859109071	5.834670495130005	6.099900627803504	6.354062628376736	6.598639858149152	6.834821629661923	7.063577722445669	7.285710440369914	7.501891933084794	7.712691555747562	7.9185963188594775	8.120026436215149
2.3	2.0678196970375473	2.8156319325971118	3.3740208012631387	3.8383013062126756	4.2442530046907	4.609811328828125	4.9454309728505175	5.257811080008152	5.551534638170389	5.829891592636358	6.095332727219689	6.34973820641528	6.594585448253617	6.831058809520881	7.0601239050056765	7.282579519384638	7.499094817397816	7.710236616178669	7.916489764956126	8.118272635776387
2.4	2.0651361625410853	2.8118463239797697	3.3695779451830794	3.8334536676064177	4.239171034504409	4.604620280929407	4.9402273738774065	5.252671442158034	5.54652063158122	5.825053394303239	6.090711341533296	6.345367161337947	6.590492087811331	6.8272653106008026	7.056648096717222	7.279435555214419	7.4962937339043485	7.707786801866969	7.9143973565476085	8.116541854834546
2.5	2.0624367050750987	2.808028005640066	3.3650885557368277	3.828549024428569	4.234024866357859	4.599360882056019	4.934954001475277	5.247462998916163	5.541440832598919	5.820154126498243	6.0860350049282586	6.340948392130164	6.586359080891025	6.823440867298778	7.053150474499976	7.27627916854333	7.493489739382482	7.705343590996378	7.912320973202856	8.114836350462003
2.6	2.0597211013619927	2.8041763060720184	3.3605514648018664	3.823585756875169	4.228812526817366	4.594030930087776	4.929608558319871	5.2421834871021025	5.536293129191063	5.815191928263856	6.081302188271817	6.336480762846074	6.582185727755477	6.819585242583624	7.049631276216952	7.273111072341394	7.4906840124290985	7.702908610728258	7.91026266789435	8.113158574626878
2.7	2.056989123141727	2.800290531262871	3.3559654562808205	3.8185621693153187	4.223531941918884	4.588628104744026	4.92418862062053	5.236830518844099	5.5310752960472325	5.81016484517708	6.076511295470062	6.331963101894288	6.577971327307498	6.815698233651714	7.046090809426685	7.269932083482938	7.48787786763013	7.700483653571206	7.908224685181461	8.111511193803217
2.8	2.0542405369861507	2.796369964221661	3.3513292632876537	3.8134764852156473	4.21818092982861	4.583149958462496	4.918691628075811	5.231401571639475	5.525784985803885	5.805070822662736	6.071660659602014	6.327394201487295	6.573715180102876	6.811779678542338	7.042529461460336	7.266743136012388	7.48507277165315	7.698070695874829	7.906209481666246	8.109897110952419
2.9	2.051475104128658	2.7924138629535493	3.346641565125737	3.808326841630372	4.212757192804825	4.577593906362754	4.9131148727813	5.225893977382244	5.5204197193741775	5.799907698698527	6.0667485388252755	6.32277281729674	6.569416592042886	6.807829463885661	7.038947711053178	7.2635452963275	7.482270361548888	7.6956719187644715	7.904219749050548	8.10831949019575
3.0	2.0486925802851266	2.788421459857566	3.341900984038618	3.8031112832063325	4.207258308381955	4.571957215171121	4.90745548695293	5.2203049102045025	5.514976875275567	5.794673195833393	6.061773112037182	6.318097668389319	6.565074878875161	6.803847533992061	7.035346141793151	7.260339780593712	7.479472465621795	7.693289731892388	7.902258440177224	8.106781784567044
3.1	2.0458927154608224	2.7843919603069747	3.337106081704982	3.797827755644727	4.201681719675367	4.5662369909710225	4.9017104293007225	5.214631372977472	5.509453677812951	5.789364912449272	6.056732474295294	6.3133674375109585	6.560689371678013	6.799833901523627	7.031725457706154	7.257127974765516	7.476681127279424	7.6909268004480005	7.900328798506335	8.105287767293214
3.2	2.04307525375799	2.7803245413000095	3.332255355459519	3.792474098562231	4.1960247246952225	4.560430165615937	4.89587646986665	5.2088701822818155	5.503847183966806	5.783980313168167	6.051624631988789	6.308580771828663	6.556259423531601	6.795788660062429	7.028086501368726	7.253911457664082	7.473898632359953	7.688586075938352	7.898434391559247	8.103841567127837
3.3	2.040239933176299	2.7762183500255517	3.3273472342024006	3.7870480376756	4.190284464546206	4.5545334816317515	4.889950173104726	5.2030179516217725	5.498154268801181	5.778516718304721	6.046447497770593	6.303736284252914	6.551784417625983	6.791711998933734	7.024430275007838	7.250692027656037	7.471127540524703	7.686270831374245	7.89657914895463	8.10244770835051
3.4	2.0373864854008406	2.7720725023357615	3.3223800739784264	3.7815471762341466	4.184457910363121	4.548543475382631	4.883927878948437	5.197071072628905	5.492371609184109	5.7729712922522545	6.041198885260259	6.298832555510744	6.5472637771254005	6.787604220740438	7.02075796515755	7.247471733580107	7.468370721433913	7.683984701584497	7.894767405776138	8.101111156164048
3.5	2.0345146355869153	2.7678860811143786	3.3173521531763472	3.7759689856075034	4.178541848809953	4.542456458256601	4.877805681556506	5.191025693943688	5.486495665568238	5.767341030660713	6.035876503549359	6.293868137168875	6.542696977173529	6.783465762163967	7.017070971560417	7.244252910714667	7.465631396544763	7.681731729548479	7.893003952155986	8.099837368334008
3.6	2.0316241021334633	2.763658134543933	3.3122616673220646	3.7703107949214996	4.172532865948298	4.536268495573036	4.871579405381617	5.184877697413564	5.480522661541058	5.761622746265703	6.030477951551814	6.2888415558806345	6.5380835595282445	6.779297218709235	7.013370941157715	7.241038222746061	7.462913187574054	7.679516419801351	7.891294090119024	8.098632354093576
3.7	2.02871459644677	2.759387674247586	3.307106723411722	3.764569779625704	4.166427329239346	4.529975382865139	4.865244578129978	5.178622671171228	5.474448560795839	5.755813053192136	6.0250007122654345	6.283751319190727	6.5334231504345235	6.775099374250659	7.0096598082091806	7.237830710907233	7.46022017286794	7.6773438001856835	7.889643698946702	8.09750274150754
3.8	2.025785822694369	2.755073673304762	3.3018853337398624	3.7587429488479973	4.160221367410901	4.523572619121822	4.858796400100695	5.172255879074757	5.468269041112353	5.7499083495370025	6.019442147051132	6.278595923340094	6.528715482502357	6.770873236429233	7.005939841825762	7.23463385173184	7.457556953202645	7.675219493492317	7.888059310564192	8.096455854735716
3.9	2.0228374775497904	2.7507150641287703	3.2965954091648486	3.7528271313837203	4.15391084786758	4.517055376496565	4.85222970928987	5.165772225879442	5.461979464851457	5.743904798011814	6.013799490078296	6.273373863634923	6.523960421569101	6.7666200792336415	7.0022137025144895	7.231451625195579	7.45492872888281	7.673149800861277	7.886548196772736	8.095499802907224
4.0	2.019869249921631	2.746310736191151	3.2912347517427283	3.7468189601240915	4.147491351266564	4.510418465893879	4.845538941510866	5.159166217383789	5.4555748453695925	5.7377983043863106	6.0080698431491895	6.268083648121278	6.519157999782108	6.762341494439047	6.998484509736386	7.228288595454038	7.452341390430799	7.671141799233476	7.885118470522749	8.094643582664878
4.1	2.016880820676511	2.7418595335779323	3.285801046669074	3.740714854712902	4.140958142811618	4.503656297718479	4.8387180846304565	5.152431914619989	5.449049808634306	5.73158449345452	6.002250171210822	6.262723815525568	6.514308456506588	6.75803945403301	6.9947559229969185	7.225150006928935	7.4498016257101	7.669203455654541	7.883779203911268	8.0938971968688
4.2	2.013871862343441	2.7373602523707423	3.280291853426321	3.734511002174627	4.134306139727372	4.496762836926088	4.83176062580768	5.145562880950879	5.442398549166536	5.725258682192642	5.99633729898684	6.257292958737014	6.5094122891180115	6.753716386353333	6.991032239660264	7.22204189919996	7.447317047018118	7.66734376189743	7.882540566168823	8.09327179245574
4.3	2.0108420388085793	2.7328116378259355	3.274704596059799	3.728203335216846	4.127529874273027	4.489731551325403	4.8246594903725715	5.138552120665038	5.435614779236388	5.718815849752765	5.99032790934512	6.2517897555174144	6.50447031638066	6.749375269448425	6.987318513563881	7.21897124507619	7.444896342577828	7.665572893689913	7.881413985657001	8.09277982111806
4.4	2.0077910049922294	2.728212381340102	3.2690365524603044	3.721787507853511	4.120623451521056	4.482555351837621	4.817406970647641	5.13139200731374	5.428691669993281	5.712250603895173	5.9842185442693205	6.246213008693863	6.499483757947196	6.745019746227611	6.983620699674468	7.215946117412309	7.442549458007453	7.66390239990386	7.880412340831202	8.092435227260363
4.5	2.004718406514842	2.723561117178544	3.263284842535027	3.715258867936248	4.113580500960461	4.4752265231230774	4.809994642595445	5.12407419958566	5.42162178288639	5.705557143427901	5.97800560967212	6.2405616988826855	6.494454334682036	6.740654267378935	6.979945831583418	7.212975891810227	7.440287814850827	7.662345428419609	7.879550186318404	8.09225366870589
4.6	2.0016238793415013	2.718856418945125	3.2574464151151608	3.708612426093399	4.1063941207803865	4.467736642591019	4.802413267613689	5.11658954192479	5.414396989323928	5.698729216214415	5.971685385813563	6.2348350538866395	6.489384396098939	6.736284269972719	6.976302240727253	7.210071494437407	7.4381245752111695	7.660916997142949	7.878844021780508	8.092252776901642
4.7	1.9985070494135675	2.7140967957667392	3.251518033438827	3.7018428204914473	4.099056813427008	4.460076485304962	4.794652676081662	5.108927946313204	5.407008375974109	5.691760072312921	5.9652540458582095	6.229032640477168	6.484277083429802	6.731916402323477	6.972699829069096	7.207245706997719	7.43607496414093	7.659634320955243	7.8783126131862735	8.092452464974027
4.8	1.9953675322605404	2.7092806881639806	3.245496259008398	3.6949442766991067	4.091560410694735	4.452235911638784	4.786701628280853	5.1010782505950525	5.399446132404111	5.684642411889117	5.958707686241148	6.223154486503334	6.479136539981054	6.727558809393823	6.969150410880575	7.2045135446851525	7.434156664896538	7.658517208383424	7.877977378640879	8.092875294029577
4.9	1.992204932590737	2.7044064635769844	3.2393774335970527	3.68791056180815	4.083895986186315	4.444203733670637	4.778547647015874	5.093028047294867	5.39169941680699	5.6773683277060165	5.9520423742091975	6.2172012445312435	6.47396818493872	6.723221498259284	6.965668144703814	7.201892728158879	7.432390306849253	7.657588545781678	7.877862854196211	8.093546910709518
5.0	1.9890188438639818	2.699471936451209	3.233157659137757	3.6807349317520317	4.076053752428009	4.435967555139624	4.770176814476541	5.084763474920949	5.383756194286718	5.669929242351172	5.945254220475046	6.211174413024205	6.4687790733221675	6.718916810649203	6.962270084230053	7.199404277763536	7.4308000721799745	7.656874892131535	7.87799725936878	8.094496572353936
5.1	1.9858088478410996	4.336628016708142	3.226832775180647	3.673410070561848	4.068022939259108	4.427513578225863	4.7615735234239525	5.07626896100769	5.37560304043439	5.662315841029143	5.938339488892185	6.2050766383112475	6.463578374466706	6.714660040475634	6.958976887767911	7.197073268316029	7.429414456217241	7.656407214746512	7.878413187745516	8.095757780459522
5.2	1.9825745141100342	4.905542285166971	3.2203983335505018	3.6659280199822537	4.059791648734233	4.4188263682747735	4.752720169320451	5.067526902256162	5.367224900515749	5.654518001999719	5.931294761283761	6.1989121316732465	6.4583780159725155	6.710470250374769	6.9558137418261525	7.19492979708947	7.428267228384083	7.656221805904339	7.8791484555837465	8.097369048726618
5.3	1.9793153995876958	5.268595628494524	3.213849569765081	3.6582800975094902	4.05134668180732	4.4098885646077015	4.743596765090146	5.058517261486406	5.358604791207749	5.6465247290235565	5.924117185554036	6.192687253197028	6.453193562429792	6.706371365533327	6.952811577692458	7.1930102382459635	7.427398657755381	7.656361433786254	7.880247151363646	8.099374839313596
5.4	1.9760310479940377	5.568861088198918	3.207181370693462	3.650456321893697	4.04267332817453	4.400680521379385	4.734180453004256	5.049217052776376	5.349723426986454	5.6383240943689446	5.916804851616997	6.186411342066729	6.448045433352425	6.70239366033432	6.950008694918403	7.191358887103592	7.426857091461072	7.6568767996125855	7.881760942804703	8.101826710505577
5.5	1.9727209892998552	5.8347980021037635	3.200388237833181	5.006273225799331	4.033755110471368	4.391179856434639	4.724444877507775	5.039599673527912	5.3405587462598785	5.629903208683935	5.909357367375744	6.180097918122717	6.442960621306069	6.698575811887032	6.94745295918425	7.190030142407673	7.426701009142534	7.657828398753441	7.883750716250443	8.104784731632682
5.6	1.9693847391424577	6.078176883787169	3.1934642454514197	5.4780231887958095	4.024573003139142	4.381360877345028	4.714359366553791	5.029634022571503	5.331085301950267	5.62124824864247	5.901776755187927	6.173766458251142	6.437975164859406	6.6949677887767365	6.945204825712262	7.189091442523248	7.427001727826647	7.659288920226562	7.886288648465407	8.108319237733586
5.7	1.966021798211455	6.305221702804408	3.1864029926887305	5.810681751704351	5.323514322174782	4.371193840730093	4.703887843646434	5.019283311987127	5.321273465574604	5.612344601530785	5.894068876241736	6.167445086657343	6.433137791043908	6.691634999518493	6.943341573293004	7.188627275958573	7.4278470075781335	7.661346371364306	7.889460845483416	8.112513018523853
5.8	1.9626316515975932	6.519697425561727	3.1791975485224944	6.091804997765211	5.7639264279852	4.360643532088766	4.692987351971124	5.0085034281969385	5.311088369747736	5.603177242467483	5.886245753940253	6.161174768387711	6.428515425720567	6.688664392118287	6.941963353934604	7.188744751213823	7.429345922963631	7.664108190117226	7.89337073101232	8.117464065427146
5.9	1.9592137681069686	6.724087245092975	3.171840388238741	6.34343857263594	6.0833756846307585	5.647900343196659	4.681606004029378	4.997240607944836	5.300488476166747	5.593731578101067	5.87832949101523	6.155016073911123	6.424201794731676	6.686173669108564	6.94120203519141	7.1895814761829016	7.431635541282285	7.667706717982215	7.898143433410683	8.123289038990155
6.0	1.9557675995363109	6.92013149749102	3.164322924059101	6.575240167674332	6.35556337270745	6.054923135864046	4.669679625133278	4.985427600874352	5.28942359578512	5.583995251441445	5.870359154190777	6.1490605527444675	6.420330886324046	6.6843256557656705	6.941234462634849	7.191316935472792	7.434890223007725	7.672306033951673	7.903931512810686	8.130127669560249
6.1	1.9522925799036994	7.109106243872497	6.958930984138413	6.7924703491774485	6.600280560346598	6.360129686919428	5.981823444638748	4.97298062741466	5.277832091606425	5.573962019613421	5.862403532910167	6.14345085737456	6.4171029080552096	6.683351550784728	6.942302949842736	7.194189297334734	7.439334795458404	7.678114675583369	7.910922498419517	8.138148369431349
6.2	1.948788124635508	7.291980446828034	7.151504265746739	6.998371748065178	6.826366777982007	6.622788243264937	6.352649851136185	4.959786326865749	5.265636847503857	5.563640413168842	5.854586469064083	6.138418714241551	6.414821818685169	6.683590253954301	6.944748035091946	7.198520879314561	7.44526355293287	7.685394140106638	7.919348882522867	8.14755541674866
6.3	1.945253629708072	7.469510735101545	7.337303670732848	7.195111631431567	7.038687342947586	6.860188215194521	6.642022272723298	6.322737604547184	5.252739020709012	5.553074537849696	5.847142011385418	6.1343628184580155	6.4139810353795905	6.6855585527278265	6.949062969158476	7.204757833888274	7.45306818345301	7.694483580392414	7.929501454597185	8.158598169245646
6.4	1.9416884707318736	7.642301602297614	7.517244104669141	7.384224205914753	7.240261651576223	7.080262401058022	6.894241464536229	6.657008896986915	6.229827340680758	5.542400365807703	5.840551231272102	6.132027852499847	6.415430975523975	6.690084949499374	6.9559886490596	7.213533929913854	7.463279607559407	7.705824407137225	7.941747161364425	8.171582870014351
6.5	1.9380920019833845	7.810845297997473	7.692042239143603	7.566843322425279	7.433117662815798	7.287440887757647	7.123726961160731	6.929221874101552	6.666549081163056	5.532031525080108	5.835956569400284	6.132989574670562	6.420781917408538	6.698587010558263	6.96668820234312	7.225776481675072	7.4766317886296845	7.719999582107976	7.956553023513868	8.186887688885713
6.6	1.9344635553783613	7.975549201440224	7.8622721716059925	7.743835532269319	7.618696386906052	7.484498832663847	7.337361784638784	7.170115338579871	6.96663583219873	6.669806814485567	5.836957503906724	6.141371122635001	6.433539285599737	6.713711196237212	6.983088572248931	7.242888107614174	7.494160378135389	7.737788735149907	7.974517921478258	8.204981629196856
6.7	1.9308024393760856	8.13675516571334	8.028402469862653	7.9158811595844325	7.798066038403584	7.673312622276572	7.539074264894239	7.39106979102845	7.221130701978122	7.009714373141451	6.6714988024314135	6.174409479825589	6.463329355518228	6.741029497422343	7.008594792184339	7.2670668144854735	7.517355583732435	7.760245619917519	7.996413962795673	8.226447658810454
6.8	1.9271079378181095	8.294753534889368	8.190821686496507	8.083526246959801	7.972045074809313	7.8552223311142635	7.731360061855017	7.5978122294236385	7.450094749691573	7.279560728369722	7.0652388676708595	6.718004933986883	6.551890818845565	6.794361560213302	7.049664392319441	7.301870360195556	7.5483932927601	7.788802823382563	8.023237844252122	8.25200956280786
6.9	1.9233793086896263	8.449793523564567	8.34985644667848	8.247217225938536	8.141277452904134	8.031225354825438	7.9159234606473445	7.793711021337182	7.662029591207518	7.516643191629271	7.349819722073747	7.145930017496971	6.899455615310165	6.913084674272824	7.119116769465139	7.353132983410951	7.590452499944838	7.825399574259946	8.056268254935038	8.282559937714332
7.0	1.9196157828010023	8.602091049570689	8.505784591401023	8.407324854510335	8.306280999914428	8.202088420788163	8.093990773952765	7.980948722930949	7.861492535569145	7.733484024294606	7.593780039163698	7.438269770857107	7.268337690364587	7.154579882044933	7.239376334398971	7.4299163665957115	7.648022382455548	7.872596709123782	8.097114269879196	8.31918244104219
7.1	1.9158165623805476	8.751834744104046	8.658844933819765	8.564161223084593	8.467479784109393	8.368416469459346	8.266480114242054	8.161036901048254	8.051267053417812	7.9361309164107094	7.814434233499355	7.685433136850801	7.55227296828953	7.439261060641143	7.425142865569992	7.543037072805783	7.7267473184810775	7.933561903545623	8.147716635475312	8.363153702382352
7.2	1.9119808195733239	8.899190632108388	8.809244637807748	8.717992134867655	8.625226515459294	8.530697122878632	8.434100642930328	8.33507477695672	8.23320302856784	8.128057668537142	8.019366183577633	7.9075863996503095	7.795898602704671	7.696934954075383	7.647790376210169	7.69627050431812	7.831750365839636	8.011672016788928	8.210227961795	8.415899228150831
7.3	1.9081076948364408	9.044305825668427	8.95716489074274	8.869046311394506	8.779818491582656	8.689330552845211	8.597414114031377	8.503892175339281	8.408605317039019	8.311480364267188	8.212706381433245	8.113193597882452	8.015803354573158	7.928591664356352	7.871516598303154	7.877763475565211	7.963960938278546	8.109445875710039	8.286673353103406	8.478868255429632
7.4	1.9041962952229141	9.1873114734436	9.102765329052337	9.017522365093887	8.93150922696958	8.844650214479085	8.756874874554878	8.668134382832967	8.578436112544585	8.487916890281383	8.397001357268428	8.306753876203539	8.21967769441039	8.141494901774303	8.084479991426202	8.069842484497258	8.117780909989225	8.22703386798812	8.378357604515845	8.553300520807126
7.5	1.9002456925445497	9.32832514150274	9.246187536165309	9.163594167356608	9.080517113704536	8.996937645335976	8.912856882489011	8.828315409050193	8.743429800185693	8.658461968444273	8.57395397186091	8.49099634734559	8.411769297928698	8.34060841659543	8.285831506480223	8.261448486207378	8.284123781263462	8.361492001488385	8.485217487856866	8.639906817542922
7.6	1.8962549214022766	9.467452754086777	9.387557840015681	9.307415041666518	9.2270319907926	9.146433283839412	9.065672550881947	8.984852945907944	8.904162546477364	8.823936753065608	8.744770602964822	8.667724542842516	8.594703575637741	8.529136780096056	8.477058682127295	8.448219401434507	8.455243206659556	8.50785571267204	8.605565753879825	8.73857448159205
7.7	1.89222297707361	9.604790189850544	9.526989574315037	9.44912108172349	9.371220208406335	9.293344543118371	9.215586253114353	9.138092174234256	9.061096694726801	8.98497655257384	8.91034370468161	8.838204650938193	8.770233673396975	8.70922731699957	8.659784168303672	8.629025184498555	8.626434973006006	8.66109177056899	8.736517586187778	8.84826692600148
7.8	1.8881488132424917	9.740424605558939	9.664584924171233	9.58883380800167	9.513228588456803	9.437851946712167	9.36282423051476	9.288322482929638	9.214610295404405	9.142085352726056	9.071356144479331	9.003366661913011	8.939598066745345	8.882384328125367	8.835360358586726	8.803939846271989	8.795359678517162	8.817328736269278	8.874831131968184	8.967210963418244
7.9	1.8840313395590356	9.874435542089165	9.800436445847742	9.726662317255922	9.65318756217581	9.580113866600563	9.507582009522046	9.435789522374295	9.36501743978247	9.29567132046222	9.2283447509471	9.163917999397153	9.103709924839382	9.049703981555057	9.004855183689816	8.973415802686102	8.96102830342577	8.974045439646188	9.017617875636608	9.093284186919476
8.0	1.8798694190113132	10.006895855010558	9.934628328400697	9.862705038568851	9.791213684729508	9.720270234403065	9.650030053978192	9.58070409241341	9.512582674637839	9.446070821498724	9.38174102026205	9.320412084083074	9.263265610396642	9.212011948493716	9.169107176804689	9.137980973427577	9.123129845284563	9.129762687513345	9.162656733108408	9.22440486397398
8.1	1.875661865092309	10.13787250264198	10.067237448893273	9.997051180629127	9.927411671838831	9.858445485593574	9.790318140712133	9.72324882619807	9.657531478295398	9.593565193279225	9.531898280428566	9.473291911181267	9.418810780443422	9.369947607314064	9.328780577469967	9.298136599071086	9.281671525053305	9.283678980121474	9.30839432925181	9.358781951347023
8.2	1.8714074387417856	10.267427217436536	10.198334261081314	10.129781934192984	10.061876065112152	9.994750922237142	9.928578794536001	9.863583303979588	9.800058039681588	9.738392782645416	9.679110444844964	9.622918940226432	9.570782684678813	9.524017725600489	9.484408536540432	9.454327476966604	9.436800027550479	9.435399159921815	9.453810110613956	9.495005428677013
8.3	1.867104845041812	10.39561708117687	10.32798354865822	10.260971478591554	10.19469260573034	10.129286628934123	10.064930018901075	10.001848025933693	9.940331144221703	9.880757765186178	9.823625335714897	9.769592924575875	9.719538344444361	9.674631963614358	9.6364250104294	9.606938629270772	9.588715912328972	9.584761771603082	9.598263909123968	9.632030038368914
8.4	1.8627527296385207	10.522495020348837	10.456245067513027	10.390687830021639	10.325939376682262	10.262143041253681	10.199477491345391	10.138167540967855	10.078498701632903	10.020836801562355	9.965654384567806	9.913565932675956	9.865373966906613	9.822127121201813	9.785188006697343	9.756300701432867	9.737631951982666	9.73173618131896	9.741371603490188	9.76911232554003
8.5	1.8583496748661836	10.64811023486227	10.583174096402285	10.51899356105289	10.455687759588642	10.393402240861823	10.332316346841933	10.27265294118427	10.214691280559366	10.158784052094854	10.105379846541215	10.055052510120248	10.008538707016447	9.966784167170148	9.930996592112894	9.902697548165738	9.883755069320245	9.876362903178807	9.88291602479654	9.90573935285845
8.6	1.8538941955377704	10.77250857079881	10.708821911550631	10.645946414527721	10.58400324170239	10.523139033508834	10.463532640002725	10.405403872723992	10.349024904409713	10.294735106157843	10.242960266171815	10.194237208806218	10.1492446642667	10.108840495908105	10.074103465841912	10.046373651741437	10.027278310190946	10.018719355060881	10.02278689336179	10.041566343760735
8.7	1.8493847343704357	10.89573284589746	10.833236197679136	10.771599830248134	10.71094610086471	10.65142185288126	10.59320455426904	10.536510173108516	10.481603289130055	10.428810051652064	10.378534686844663	10.331280271417162	10.287674300148376	10.248498940571972	10.214724372544197	10.187540627975055	10.168378189658647	10.158900314411108	10.160941493661317	10.176367964827636
8.8	1.8448196570039408	11.01782313493057	10.956461405604559	10.896003399177095	10.836571990305815	10.778313523600177	10.721403409750971	10.666053216714998	10.612519653576449	10.561115919394135	10.512225940220052	10.466321995644181	10.423986045127396	10.385934528395776	10.353045243452575	10.326382685834174	10.307214530476243	10.29700684379565	10.29737926345522	10.310002412064609
8.9	1.8401972465683647	11.138817020876665	11.078539064689648	11.019203257024119	10.96093244068278	10.903871909373565	10.848194509349849	10.79410702971878	10.741858198435288	10.691748649568254	10.644143250435015	10.599486134920882	10.558318607295586	10.521299629912063	10.48922768466467	10.46306112299134	10.443931416661618	10.4331401093349	10.432125456578502	10.442385745970387
9.0	1.835515697748411	11.258749816794623	11.19950805695103	11.141242426854406	11.084075293279309	11.028150466815926	10.97363785388393	10.920739221149866	10.86969532515931	10.82079468996467	10.774384320152645	10.730882583813768	10.690794332139339	10.654727943733876	10.623413247798352	10.597718000968285	10.578658589863505	10.567398036428038	10.565220654911787	10.573473846479569
9.1	1.8307731102875018	11.377654762491392	11.319404858448914	11.262161118597689	11.206045075609499	11.151198721248882	11.097788750263733	11.04601176593687	10.996100648841171	10.948332307126242	10.903037019400262	10.860609524040585	10.82152185697813	10.786337622235918	10.755726792126161	10.730479146027118	10.711512952366636	10.69987361379718	10.696714040662158	10.703249823938396
9.2	1.8259674818661953	11.495563199417516	11.438263752630181	11.381996991932583	11.326883328551204	11.273062677522098	11.220698331709736	11.169981667815831	11.121137846195753	11.074432671192902	11.030180766107781	10.988755158098828	10.950598233080031	10.916233753718654	10.886279160426513	10.861456604565227	10.84260001927378	10.830654152466407	10.826659090347185	10.831715262507341
9.3	1.8210967002771499	11.61250472668643	11.556117019532348	11.500785387902198	11.44662889247709	11.393785176676994	11.342414005137211	11.292701523972752	11.24486537042727	11.199160760570045	11.15588766463632	11.115399123591818	11.078110640474666	11.0445103555018	11.0151693303011	10.990750659908084	10.972015251720082	10.959821092129836	10.95511083427911	10.958884131705787
9.4	1.8161585348120048	11.728507340658481	11.672995104117117	11.61855953371147	11.565318158522762	11.513406206253444	11.46297983784917	11.414220008727215	11.367337057758293	11.322576121818953	11.280223452359168	11.240613657470774	11.204137787213451	11.171251990640219	11.14248616011692	11.118451496823237	11.09984524822966	11.087450113939049	11.082124132313888	11.08477855010482
9.5	1.8111506267604678	11.843597560179836	11.788926766506332	11.735350724429809	11.682985290075536	11.631963172575336	11.582436893351884	11.534582290069373	11.488602645114902	11.444733512220447	11.403248292549366	11.364464562338778	11.328751061367813	11.296535091548439	11.268309818381574	11.244640582286273	11.226168793531471	11.213611416836118	11.207752611655124	11.209425835448576
9.6	1.8060704789056181	11.957800539246392	11.903939216450494	11.851188484722973	11.79966241870891	11.749491139489942	11.700823524284125	11.653830390156072	11.60870821444412	11.565683446508855	11.525017443121474	11.487012014572173	11.45201548725107	11.420429052931757	11.392712963481962	11.369391819061034	11.351057774366264	11.338370072879677	11.33204803681991	11.332856450521287
9.7	1.8009154438852648	12.07114016861607	12.018058234025668	11.966100713247359	11.915379818098899	11.866023039136044	11.818175629004045	11.772003498760478	11.727696576043801	11.685472664760429	11.645581824280685	11.608311244900637	11.57399052514011	11.542997141338088	11.515761724761354	11.492772509371436	11.474577975837057	11.46178641196124	11.455059961583693	11.455102574894505
9.8	1.795682711262478	12.18363916767762	12.13130827825495	12.080113811946077	12.030166058892071	11.981589858468158	11.934526877228937	11.889138247009063	11.845607600886927	11.804144534967858	11.764988503230281	11.728413115306083	11.694730744787597	11.664297257605964	11.637516524144454	11.614844172935001	11.596789772747854	11.583916407365624	11.576835564201854	11.576197115645368
9.9	1.7903692931295585	12.295319167703889	12.243712585110652	12.19325280214157	12.144048147031526	12.096220804907386	12.049908909198745	12.005268947422742	11.962478510041725	11.921739401167008	11.883281110352621	11.847364610990036	11.814286396316703	11.784382580309853	11.758032768755484	11.735663236747065	11.717748729757535	11.704812046347122	11.697419600707448	11.696173027060093
10.0	1.784972008033384	12.406200787465519	12.355293256151727	12.305541429053308	12.25705164766596	12.209943453926392	12.16435151208824	12.120427805228278	12.07834412781024	12.03829488590232	12.000500198404227	11.965209262275996	11.932703897048746	11.903302112179272	11.87736143837602	11.855281624441114	11.837506122905763	11.824521677561044	11.816854433053457	11.815062848490472
10.1	1.7794874629785522	12.51630370205284	12.466071338875215	12.417002256127969	12.369200796451063	12.32278388093585	12.277882776788323	12.234645105061585	12.193237104026485	12.153846154187375	12.116683554031681	12.08198750832693	12.050026248973447	12.021101146831235	11.995549586353816	11.973747260796062	11.956109393585589	11.94309033177642	11.93518010337932	11.932898396565273
10.2	1.7739120332182283	12.625646705647661	12.576066899717874	12.527656750384192	12.48051859978888	12.434766779482311	12.390529237680887	12.347949376501523	12.307188110018261	12.268426144824895	12.23186646916721	12.197737012245552	12.166293398618976	12.137821669611148	12.112640770526289	12.091104505852622	12.073602544565427	12.060560014996536	12.052434435327946	12.049710566721672
10.3	1.7682418394918056	12.734247768885275	12.685299090524067	12.637525359802433	12.591026925331597	12.545915567468748	12.5023159976273	12.460367541317888	12.420226011973647	12.38206577391972	12.346081978483197	12.312492935315202	12.281542548794272	12.25350270360092	12.228675421467344	12.207394530143498	12.190026572135713	12.176969974657567	12.168653149786573	12.165529212114109
10.4	1.7624727223017218	12.842124091373957	12.793786209183153	12.746627583660265	12.700746583891851	12.65625248286131	12.613266840052548	12.571925044862311	12.53237802484176	12.494794114593452	12.459361067987874	12.426288176715781	12.395808429882486	12.368180609725759	12.34369116562201	12.322655640420308	12.30541942492654	12.292356940408458	12.283869986757477	12.280383077147096
10.5	1.7566002127462519	12.949292149870525	12.9015457550626	12.854982036587	12.809697403743836	12.765798670138544	12.723404329732796	12.682645973658195	12.643669849394879	12.60663855624186	12.571732858966385	12.53915358391649	12.509123536958253	12.481889348218845	12.457723103361786	12.436923563569477	12.419816790371947	12.406755341377304	12.398116827978798	12.394299769364288
10.6	1.7506194993250377	13.05576774254313	13.008594479771721	12.962606507020952	12.917898298172712	12.874574258563811	12.832749903658554	12.79255316093579	12.754125794669458	12.717624946133839	12.683224770765575	12.651118138044097	12.621518337878717	12.594660707386122	12.570804053126727	12.550231695052696	12.533251982133462	12.520197501974632	12.51142381688523	12.507305758029243
10.7	1.744525390016725	13.161566029713768	13.114948433739565	13.06951801065881	13.025367327013639	12.982598433217266	12.941323953154125	12.901668281603614	12.863768887664781	12.8277777157066	12.793862665344063	12.762209117798433	12.733021456605439	12.706524504559454	12.682964765183062	12.662611317116113	12.645756235524546	12.632713818273562	12.62381947382384	12.619426391017203
10.8	1.7383122687776742	13.266701571416876	13.220623009021875	13.17573283942125	13.132121752827874	13.089889499597591	13.049145898270606	13.010011937932685	12.972620971897928	12.937119993550708	12.903670976047254	12.872452244896701	12.843659835293455	12.817508763286655	12.794234111063783	12.774091791130125	12.757358891931489	12.744332916916298	12.735330805332438	12.73068592399195
10.9	1.7319740454230645	13.371188362077644	13.32563297871155	13.281266606386989	13.238178092284095	13.19646494249781	13.156234255331801	13.117603737050636	13.080702796182248	13.045673706774657	13.012672822678022	12.98187181355024	12.953458878100122	12.927639869955593	12.904639247983159	12.884700799310721	12.86808756273673	12.85508179835791	12.845983406882933	12.841107557536137
11.0	1.725504097616257	13.47503986258152	13.429992533277682	13.386134287103582	13.343552163241394	13.302341479771428	13.262606698396073	13.224462361193488	13.188034094800818	13.153459672192641	13.12089011462231	13.090490806083876	13.062442579192894	13.036942713862539	13.014205768540661	12.994464208154476	12.977968275409058	12.964985966104413	12.95580155888552	12.950713479128996
11.1	1.7188952033907015	13.578269029971707	13.533715314127253	13.490350257626528	13.448259127970095	13.407535111526713	13.368280115298502	13.330605631533816	13.294633660083258	13.260497678569086	13.228343643525506	13.198330996373983	13.170633637044938	13.145440809517046	13.122957831010691	13.103406635696322	13.087025604038333	13.074069543442924	13.064808316004916	13.059524907753207
11.2	1.7121394622425836	13.680888344988624	13.63681444464647	13.59392832960337	13.552313532894877	13.51206116522091	13.473270658852805	13.436050566297709	13.400519408257896	13.366806560980354	13.335053166798566	13.305413043406725	13.278053556653402	13.25315640913984	13.230918276736453	13.211551281712545	13.195282786264494	13.182355379006669	13.173025590000005	13.167562139557537
11.3	1.7052282023326295	13.782909837647406	13.739302558952367	13.696881782683125	13.655729345203	13.615934337069618	13.577593793721203	13.540813433789525	13.505708439333516	13.472404268209111	13.441037483050849	13.411756573909441	13.384722742134775	13.360110601092321	13.338108735004806	13.318920107806544	13.302761828276868	13.289865142375692	13.280474226395372	13.274844593473073
11.4	1.6981518706836523	13.884345111015751	13.841191828563062	13.799223394498194	13.758519986616705	13.719168730138183	13.681264339396774	13.644909800866307	13.61021709166754	13.57730792396112	13.54631450039429	13.517380259076925	13.490660578132966	13.466323399253874	13.44454977839141	13.425533933786099	13.409483599323066	13.396619410778888	13.387174075341093	13.381390856020248
11.5	1.690899902398393	13.985205363357252	13.942493987167536	13.900965468441944	13.860698364598061	13.821777889438168	13.78429650969108	13.748354577337324	13.714060991792918	13.681533882591621	13.650901298435288	13.622301882439974	13.595885505890699	13.571813823390308	13.550260761724441	13.531412524399892	13.515467916973575	13.502637747845363	13.493144057071905	13.487218724796712
11.6	1.6834605637756166	14.085501408765653	14.04322035366295	14.00211985943753	13.962276901223799	13.923774834315457	13.886703949071778	13.851162056703625	13.817255100004068	13.785097779939262	13.754814184661107	13.726538402049924	13.700415090182494	13.676599971740934	13.655260268346911	13.636574667593237	13.620733624216992	13.607938775243937	13.59840222229106	13.592345250313095
11.7	1.6758207626527608	14.185243696431034	14.143381853606746	14.102697997879005	14.06326755994373	14.025172088386096	13.988499766158274	13.953345953605282	13.919813752140318	13.88801457972287	13.858068745836375	13.830106006909876	13.804266080776907	13.780699140649624	13.759565931779798	13.741038245278704	13.7252986593183	13.712540237955139	13.702965807945453	13.696786775977804
11.8	1.6679658171887988	14.284442328632588	14.242989039215013	14.202710911899025	14.163681870410716	14.125981707244641	14.089696564644003	14.054919438300917	14.021750697953859	13.990298616416682	13.96067989494616	13.933020168389584	13.907454468185938	13.88412766786382	13.863194560430935	13.844820297485796	13.82918011925294	13.816459063834504	13.806851288695002	13.80055897612431
11.9	1.6598791713716996	14.383107077574657	14.342052108033231	14.302169248109756	14.263530951552564	14.226215304148369	14.190306471887954	14.155895168466202	14.123079136400856	14.09196363363308	14.062661914153809	14.0352956871633	14.009995534452816	13.986901312315155	13.966162194493291	13.947937080634809	13.932394317423423	13.919711418050852	13.91007442444685	13.903676892042636
12.0	1.651541910804863	14.481247403092903	14.440580924917255	14.401083298476282	14.362825543833488	14.325884074039905	14.290341183210527	14.256285340066517	14.223811773425021	14.193022849752488	14.164028494471905	14.136946773103086	14.111903940491885	14.089035078949527	14.068484150361108	14.050404059528768	14.034956827587864	14.022312743459981	14.012650293971408	14.0061549548063
