R(r₀)|α↓|ω→	0.1	0.2	0.3	0.4	0.5	0.6	0.7	0.8	0.9	1.0	1.1	1.2	1.3	1.4	1.5	1.6	1.7	1.8	1.9	2.0
0.1	320.7568744058388	161.63897204524267	110.61831414114438	85.52259232160797	70.59278967546614	60.68758512096493	53.63293596943407	48.35166537444379	44.249175741311184	40.97035941896459	38.289999737536505	36.058318589419564	34.171803638899895	32.55690137641673	31.158891814848428	29.937518153696935	28.861761572779525	27.90749446343682	27.05566371835784	26.29102051953098
0.2	160.25328077988135	80.70961142574514	55.212080522161166	42.673963658919654	35.21674374083309	30.270405576158318	26.748327649473488	24.11217925936656	22.06483535767349	20.42886399429489	19.09174524012388	17.978656010882705	17.037890560330666	16.23256368942129	15.53564939461609	14.926888549380056	14.390792507116425	13.915314630655141	13.490942713042502	13.110064450820113
0.3	106.75109970561819	53.73243840852428	36.74269851501195	28.390499306493076	23.424178671971564	20.13082905486833	17.786304659721942	16.03189103237234	14.669621086713695	13.581288375003759	12.691938733250902	11.95173422456509	11.326238079665487	10.790886487850804	10.32768302388151	9.923138474189141	9.566940871632886	9.251070544843609	8.969195576136395	8.716249165462969
0.4	79.99966809496905	40.24348690984372	27.507639014428275	21.248405275126803	17.52754573361811	15.06070413956954	13.30497127012635	11.991440088409748	10.971722086026075	10.157223331430965	9.49177240705367	8.938023873766829	8.470175412380417	8.069823891784901	7.723487676746954	7.421062520761099	7.154824813322984	6.918768386565795	6.708151490307021	6.519180100108885
0.5	63.948581280258274	32.14984115582826	21.966317066747667	16.962863844516036	13.989287836198073	12.018360679510659	10.615913680417862	9.566923490969126	8.752748314331383	8.10256147159871	7.571461039164469	7.129596985298577	6.756347608927148	6.437006159973255	6.160799866996397	5.919655464275754	5.707402362950528	5.519242509482194	5.35138826927662	5.200809300120129
0.6	53.24767615076768	26.75384977561034	18.271862703413962	14.105596190769306	11.630214215539473	9.989904321119544	8.822990189845001	7.950370225208114	7.273233363720192	6.732597517736496	6.291073611238504	5.923808460598842	5.613634056837774	5.348307874465259	5.11886303748399	4.918580264115456	4.742324316958034	4.586102560336186	4.446763448041086	4.321785772510359
0.7	45.60401973254123	22.89937373261971	15.632758391802156	12.064481396816335	9.94495621300918	8.540807876259008	7.54213914146851	6.795506154299306	6.216262281844129	5.753885629572359	5.376353299726209	5.062381198451651	4.797268186631658	4.570531868618088	4.374495278126694	4.203406259200829	4.052869112439187	3.9194665064459615	3.8005012526832016	3.6938158219811084
0.8	39.87114376806175	20.00834265068198	13.653244749742141	10.533458491634732	8.680829043684305	7.453807332998686	6.581329317882583	5.9291938453702615	5.423377250046566	5.01970256486081	4.6901713899513515	4.416176363520884	4.184866446059392	3.9870793078984548	3.816105398012373	3.666917897556413	3.5356757600236723	3.4193931361610095	3.315713612677434	3.2227524281988695
0.9	35.412120784479164	17.75960596582754	12.113455166569102	9.342493337486445	7.69745201692592	6.608200215501555	5.833876470151851	5.255245605143124	4.806545926028266	4.448535201021499	4.156345063580781	3.9134499707819117	3.7084377966328965	3.5331728972258762	3.381698137354668	3.249550840552057	3.133321354893843	3.0303594307806923	2.9385737078625045	2.856291585111774
1.0	31.844794003431133	15.960473154456139	10.881469501092273	8.389565272891735	6.910596534642313	5.931564852175625	5.235769863452816	4.715948635532611	4.312948727820959	3.9914754950836517	3.729164468503208	3.5111554771390554	3.327187472605725	3.169946126439977	3.0340762166154853	2.9155663705569275	2.8113520485773615	2.7190514819479406	2.6367853569903374	2.5630508074252054
1.1	28.92597259760615	14.488322856608272	9.873338443837797	7.609751915940376	6.266662426396892	5.377814564965748	4.746275231817958	4.274576449641957	3.9089730371119114	3.617399995642489	3.379541372780349	3.1818994916622625	3.0151550407809826	2.8726656428161603	2.749568529480443	2.6422215655888657	2.5478425713846016	2.464269444326576	2.38979636673541	2.3230593517267293
1.2	26.49352926184886	13.261407412173655	9.033095681524077	6.959771553395786	5.72991610667124	4.916224755207996	4.338236247739243	3.9066445727785024	3.5722102945172414	3.3055595929410626	3.088083486136352	2.907419625566246	2.7550334256032842	2.624842432798038	2.5123942350545363	2.4143543825635785	2.3281759897553487	2.251880008236773	2.183905202664543	2.123003323652853
1.3	24.435221959436525	12.223132216033912	8.321995209476984	6.409659806442598	5.27561880897401	4.525524407501244	3.9928522330760785	3.5952020705472316	3.2871467402193955	3.041589381531615	2.8413652458704566	2.675072562869601	2.534840689638185	2.41506091772551	2.3116280362847434	2.2214679310171133	2.1422328045985832	2.0720984986355235	2.009626118170944	1.9536653494745244
1.4	22.67087776684379	11.333072487781582	7.712361221283168	5.938013437140332	4.886099860240985	4.190519804176285	3.696693991941609	3.328140991680379	3.0427009783442003	2.815228580194536	2.6297968358764323	2.4758272422138545	2.3460181925337857	2.2351670073162473	2.1394660522026747	2.056064342746809	1.982784720790654	1.917935787903882	1.8601835130168693	1.8084615304942147
1.5	21.141703175682764	10.561583331168466	7.18389804091822	5.529136630882651	4.5484006441526565	3.9000687526822726	3.4399133091831233	3.0965820325131834	2.8307465144082333	2.618952482762773	2.446345596984813	2.303060764961047	2.182289485466332	2.0791809308948364	1.9901853404850467	1.9126450928745915	1.844530908215412	1.784266442923371	1.7306085479126974	1.6825636151871142
1.6	19.80360302884972	9.886431020136376	6.7213838294019315	5.171257422032317	4.252802077289464	3.64581447676499	3.2151238859598834	2.893865576301746	2.645188340259212	2.447117426456196	2.285736907545086	2.1518058369229442	2.0389471194023816	1.9426177562078548	1.8594935984131735	1.7870861999336272	1.723495664396193	1.667246316531813	1.6171745282148922	1.5723503564206438
1.7	18.622857477924033	9.290613241947732	6.313178276697752	4.85537361573614	3.9918717988494774	3.4213663687681564	3.016677238379339	2.7148988354342647	2.4813654293403182	2.295407535243953	2.1439371053378125	2.0182638181270254	1.9123911673851515	1.8220477244831401	1.7441083805590039	1.6762339430523718	1.616638666326683	1.5639356945312062	1.5170315636108767	1.4750525069935467
1.8	17.57323995392039	8.760905925493915	5.950227729203615	4.574483401922224	3.7598289631502406	3.2217538237639562	2.8401799624480515	2.5557206120595892	2.335652399341903	2.1604658812488675	2.017808768049919	1.8994800885776413	1.7998215720346502	1.7148031398425856	1.641476576681157	1.5776353395781588	1.5215951379191475	1.4720480599784758	1.4279630075783558	1.3885161497096585
1.9	16.634045252051195	8.28686896566339	5.625384487143016	4.323058932811654	3.5521096233463663	3.0430525463872793	2.6821634408595303	2.4132035018762235	2.2051869647342244	2.0396421206493356	1.9048748517335516	1.793121929330259	1.6990276457666724	1.618777819316542	1.5495824749803668	1.4893537345296968	1.436498069400576	1.3897781946893437	1.34821881037557	1.3110407650493519
2.0	15.788709190879008	7.860150230146744	5.332930312423775	4.096677826710899	3.3650624994298317	2.882122964886696	2.5398526369252394	2.284845435907042	2.087679152643297	1.930815837926346	1.8031535868809279	1.697323038449573	1.6082407202181586	1.5322867071971575	1.4668134057923048	1.4098397126983993	1.359853770442872	1.3156818499076632	1.2763988658076881	1.2412658782628145
2.1	15.023822654314953	7.473988421266349	5.068236076797397	3.8917599559792584	3.195731669032989	2.736423383257417	2.4110009465189335	2.1686207808466076	1.9812750275352788	1.8322703622542658	1.711040546157061	1.6105724701458108	1.5260288950708016	1.45396559888493	1.3918637721845188	1.3378388924702629	1.290452979077055	1.2485897963854915	1.211369687151792	1.1780900927267093
2.2	14.328414531070514	7.122851520799412	4.827514232969154	3.7053760196257217	3.0416985237361254	2.603874091089709	2.293770089495466	2.0628720474296403	1.8844575808951123	1.7426009966133014	1.6272228745289297	1.531633862348041	1.4512204909266764	1.382698212045648	1.3236652533779008	1.2723248662208864	1.2273062131426316	1.1875453149353108	1.1522038074797571	1.1206122048206266
2.3	13.69342171346473	6.8021695533839175	4.607635858163593	3.535106053014461	2.9009649534916604	2.4827569221847643	2.1866413328178034	1.96622984775015	1.795973474701817	1.6606471860734269	1.550615893126509	1.4594857343945138	1.3828474701284321	1.3175622819002633	1.2613352152802049	1.2124496339187678	1.1695959860599332	1.1317579933557977	1.0981349882246925	1.0680876798357164
2.4	13.111291596231089	6.508134158957555	4.4059934365131985	3.3789333096415155	2.7718657342324056	2.3716399226209437	2.088348906871093	1.877552862132321	1.714778097881661	1.5854416428646834	1.4803155510410024	1.3932767092745055	1.320103001437209	1.2577891318530885	1.204138017647145	1.1575064276858695	1.1166409681090903	1.0805690736615758	1.0485246252177018	1.0198960085853512
2.5	12.575679975806514	6.237546267672218	4.220396573365988	3.235163610761905	2.653001941701354	2.269320097529719	1.9978294007505542	1.7958822127455898	1.6399938079644811	1.5161716801923246	1.4155622875026614	1.3322914814217441	1.2623092081744567	1.2027329462615248	1.1514556067261361	1.10690145777311	1.0678687484134637	1.0334251154817728	1.0028362168632974	0.9755158980908434
2.6	12.08121866494767	5.987698926626411	4.048991775213607	3.1023633060915246	2.543189730518229	2.1747793691273136	1.9141828343605074	1.720406365074589	1.5708778079238674	1.4521494676683169	1.3557132322606955	1.275924636884451	1.208892357997565	1.151847133121895	1.1027648933515217	1.0601321779514097	1.022794881986002	0.989857736605084	0.9606157238349734	0.9345061871342073
2.7	11.62333474857248	5.7562861650249815	3.890200055973129	2.9793110204295714	2.441420494812756	2.0871503207380964	1.836642379853001	1.6504338276330341	1.506797160012908	1.392788895171373	1.3002205822388189	1.2236602899133098	1.159363564855863	1.1046659384191415	1.057620157191365	1.0167703800089756	0.9810065923045063	0.9494678550549835	0.9214762928123162	0.8964910024166869
2.8	11.198108570493742	5.5413313878491115	3.742667913011158	2.864959739669477	2.3468295649384223	2.0056892801817168	1.7645505699070398	1.5853717001746856	1.4472091521485952	1.3375873928285325	1.2486146102060456	1.1750560816845361	1.1133036249214205	1.0607899990853868	1.0156392204896996	0.9764489099791683	0.9421499654512413	0.9119133072469531	0.8850862531974565	0.8611480951311045
2.9	10.802161102140905	5.3411305849788695	3.6052284456988564	2.7584067404153774	2.2586713797270854	1.9297549708015633	1.6973404268738073	1.5247086584820895	1.3916457246270344	1.2861115105875705	1.200490187173263	1.1297304880293153	1.0703509884587807	1.0198748837114826	0.9764924812918157	0.9388511317763837	0.9059197929353711	0.8768990272388849	0.8511595967244953	0.8281995902187149
3.0	10.432563837512745	5.1542068978844515	3.476870249874314	2.6588695329590517	2.1762996232045433	1.8587914308521551	1.634520364376784	1.468001340295313	1.339701009503818	1.2379853798875828	1.1554959984008457	1.0873526638392148	1.0301921357113946	0.98162192369178	0.9398941387899047	0.9037024970537402	0.8720514450705351	0.8441691894057061	0.8194483605576746	0.7974045853028887
3.1	10.086766127820392	4.979273979943113	3.356712332329446	2.565666459685246	2.0991512046297416	1.7923142372350196	1.575662009286577	1.4148633641091426	1.2910212794909834	1.192881406338121	1.1133258445008551	1.0476342510915166	0.9925538137298846	0.9457708174070326	0.9055951156241757	0.8707637455436978	0.840314316282303	0.8135008710947469	0.7897364839889078	0.7685531815781622
3.2	9.762536140843238	4.8152062265017435	3.243983728399369	2.478200930442829	2.026733240983542	1.729899310546823	1.520390304970327	1.3649564045896108	1.2452967789567488	1.150512705039658	1.0737115711979697	1.0103227206544543	0.9571967267962955	0.9120936193635958	0.8733773057374329	0.8398253790554483	0.8105064983584765	0.7846989026668351	0.761834816307977	0.7414616333568621
3.3	9.45791255492601	4.6610144174986425	3.1380068249890183	2.3959485233111333	1.958612404858032	1.671173753646902	1.4683754116033672	1.317982888002789	1.2022550374124374	1.1106269085075189	1.0364172819039668	0.9751959221830339	0.9239103718015098	0.8803898202484245	0.843048866385587	0.8107031387793429	0.7824504210264108	0.757591652940569	0.7355770315719306	0.7159683789187805
3.4	9.17116477755207	4.515825658281348	3.038183626101879	2.318446360720526	1.8944061505682295	1.6158083048089786	1.4193260332083872	1.273679973713476	1.161655359825966	1.0730010641557808	1.001234568566314	0.9420575929834952	0.8925087824977975	0.8504822929972984	0.8144403390786042	0.7832342791308264	0.7559892605388231	0.7320275573316566	0.7108162634640709	0.6919307711485854
3.5	8.900759983558933	4.378866758972278	2.9439843723271775	2.245284305739715	1.833775442631699	1.5635110822277734	1.3729838856727725	1.2318145640652332	1.1232842578819011	1.0374374029070994	0.9679785566327351	0.9107336335909623	0.8628270004429708	0.8222139313238674	0.7874014333757514	0.7572744785912345	0.7309839624823531	0.7078722400058638	0.68742231611762	0.6692223679258995
3.6	8.645335646965998	4.249450383752786	2.854938056510881	2.1760976244781145	1.7764186942517628	1.514022368426703	1.3291190834174162	1.1921791421236339	1.0869516386224254	1.0037598089281397	0.9364846052409644	0.8810690004345764	0.8347181308570292	0.795444845657902	0.7617983443108188	0.7326952634152066	0.707310759164907	0.6850061143818681	0.665279338791471	0.647730673340181
3.7	8.403676527079593	4.126963446022743	2.7706244768181225	2.110560837082764	1.7220666866141723	1.467110237416036	1.287526270371786	1.1545882800092835	1.0524876064697597	0.9718108571204581	0.9066055379749587	0.8529250982053115	0.8080508721704867	0.7700500105602125	0.7375115020991492	0.7093818468640106	0.6848590877709161	0.6633223713021944	0.644283876507039	0.6273552443430055
3.8	8.174695288346802	4.010857335700012	2.69066754391468	2.0483825382144487	1.6704782880108806	1.4225668688793554	1.248021357504532	1.1188756935214352	1.019739764794138	0.9414493129181125	0.8782093056217681	0.8261775791169481	0.7827074313409832	0.7459172798872576	0.7144336740379769	0.6872313070576487	0.6635298351793191	0.642725283250104	0.6243432272375999	0.6080060954121358
3.9	7.957416101744772	3.9006396497967293	2.614729617097485	1.9893010128056314	1.6214368288761223	1.3802054255164125	1.210438757283763	1.0848917440859425	0.9885709263567639	0.9125480103809392	0.8511770023973164	0.80071447512165	0.7585817549060024	0.7229457030343309	0.6924683548468424	0.6661510422444121	0.6432338504887156	0.623128767646024	0.6053740504545413	0.5896023476173143
4.0	7.750960705944949	3.7958671631832592	2.5425066892291777	1.9330805077166373	1.5747470175378229	1.3398573943336172	1.174629027205851	1.0525013086503465	0.9588571598605536	0.8849920411365624	0.8254011725859817	0.7764346037214754	0.7355780195694314	0.7010440887763383	0.671528394332658	0.6460574544415449	0.6238906780240258	0.6044551636074149	0.5873011828458766	0.5720710791817197
4.1	7.554536508272422	3.6961398277807778	2.4737242754645092	1.8795080470650187	1.5302323038875978	1.3013703118967972	1.1404568514764126	1.0215819533853363	0.930486113752198	0.8586771995844776	0.8007843565542825	0.7532461993406584	0.7136093368646061	0.6801297734818188	0.6515348210992873	0.6268748218681572	0.6054274727401642	0.5866341854067992	0.5700566256104905	0.5553463429843261
4.2	7.367426385512721	3.601095628751558	2.4081338883774768	1.8283907003413424	1.4877326157569477	1.2646058086309528	1.1077993031908804	0.9920223589526851	0.9033555692670061	0.8335086397959948	0.777237834457698	0.7310657310463301	0.6925966348196061	0.6601275584869145	0.6324158287140927	0.6085343280048859	0.5877780671040632	0.5696020228052362	0.5535786744739047	0.5393683230077172
4.3	7.188979907829647	3.5104061581581165	2.345510003910053	1.779553229284801	1.4471024066681266	1.229437919126371	1.0765443397810246	0.9637209544195974	0.8773721831787185	0.8093997073520454	0.7546805332501278	0.7098168742856994	0.6724676860978761	0.6409687876886944	0.6141058967806592	0.5909732209449658	0.570882164181474	0.5533005639163986	0.5378111688942726	0.5240826069172705
4.4	7.018605759399923	3.423772791919737	2.285647439936516	1.7328360528966376	1.4082089646448945	1.1957516148033593	1.0465894926960473	0.9365847241936652	0.8524503873117183	0.7862709154222307	0.7330380682607728	0.6894296096529622	0.6531562571920394	0.6225905413258642	0.5965450241107378	0.574134081299187	0.554684636119589	0.53767672059682	0.5227028411534534	0.5094395560760772
4.5	6.855765169595626	3.3409233761934582	2.2283590831146656	1.6880934806780445	1.3709309405486547	1.1634415227327533	1.0178407187335516	0.9105281580293565	0.8285114169595321	0.764049039034702	0.7122418949318711	0.6698394258037036	0.6346013571918596	0.6049349257364125	0.5796780549074022	0.557964180544055	0.5391349107556055	0.5226818398120769	0.508206749398114	0.49539375758949894
4.6	6.699966200948559	3.261609345627776	2.173473910866709	1.6451921727825605	1.3351570614253654	1.1324108003092237	0.9902113854715151	0.8854723185094636	0.8054824441846482	0.742666304946007	0.6922285495274436	0.6509866067043321	0.6167465676321328	0.5879484418133952	0.5634540817632971	0.5424149145536977	0.5241864318871464	0.508271187182726	0.4942797813944713	0.48190354561372695
4.7	6.550758766274285	3.185603209135415	2.1208352643505557	1.604009792705822	1.3007849999722347	1.1025701401279246	0.9636213671189285	0.8613440036332151	0.7832957947161172	0.7220596569346598	0.6729389598557722	0.6328155855650381	0.5995394370826737	0.571581417060572	0.5478259114833266	0.5274412992752567	0.5097961809563449	0.4944034911114125	0.4808822179276647	0.4689305812922439
4.8	6.407730268627004	3.11269634955203	2.0702993356138797	1.564433823752582	1.2677203757334745	1.073836883040438	0.9379962299709526	0.8380749843621531	0.761888228888665	0.7021700777644385	0.6543178083462834	0.6152743491142192	0.5829309255405799	0.5557874876609602	0.5327495813559676	0.5130015171976731	0.4959242496334703	0.48104053764228055	0.4679773465205024	0.45643948240814164
4.9	6.270501775108614	3.0426970923002004	2.0217338380973366	1.5263605250706702	1.235875867219202	1.046134220117476	0.9132664886135557	0.8156012982211108	0.741200267767391	0.6829419494553701	0.6363129301435613	0.5983138763062213	0.5668748843281644	0.5405231178456267	0.5181839145743851	0.49905650449287353	0.48253345411440196	0.4681468075864456	0.4555311175501137	0.4443974952414213
5.0	6.13872464978302	2.9754293295739545	1.9750168345459145	1.4896940067484434	1.2051704169644426	1.0193904662196809	0.8893669150990331	0.7938625802655375	0.7211755451497761	0.6643224327008503	0.6188747280737654	0.5818875949942606	0.5513275570176459	0.5257471440621906	0.5040901040603144	0.48556956951587793	0.4695889829241498	0.45568914852585407	0.4435118359685523	0.43277420226421615
5.1	6.012077582685062	0.3468450060493561	1.930035700411304	1.4543454064685257	1.1755285137161038	0.9935383891124671	0.8662358834433403	0.7728014117274723	0.7017601642491498	0.6462608439492185	0.6019555840841968	0.5659508382905667	0.5362470857216621	0.5114203308972259	0.4904313139361674	0.47250603374152117	0.4570580706763725	0.4436364751256909	0.4318898827362026	0.42154126024456756
5.2	5.890263961601142	0.30640178114214256	1.8866862041427523	1.4202321526433317	1.146879537523297	0.9685145785361898	0.8438147308112586	0.7523626640840282	0.6829020340216352	0.6287080042269139	0.5855092424853947	0.5504602788140974	0.5215930045848857	0.49750492421115233	0.47717228723102184	0.4598328861658386	0.4449096905900212	0.4319594917755814	0.42063746079415	0.4106721641042311
5.3	5.773009541343522	0.2851977489697834	1.844871688506864	1.3872773008966208	1.1191571545375703	0.944258839262626	0.8220471143243386	0.7324928115199649	0.6645501533895427	0.6116155261743249	0.5694901330415683	0.5353733129873729	0.5073256979236691	0.48396418415857245	0.46427894691949667	0.44751844163954696	0.43311425859897784	0.42063043196281685	0.4097283609676347	0.4001420325243926
5.4	5.660060371958929	0.26976414155641076	1.8045023393448023	1.3554090480753573	1.0922987488122935	0.9207135907283691	0.8008783379734475	0.713139176678125	0.6466538004523774	0.5949349931676049	0.5538525899289525	0.5206473576049429	0.4934057932297638	0.4707618761149761	0.4517179747813673	0.43553199240579515	0.4216433415789102	0.40962280896936754	0.3991377436367084	0.38992741184934593
5.5	5.551180952904359	0.25742931982956363	1.765494530057476	0.3026499310965456	1.0662448782350287	0.8978232529775954	0.7802546166484114	0.6942490612960206	0.6291615653560159	0.5786169635593548	0.538549902735225	0.5062390045987953	0.4797934475274844	0.45786169004349064	0.4394563483439523	0.42384344007882274	0.41046936149882723	0.39891117248689484	0.38884193236351094	0.3800060953373037
5.6	5.446152584950545	0.24709165474723943	1.7277702316654897	0.275954004621723	1.0409388212152102	0.8755335937564807	0.7601222321031079	0.6757686914133693	0.6120201347185821	0.5626096980209726	0.5235331023775328	0.4921029529178104	0.4664474664427637	0.4452265468600666	0.4274608095228316	0.4124228921007247	0.3995652860950971	0.3884708655678176	0.37881821596639753	0.37035695529132373
5.7	5.344771895520347	0.2381706808567765	1.6912564795718013	0.2598559178737245	0.286040337015678	0.8537910036427668	0.7404265157468274	0.6576418700782871	0.5951726827852696	0.5468574473228573	0.5087493273643837	0.4781905904364721	0.45332416353240407	0.43281773101221144	0.41569722817421634	0.40124020184567344	0.3889042948379601	0.3782777759948665	0.3690446558358553	0.36095978612626933
5.8	5.24684951653394	0.2303166949176065	1.6558848892042908	0.247671798620076	0.26331876586276204	0.8325417116815703	0.7211105600470137	0.639808167022574	0.5785566308902605	0.5312980288764321	0.4941395128925778	0.4644480178523285	0.4403758130017834	0.4205937566087433	0.4041298073608435	0.39026442422470276	0.3784594063572729	0.3683080757078902	0.35949989568867047	0.3517951570701283
5.9	5.1522088966576005	0.22330011738974917	1.6215912135597985	0.23770932203917108	0.2490644405319297	0.2711068572128694	0.7021135038010242	0.6222003609486693	0.5621003630331612	0.5158592148236173	0.4796349519711326	0.45081315768981267	0.42754845237464717	0.4085088204312168	0.3927200508325347	0.379463147678697	0.3682030499450179	0.3585379415031292	0.35016297161615323	0.3428442740821688
6.0	5.060685232274169	0.21696088386382387	1.5883150636272505	0.22922434575751408	0.23812058556962643	0.2518146826959627	0.6833681800174018	0.6047406729000692	0.5457181443708686	0.5004530434560669	0.4651518931945771	0.4372113031057572	0.41477863490127925	0.39651060047217085	0.3814253701879784	0.36880164700945145	0.3581065591529524	0.3489432681363564	0.341013121488038	0.33408885189131327
6.1	4.972124503551457	0.2111823050698138	0.21602433927888653	0.22181050795310944	0.22909189806741626	0.2391775151887972	0.2574465489076913	0.5873346059711152	0.5293017728886745	0.484966281847418	0.45058251817514294	0.4235478650151528	0.40198820131787577	0.38453698573283546	0.37019713705309376	0.3582417769171229	0.34813956004413527	0.33949924168832374	0.33202959504706764	0.32551099912968195
6.2	4.886382603733693	0.2058763309545895	0.21017906054004454	0.21521695684938053	0.22135157199827601	0.22932683199859039	0.24121004609731553	0.5698613586756711	0.5127058541108814	0.46924318374082546	0.4357787216723332	0.40969574093455935	0.38907603388478856	0.3725109917545445	0.3589778615672347	0.3477404898310183	0.3382692214364978	0.3301801489036139	0.3231914703168991	0.3170931228674391
6.3	4.803324551291992	0.20097467386678244	0.2048326160431633	0.2092759476479078	0.21455304321715676	0.22112534610662402	0.23003557718769133	0.24495817312984372	0.4957194203149694	0.45305114804007557	0.4205200767939924	0.39547141767184024	0.3759028364034307	0.36033244522249847	0.3476969598776657	0.3372478102276883	0.32845933311976216	0.32095879793573034	0.31447748996497854	0.3088178642664874
6.4	4.722823775876296	0.1964231748000671	0.1999086172344607	0.20386878250672588	0.20848049680454286	0.2140478736417442	0.22117142116346114	0.2313788123397303	0.2531622801876508	0.4360025260804604	0.40444185745265965	0.38058451894213885	0.3622623702612421	0.34786356982983757	0.336264181616816	0.3267040332017754	0.3186691908852569	0.3118062081057193	0.3058659461123566	0.3006680858646758
6.5	4.644761470106	0.19217807378815244	0.19534751113051751	0.19890784876056733	0.20298863445390916	0.20779953033948606	0.2137163665344718	0.2215346155324772	0.23361133815475885	0.4173362529661415	0.38683867789856335	0.36451323174980343	0.3478193126790728	0.33490222623334487	0.3245590721604392	0.3160358665531183	0.30885232227005904	0.3026912636730427	0.2973346692711346	0.2926269451809653
6.6	4.5690260002129754	0.18820345327812674	0.19110184772967567	0.19432632598389699	0.1979740646985015	0.20219476831352506	0.2072377752449299	0.21356983800777762	0.22225715289013812	0.2371474119342798	0.36590875915658266	0.3461090518897339	0.33195311359538515	0.3211280518155053	0.3124137206022129	0.30515133891330076	0.2989552579919273	0.29358063155242553	0.288861226083897	0.2846781117737452
6.7	4.495512369389764	0.18446943345047637	0.1871331287345283	0.19007190136854252	0.19336010581302746	0.19710769442089507	0.20148746717002272	0.2067952928767767	0.21360876175450524	0.22335100897607374	0.2425141070946183	0.3215046630424942	0.3132606506828526	0.305984273314883	0.29958508853509525	0.29393408703416535	0.2889170315780782	0.2844393093818975	0.2804235164632189	0.27680621916906384
6.8	4.42412172840115	0.18095086608115593	0.18340963632244672	0.18610273515797365	0.1890880268038862	0.19244816962645908	0.19630707912276973	0.2008629176130506	0.20646293938824387	0.21380784450661078	0.22471758278515389	0.2482951899035748	0.2872612608131336	0.2884115569046659	0.2857189635610829	0.2822410882648945	0.2786713420482426	0.2752326118180452	0.2720011038355413	0.26899769201906937
6.9	4.354760928665337	0.17762636860354253	0.1799048935319085	0.18238476297788808	0.18511167362651865	0.18814899503286708	0.19158807131486208	0.19556726646720796	0.20031046629925575	0.2062149077047017	0.21408895477987847	0.22597633519449573	0.24783059845937735	0.2666434161016937	0.2703659331462988	0.26992063198249033	0.26815634116900816	0.26593118322301285	0.2635778261095555	0.26124214943751267
7.0	4.287342113546102	0.1744775961891578	0.17659654539105668	0.1788898302077824	0.18139400508581838	0.184158473200625	0.1872521222727059	0.19077478338982587	0.19487833027100462	0.19980872103395933	0.2059980578303111	0.21428482838590757	0.22635885720480042	0.24271522269440943	0.25342730074499714	0.2569045758968742	0.2573430046214122	0.256521779896267	0.25514647767835924	0.2535346354245992
7.1	4.221782344084729	0.1714886840354525	0.1734655283754745	0.17559436458293037	0.17790476816652442	0.18043581782923193	0.18324047490407908	0.18639271128268736	0.18999964342621461	0.19422322441393905	0.19932079313417253	0.20572092858629837	0.21412730616041112	0.22519471444959507	0.23659208901723788	0.24346964492682524	0.24629828353196737	0.24702720471474302	0.24671638649945213	0.24587889706583888
7.2	4.158003255811122	0.16864581373875376	0.17049544237111766	0.17247840853997878	0.17461888510646742	0.17694818029437112	0.1795076879509944	0.18235344424316385	0.18556337471820059	0.18924911881602088	0.19357546677267828	0.19879029437429308	0.205252649430242	0.21332944806175327	0.22257651977343254	0.23050814545708592	0.23527601644879856	0.2375351280130696	0.2383238437648166	0.23829166502701468
7.3	4.095930743648379	0.16593687169295704	0.16767206795956457	0.16952489884984528	0.17151530238128865	0.17366864589192033	0.17601774861957661	0.1786058613355822	0.18149112690661218	0.18475329747245847	0.18850360619258602	0.1928975246375231	0.19814191152368438	0.2044479613840962	0.21175085954068942	0.21906032494458566	0.22473268221948534	0.22822065001798908	0.23004240221899444	0.23080715340433106
7.4	4.035494672241545	0.1633511767937044	0.164982989991606	0.16671912042429096	0.1685761493302905	0.1705748384752417	0.17274153768585335	0.17511017028104928	0.17772504548475926	0.1806447948671037	0.1839475857666299	0.18773674969662577	0.19214155201506686	0.19729170763520074	0.20320025266535918	0.2094706304676998	0.2151317749079953	0.21932680909248958	0.22198497411608492	0.2234796981049302
7.5	3.9766286093272605	0.1608792610636443	0.1624173002261814	0.16404828544415304	0.16578611020139689	0.16764792144168142	0.1696551117433698	0.17183466316756285	0.17422095484012584	0.17685812339724216	0.17980288238121048	0.18312698228252658	0.1869160681458778	0.19125446023133993	0.19616840245818387	0.20148779315945883	0.20669279729178727	0.21108440775408177	0.214287567761086	0.216381270864222
7.6	3.9192695800114272	0.15851269119676265	0.15996535968211095	0.161501204374562	0.1631319468885886	0.16487186530851763	0.1667385012882502	0.1687535814782786	0.17094419679355816	0.1733442404186418	0.1759959461112133	0.1789508789710124	0.1822683563237822	0.18600576070041827	0.19018792525238254	0.1947365696836003	0.1993727750860846	0.2036251193680642	0.20707475949484508	0.20959141705485695
7.7	3.8633578400399387	0.1562439221040344	0.1576186067067707	0.15906802549217028	0.16060213034678542	0.16223289959139628	0.16397484662117126	0.1658456583514268	0.1678669731723437	0.1700652648686676	0.1724726746186624	0.17512730724448444	0.17807170455818405	0.18134638908936884	0.1849719813914589	0.188910413752037	0.19300657777648544	0.19696110209625464	0.2004256189700022	0.20318140541992633
7.8	3.8088366663459143	0.154066175747662	0.15536940048170503	0.15674002626917	0.15818655186321345	0.1597190951740137	0.16134976200217196	0.16309309205420755	0.1649665759613996	0.16699119942379434	0.16919187765648208	0.17159742602555786	0.1742392297287978	0.1771467850123354	0.180336599255799	0.18378947784299227	0.18741530887100205	0.19102537104304315	0.19436148303787368	0.19719944458735644
7.9	3.755652163325331	0.1519733401509014	0.15321089230750584	0.1545094445428743	0.15587629399290812	0.15732004102356556	0.1588508582343846	0.16048080391412056	0.16222416685291993	0.16409779875509656	0.16612132224515067	0.16831695652881556	0.17070840473038537	0.1733176849828776	0.17615790390400143	0.17921923295486578	0.18244706727902466	0.18572066510758015	0.18885722470036834	0.19166401326995547
8.0	3.7037530834498207	0.1499598846461224	0.1511369188900444	0.15236934058629795	0.1536634467420302	0.1550265903933491	0.15646737781794454	0.1579958896500709	0.15962391064181794	0.16136512857287416	0.1632352129988147	0.1652515855239941	0.16743250505434584	0.16979476125739407	0.17234878549113694	0.17508960321008604	0.17798284854218496	0.180949468436054	0.1838616801984669	0.18656673586473682
8.1	3.6530906609585716	0.14802078829858245	0.14914191321705653	0.15031348344856568	0.15154095853069757	0.15283065905495194	0.154189911752283	0.15562720566864321	0.1571523443024388	0.15877655970362875	0.16051251818720816	0.1623740793955374	0.16437554902567872	0.16652996564067904	0.16884568677347064	0.17132033288218065	0.17393154929185886	0.1766262572243029	0.17931483989430674	0.18188075989135713
8.2	3.603618457492524	0.14615147910155382	0.147220829621027	0.14833625655246388	0.14950251421666566	0.15072506306889777	0.1520101766478715	0.1533650517149432	0.1547979076272275	0.15631804634266327	0.15793581834958204	0.15966239095325235	0.16150913902416453	0.16348634971863604	0.16560077483320745	0.16785144903307192	0.17022341276936637	0.17268013336299218	0.17515807412121054	0.17756968521627753
8.3	3.5552922186406493	0.14434778203888746	0.14536908037522647	0.1464325787154376	0.14754243440901016	0.1487033870048001	0.14992083711530427	0.1512009237055054	0.15255058741745622	0.15397759630349364	0.15549049078196175	0.15709837156307396	0.1588104009436199	0.16063480887834922	0.16257709807664408	0.1646370786836237	0.1668044907822246	0.1690536112877916	0.17133874138299887	0.17359431225469998
8.4	3.5080697404662735	0.14260587449516307	0.14358248173586394	0.14459783763045025	0.14565559170231554	0.14675987589657324	0.14791536264575986	0.14912731859703532	0.1504016432467004	0.1517448730680708	0.15316411725628898	0.15466686776411015	0.15626059007661125	0.15795194994967302	0.15974547145765733	0.16164138552280566	0.16363250622994194	0.16570034043342063	0.16781151033284974	0.16991672688668025
8.5	3.461910745161026	0.14092224779120383	0.141857207774579	0.14282783349305764	0.14383734048430433	0.14488934590355876	0.14598791111437787	0.14713757845440661	0.1483433929662551	0.14961089319978693	0.15094604443312803	0.15235507086015576	0.15384411834439973	0.15541864553250326	0.15708240346595065	0.1588358431592041	0.1606738405298724	0.16258284862115654	0.16453811375868996	0.16650231179362612
8.6	3.416776765055838	0.13929367385503813	0.14018975067718178	0.141118730951748	0.1420834577255694	0.14308710986311127	0.14413323307994036	0.14522576447258162	0.14636904272207815	0.1475677909759533	0.14882705135941693	0.15015203791511197	0.15154785736788803	0.15301902444520687	0.15456867439918906	0.15619736354409122	0.15790138174359653	0.15967063730917558	0.16148650257897398	0.16332045443056986
8.7	3.372631034280506	0.1377171762214039	0.13857688644193644	0.13946701793316885	0.14039009272541264	0.14134891480798403	0.14234659250700146	0.14338655418490495	0.1444725506496425	0.14560863364517138	0.146799093728248	0.14804833196715328	0.14936062761520547	0.1507397485008578	0.1521883352407331	0.15370698366840435	0.15529297253522045	0.1569386704907619	0.15862986711677446	0.16034454877988655
8.8	3.3294383874264715	0.13619000469795406	0.1370156451120339	0.1378694701821789	0.13875372421525123	0.1396708891791226	0.1406237005862403	0.14161515683071169	0.1426485164052377	0.1437272742940337	0.14485510424003684	0.14603574705581665	0.14727281638487444	0.14856948270937273	0.1499279861197024	0.15134892463873845	0.15283028080496316	0.15436620598281928	0.1559457217678878	0.15755166779111138
8.9	3.287165164618377	0.13470961315218555	0.1355032848357429	0.1363231205808722	0.13717112354767444	0.1380494979569125	0.13896066009751812	0.1399072430978873	0.1408920907681984	0.1419182333718479	0.14298883467857426	0.1441070948074045	0.14527608705414893	0.14649849950870314	0.147776245444715	0.14910990445931036	0.1504979678296663	0.15193589931038473	0.1534151185016115	0.15492211704129027
9.0	3.245779122449625	0.13327363996623007	0.13403726917382347	0.13482523248629597	0.13563932295120587	0.13648150430683065	0.13735391833046992	0.13825888635652714	0.13919890101396437	0.14017660230866158	0.14119472948803863	0.14225603650382113	0.14336315429864213	0.1445183779445628	0.14572335208874296	0.1469786271853324	0.14828306740553115	0.14963311671945256	0.15102199744275993	0.15243897616536434
9.1	3.205249350276136	0.13187989078196757	0.13261524717468554	0.1333732764652724	0.13415558802673133	0.1349639366208001	0.13580022700550337	0.1366665131613725	0.13756498880894927	0.13849796437247186	0.13946782347183814	0.1404769492985739	0.14152760786637042	0.14262177143763324	0.14376086234110233	0.14494539701658118	0.14617451638354176	0.1474454062390583	0.1487526608272714	0.15008767600961107
9.2	3.165546191399062	0.13052632322014782	0.13123503581900317	0.13196490991502796	0.13271739381543568	0.13349406005631242	0.13429660796284948	0.13512686129270024	0.13598675814295313	0.13687832912686906	0.13780365819752985	0.13876481844065106	0.13976377266950946	0.1408022260157476	0.14188141561601028	0.1430018224547886	0.14416279514908578	0.14536208770504827	0.14659535043819233	0.14785562878731337
9.3	3.126641168701926	0.12921103330727995	0.12989460450119167	0.13059795914665265	0.13132240388957553	0.13206935184389712	0.13284032363623277	0.13363694397556672	0.13446093137878237	0.1353140777270021	0.13619821307576518	0.137115149566834	0.1380665964396524	0.1390540362383422	0.1400785508851937	0.14114058643735936	0.14223964895428526	0.14337393248188673	0.1445399089321847	0.14573191357175902
9.4	3.088506914330716	0.12793224338535414	0.12859206126885733	0.1292704035796296	0.12996845201428495	0.13068747977946793	0.13142885152025374	0.13219401919885013	0.13298451191957456	0.13380191693299678	0.1346478480719419	0.13552389666409143	0.13643155858057407	0.137372129700622	0.1383465611017711	0.13935526552423858	0.14039786944792382	0.14147291115250474	0.14257750804751204	0.1437070128798411
9.5	3.0511171030306747	0.12668829131328993	0.12732564058499485	0.12798036175334548	0.128653526006178	0.12934628340267143	0.13005986199083558	0.1307955632717379	0.13155475231205455	0.13233884019502878	0.13314925572895323	0.13398740240093343	0.13485459551990636	0.1357519734872853	0.13668037647356324	0.13764018606019193	0.13863112156187243	0.1396519930556527	0.14070042973836128	0.14177259374746198
9.6	3.0144463887725665	0.12547762079741728	0.12609369241404844	0.12672607890860585	0.12737575347718624	0.12804375747517086	0.12873119895624888	0.12943924792291855	0.13016912684620766	0.1309220945203593	0.13169942070924887	0.13250234831950447	0.13333203904452098	0.13418949768704205	0.13507546992136676	0.13599030854239968	0.13693380496258156	0.1379049856746592	0.13890188910489598	0.13992132636369975
9.7	2.9784703443132936	0.12429877271174951	0.12489467246264985	0.125505915930799	0.1261333892028629	0.12677803741896057	0.12744086290994303	0.1281229203787558	0.12882530789848995	0.12954915210254525	0.130295585459226	0.1310657129610487	0.13186056495691884	0.13268103231383474	0.1335277797954067	0.134401133820923	0.1353009421290045	0.1362264049025845	0.1371758903660627	0.13814673387268867
9.8	2.943165403349916	0.12315037728854179	0.1237271334307727	0.12431833947806493	0.12492480389590281	0.12554738644103974	0.12618699603117475	0.12684458595997547	0.12752114541067675	0.12821768589964377	0.12893522089653944	0.12967473642818794	0.1304371500125119	0.13122325486977932	0.13203364616070487	0.13286862625867016	0.13372808715108372	0.13461136942420257	0.13551710903544315	0.13644306780327506
9.9	2.908508804926933	0.12203114707620837	0.12258971714973729	0.12316191314429537	0.1237484741996987	0.12435018411250731	0.124967869039543	0.12560239281838453	0.12625464901010444	0.12692554850788207	0.12761600124753034	0.1283268902107855	0.1290590355582094	0.12981314643377767	0.1305897578558319	0.131389150344056	0.13221125080787005	0.1330555140863677	0.1339207949648255	0.13480520447956335
10.0	2.874478539762892	0.12093987057565798	0.12148114750085191	0.12203528952858768	0.12260297374484705	0.12318491620712242	0.12378186955815729	0.12439461850069404	0.1250239723667799	0.1256707538017536	0.12633578233623693	0.12701985134734814	0.12772369663726163	0.12844795463936295	0.12919310818341184	0.129959417962189	0.13074683855170435	0.13155491833601973	0.13238269208918252	0.13322855858556087
10.1	2.8410532981541365	0.11987540647794986	0.12040022402314522	0.12093720310119396	0.1214869651348118	0.12205016563452996	0.12262749177970576	0.12321965807928711	0.12382739945428971	0.12445146090930838	0.12509258276169846	0.12575148018177676	0.12642881558597352	0.12712516226391668	0.12784095757677671	0.12857644423710318	0.12933159881084913	0.13010604670521528	0.13089897161034642	0.1317090107645416
10.2	2.8082124191056197	0.1188366784362078	0.11934581613097212	0.11986646377128266	0.12039919274636215	0.12094460432819727	0.12150332726206797	0.12207601363251433	0.12266333243860476	0.12326596016889532	0.12388456750609424	0.12451980112049411	0.12517225934705795	0.12584246042235986	0.12653080193481936	0.12723751030760702	0.127962579607584	0.12870569899821685	0.12946617605420602	0.13024284672364667
10.3	2.7759358403203773	0.11782267031339796	0.11831685787272521	0.11882195107485823	0.11933847624662113	0.11986698596874876	0.12040805670671502	0.12096228489191549	0.12153028096506448	0.12211266077543786	0.12271003359974578	0.12332298590825619	0.12395205987794913	0.12459772556525806	0.1252603456435188	0.1259401317562582	0.12663709111502605	0.12735096834654117	0.1280811721753337	0.12882670579684857
10.4	2.7442040486555626	0.11683242185485246	0.1173123431708775	0.11780260891205607	0.11830370474219218	0.11881613944058436	0.11934044259517611	0.11987716090230534	0.12042685265123099	0.12099007987395406	0.1215673975353581	0.1221593390299866	0.12276639715193015	0.12338899964060412	0.12402747840787032	0.12468203168003975	0.12535267782736972	0.12603920568702157	0.12674111110063763	0.12745753730992654
10.5	2.7129980306158448	0.11586502474073115	0.11633132149107353	0.11680744077241206	0.11729383148734816	0.11779096293406834	0.11829932257709305	0.11881941256414817	0.11935174462387557	0.11989683289816183	0.12045518417697146	0.12102728491653679	0.12161358434361301	0.12221447290239137	0.12283025530986018	0.12346111759751294	0.12410708702915088	0.12476798951653005	0.12544339442855454	0.12613256340525453
10.6	2.6822992224105127	0.1149196189791179	0.11537289389464493	0.11583550539453212	0.11630786908795208	0.11679041861769551	0.1172836035186765	0.11778788594710952	0.11830373596342562	0.11883162498464438	0.11937201695185093	0.11992535668855074	0.12049205486442732	0.1210724689460801	0.12166687952943414	0.1222754615466412	0.12289824933352318	0.1235351000077321	0.12418564525407216	0.12484924723624935
10.7	2.6520894590367163	0.11399538960501937	0.11443620943439219	0.11488591281343356	0.11534488514608872	0.11581352781483892	0.11629225613314063	0.11678149627983694	0.11728168093989001	0.11779324331974537	0.11831660914823978	0.11885218621782308	0.11940035097273147	0.11996143162768669	0.12053568731754273	0.1211232828517098	0.12172425817209476	0.12233849674983828	0.12296568328907613	0.12360526564342936
10.8	2.6223509217721706	0.11309156365469998	0.11352046185840887	0.11395782075455693	0.11440399829742133	0.1148593666283595	0.1153243101254555	0.11579922253454446	0.11628450294143017	0.11678055029827863	0.11728775617011401	0.11780649532209814	0.11833711373044492	0.11887991358411436	0.11943513486073946	0.12000293313531628	0.12058335275498408	0.12117629951897076	0.1217815034046361	0.12239848558622746
10.9	2.593066083355991	0.11220740738825455	0.11262488659081933	0.11305043133851633	0.11348437459929714	0.11392706196372458	0.11437884979285164	0.11484010253631761	0.11531118901101024	0.11579247739130274	0.11628432862329982	0.11678708793896393	0.1173010741162463	0.11782656612237644	0.118363786784025	0.11891288261863661	0.11947390324338668	0.12004677159371666	0.12063125704641497	0.12122694373513197
11.0	2.564217650001246	0.11134222373637431	0.11174875796197296	0.11216298806486509	0.11258522423281589	0.11301578790754566	0.11345501003021925	0.11390322853659657	0.11436078491852124	0.11482801963523917	0.11530526612637212	0.11579284314880774	0.1162910451363231	0.11680013027467563	0.11732030600104248	0.11785171110334777	0.11839439779489623	0.11894830521945408	0.11951323607364327	0.12008882873385306
11.1	2.535788499207629	0.11049534994998111	0.11089138666372753	0.11129477304696184	0.11170579848653032	0.11212476242383866	0.11255197269610194	0.1129877431983898	0.11343239070580773	0.11388623066719654	0.11434957175558572	0.11482270893758226	0.11530591479893873	0.11579942888304472	0.11630344476943776	0.11681809415357634	0.11734343120149805	0.11787940889531427	0.11842585865159276	0.11898246572622495
11.2	2.5077616121154414	0.10966615543371765	0.11005211740823022	0.11044510447319704	0.11084538699328754	0.11125324433492903	0.11166896330059375	0.11209283594761753	0.11252515665048454	0.11296621824188324	0.11341630704624611	0.11387569660020512	0.11434463984076333	0.1148233595334929	0.11531203675444955	0.1158107966748395	0.11631969488813793	0.11683869621407739	0.11736765689147648	0.11790630281151589
11.3	2.4801199988436324	0.10885403974629278	0.10923032677097672	0.10961333427265434	0.1100033151950226	0.11040053055789792	0.11080524798124013	0.11121773965084081	0.1116382796016127	0.11206714017433582	0.11250458748393156	0.11295087572168623	0.11340624010237892	0.11387088826803973	0.11434498997366363	0.11482866438028874	0.11532196807853042	0.11582487603083515	0.11633726598344774	0.11685889914794866
11.4	2.452846614861656	0.10805843075259504	0.10842542120099928	0.10879884596574751	0.10917894201324345	0.10956595357089963	0.10996013073718457	0.1103617275846164	0.11077099964638676	0.11118820066019514	0.11161357842821074	0.11204736963938403	0.11248979349132428	0.11294104395086157	0.11340128002383275	0.1138706167652092	0.11434910996643277	0.1148367437732603	0.11533341461038664	0.1158389144701262
11.5	2.425924265923913	0.10727878291390601	0.10763683518291589	0.10800105268248589	0.10837165770543285	0.10874887908666833	0.10913295089534618	0.10952411066599843	0.1099225970721869	0.11032864693158871	0.11074249141928448	0.11116435135580013	0.11159443142930162	0.11203291321414209	0.11247994639198121	0.11293564084348647	0.11340005275633595	0.11387317373647284	0.11435491646489528	0.11484509982364519
11.6	2.3993354983945934	0.10651457570413768	0.10686402953713359	0.10721939533292442	0.1075808818897963	0.10794870391311552	0.10832308078550523	0.10870423491741518	0.10909238959279896	0.1094877662120818	0.10989058082457463	0.11030103983422873	0.11071933475698809	0.11114563591136413	0.11158008447999716	0.1120227855474772	0.11247379545871918	0.11293311223024578	0.1134006627188968	0.11387628935117812
11.7	2.3730624708423775	0.10576531214102186	0.10610648984595061	0.10645334091595074	0.10680606172268722	0.10716485398315982	0.1075299236038153	0.10790147914231128	0.10827972981142407	0.10866488293922431	0.10905714078786959	0.10945669663899645	0.10986373002463963	0.1102784006122221	0.11070084303439086	0.11113115670746002	0.11156939834247724	0.11201557146666016	0.11246961532045215	0.11293139298986342
11.8	2.3470868014816997	0.10503051742254052	0.10536372499456244	0.10570238095407283	0.10604667021474545	0.10639678253792433	0.10675291144661596	0.10711525279069783	0.1074840028963789	0.10785935622362722	0.10824150244841005	0.10863062288130212	0.10902688613045779	0.10943044252698778	0.10984141956113684	0.11025991253904786	0.1106859779615943	0.11111962409318668	0.11156080100958045	0.11200938996107465
11.9	2.3213893842259856	0.10430973765960201	0.10463526581702509	0.10496603004308036	0.1053022046732426	0.10564396844913333	0.10599150349840912	0.10634499399614904	0.10670462444824692	0.10707057752924314	0.10744303140138636	0.10782215643743674	0.10820811126696243	0.10860103768650259	0.10900105663099045	0.10940825957719903	0.10982270268521502	0.11024439829018615	0.11067330596204597	0.111109322951289
12.0	2.2959502702921757	0.10360253868321677	0.10392066380604874	0.10424382445295793	0.10457218518239729	0.10490591466676095	0.10524518423210714	0.10559016761380474	0.10594103835844741	0.10629796832888791	0.10666112537274952	0.1070306691446892	0.10740674984698169	0.10778950159691972	0.1081790385872183	0.1085754494428543	0.10897878873275653	0.10938907343139083	0.10980627105682382	0.11023029297783589
