E(ħω₀)|α↓|ω→	0.1 ω₀	0.2 ω₀	0.3 ω₀	0.4 ω₀	0.5 ω₀	0.6 ω₀	0.7 ω₀	0.8 ω₀	0.9 ω₀	1.0 ω₀	1.1 ω₀	1.2 ω₀	1.3 ω₀	1.4 ω₀	1.5 ω₀	1.6 ω₀	1.7 ω₀	1.8 ω₀	1.9 ω₀	2.0 ω₀
0.1	-2.014895802796877	-2.0204401001413546	-2.0244673049645687	-2.0277121722308102	-2.0304592922446756	-2.0328545850224473	-2.0349846987329	-2.036906057953076	-2.038657827562339	-2.0402684988525572	-2.0417595589084647	-2.04314768196925	-2.0444461111807257	-2.0456655688174705	-2.0468148778877695	-2.047901399661413	-2.0489313496555495	-2.0499100309573097	-2.050842009867024	-2.0517312503841096
0.2	-2.0299900639598514	-2.041071605509212	-2.049121089183908	-2.055606408685304	-2.0610964231572186	-2.065882883370777	-2.070139060127215	-2.0739777976868887	-2.0774774277542347	-2.080694936732236	-2.0836733026225494	-2.0864458770843517	-2.089039148757342	-2.0914745637200487	-2.0937697687871912	-2.095939486673756	-2.097996148073778	-2.0999503584024684	-2.1018112491666923	-2.1035867470079217
0.3	-2.0452996101567607	-2.0619054892759894	-2.0739698985428774	-2.0836898216885578	-2.0919175161831642	-2.099090274611319	-2.105467873051295	-2.111219521725539	-2.11646269238207	-2.121282852130337	-2.1257444614611187	-2.1298975439884615	-2.1337818298569613	-2.137429485682585	-2.1408669791566055	-2.1441163916505075	-2.1471963662927602	-2.150122808088916	-2.1529094110059193	-2.155568061573076
0.4	-2.0608441706340903	-2.0829539704828135	-2.09902304462551	-2.111970061975203	-2.1229291002983586	-2.132482456447624	-2.1409761826210194	-2.148635742773486	-2.155617687915051	-2.162035930102882	-2.167976389643848	-2.173505746669272	-2.1786769615780814	-2.1835329127945267	-2.1881088817338155	-2.19243430229535	-2.1965340246062786	-2.200429248316734	-2.204138225271447	-2.20767679758835
0.5	-2.076647154818981	-2.104230728653417	-2.1242907076606428	-2.140455379356636	-2.1541381496859198	-2.1660654722973627	-2.176669310121638	-2.1862311984840566	-2.1949466666304684	-2.202958010787021	-2.2103725718552076	-2.217273659547094	-2.223727444947772	-2.2297875033414196	-2.235497917933988	-2.240895465263087	-2.2460111940009226	-2.250871591034143	-2.255499459464981	-2.2599145909931555
0.6	-2.092736714390191	-2.125751167995481	-2.149784057854495	-2.1691546923969214	-2.1855521284855324	-2.1998457419611994	-2.2125528749081083	-2.2240108675330608	-2.2344540786359683	-2.244053098512611	-2.252936630213416	-2.2612045728372903	-2.268936279062423	-2.2761959990064082	-2.283036600322921	-2.289502188064586	-2.295629997615355	-2.3014517929460157	-2.3069949195350556	-2.312283110770961
0.7	-2.1091472190764784	-2.147532745381915	-2.1755153991507044	-2.198077668729772	-2.217179041397709	-2.2338300957956916	-2.2486328185125677	-2.2619799871277153	-2.2741445848434005	-2.285325371551027	-2.295672331667042	-2.3053018981980955	-2.3143065654161434	-2.3227612281917684	-2.330727515163406	-2.3382568410123095	-2.345392612217754	-2.3521718566253513	-2.3586264507017116	-2.3647840595489797
0.8	-2.1259213398837886	-2.169595380981138	-2.2014983404813107	-2.2272348179867487	-2.249027491061116	-2.2680258128621302	-2.2849154312149973	-2.3001440720934565	-2.3140230709738967	-2.326779192544752	-2.3385835958417243	-2.3495691746739227	-2.35984151241971	-2.369486109459264	-2.378573325031293	-2.3871618592019788	-2.3953012696966582	-2.403033831622965	-2.4103959382695113	-2.4174191741800435
0.9	-2.143113021690125	-2.191961976669445	-2.227748000868799	-2.25663759971783	-2.281106743280334	-2.302440663591218	-2.3214073813630876	-2.338508935694043	-2.3540946626786083	-2.368419119662324	-2.3816745033587994	-2.3940100749428623	-2.4055444401113686	-2.4163736550866	-2.426576771496485	-2.4362197445247524	-2.445358258559404	-2.4540398155698115	-2.4623053084237383	-2.470190226302024
1.0	-2.160791716926202	-2.2146590755924396	-2.2542812563725083	-2.2862985491828627	-2.3134268013671875	-2.3370829575798613	-2.3581157477595194	-2.377080712353235	-2.3943647418637037	-2.4102499185234385	-2.4249493046461756	-2.438628411875087	-2.4514187850587454	-2.4634269747353628	-2.4747406778624743	-2.4854330677029313	-2.4955659254312685	-2.5051919552654907	-2.5143565290039374	-2.5230990228696157
1.1	-2.1790482201240113	-2.2377177066197147	-2.2811170389024085	-2.3162314244890054	-2.3459984910734986	-2.371961597221019	-2.39504805546867	-2.4158658824586974	-2.4348389643112798	-2.4522765749381312	-2.4684124292594505	-2.4834281454061378	-2.497468105448511	-2.5106492792235224	-2.523067951956053	-2.5348044703406	-2.5459266765471047	-2.5564924477454283	-2.566551610248103	-2.5761474066526455
1.2	-2.1980018420861485	-2.261174469320979	-2.3082766993832373	-2.3464513792535513	-2.378833557837162	-2.4070861379593893	-2.432212315429019	-2.4548712994397026	-2.475523278689192	-2.4945043085015794	-2.512068495727675	-2.5284133897253964	-2.543696086357121	-2.558043884392763	-2.571561588956554	-2.5843366669787518	-2.596442979225802	-2.6079435413180816	-2.6188926054999664	-2.6293372566943867
1.3	-2.2178063343873746	-2.285072925497996	-2.3357844505941348	-2.3769751657810465	-2.411944778334058	-2.4424668560620972	-2.46961706829028	-2.4941042193183898	-2.5164239470415333	-2.536938587081543	-2.555922321932985	-2.5735884207752115	-2.5901065451918033	-2.6056142150574892	-2.620224674251225	-2.6340324471423044	-2.6471173633162284	-2.6595475365622256	-2.671381611870802	-2.6826704887226063
1.4	-2.2386467551126086	-2.309465363230895	-2.3636679079841034	-2.4078213746310886	-2.445346088615742	-2.4781148248891167	-2.5072714329223356	-2.533572332937751	-2.557547566846404	-2.579585142228113	-2.5999789360260985	-2.6189576840498643	-2.636703437285805	-2.6533638090182463	-2.6690603863001163	-2.683894677363913	-2.697952422601398	-2.711306787272929	-2.724020770846105	-2.7361490555052255
1.5	-2.260716430707891	-2.3344149657687563	-2.3919587491742353	-2.4390107173410422	-2.4790527313956847	-2.514042000733432	-2.545185160061361	-2.5732838010654273	-2.598901094717101	-2.6224499855242733	-2.644243587869808	-2.6645258026754584	-2.6834908616255193	-2.701296321117356	-2.718071999490117	-2.7339263031666388	-2.748950816145463	-2.7632237013431977	-2.7768122688262693	-2.789774947141599
1.6	-2.2841783264446756	-2.359998298214629	-2.420693513062604	-2.4705663597807	-2.513081425282397	-2.550261319359471	-2.5833686915593015	-2.6132472925566246	-2.64049187180457	-2.6655394258795235	-2.6887217609893796	-2.71029758574154	-2.7304730666792483	-2.749415527308625	-2.7672628869533034	-2.7841303509842303	-2.8001152695656817	-2.8153007415664817	-2.8297583375890687	-2.8435501912794345
1.7	-2.3091397942514122	-2.3863077204666245	-2.449914553920377	-2.5025143137982244	-2.547450558867461	-2.5867868043731113	-2.621833225674384	-2.6534720257263507	-2.682327650930109	-2.7088600877458537	-2.733419184991323	-2.7562780368422057	-2.777654456287772	-2.7977253287059876	-2.8166365233196666	-2.834509929994032	-2.8514485762087807	-2.8675404263432465	-2.882861254660308	-2.897476853246321
1.8	-2.3356570665399046	-2.4134527176193386	-2.479671147533632	-2.534883893769588	-2.582180412420808	-2.6236336884634497	-2.6605907887648703	-2.693967813022577	-2.7244166254336353	-2.752418930203665	-2.7783418483891533	-2.802472362768149	-2.8250395955651966	-2.8462297555675367	-2.866196487368276	-2.8850682338332456	-2.9029535982080743	-2.919945330272599	-2.936123343577429	-2.9515570360837122
1.9	-2.363753580544943	-2.441558244481875	-2.5100207021687018	-2.5677082411336336	-2.6172934092843625	-2.660818548295834	-2.6996543135996816	-2.7347451089965182	-2.7667674596592433	-2.796223266822053	-2.8234960117452426	-2.8488859822706862	-2.8726332167444144	-2.8949329711615817	-2.9159464645340227	-2.9358085421643976	-2.9546332673942466	-2.972518084607549	-2.9895469740291483	-3.00579288047003
2.0	-2.393434724494467	-2.470757731489565	-2.5410299352636954	-2.6010249116889166	-2.6528143974851455	-2.6983594532978956	-2.739037724239591	-2.7758150614184816	-2.809389320909114	-2.840280786140011	-2.8688882209999633	-2.895524534793606	-2.920440224884519	-2.9438392754497533	-2.9658902492191683	-2.986734222050422	-3.006490586028955	-3.025261377549863	-3.043134561852381	-3.0601865645182356
2.1	-2.4246950712524074	-2.5011800683995746	-2.572775709268493	-2.6348765035609594	-2.688770958950185	-2.7362761275975074	-2.778756027016005	-2.8171895651661987	-2.8522919125700614	-2.884599572538311	-2.9145253208110926	-2.942393889037608	-2.9684657033371105	-2.9929531085086505	-3.016031746849798	-3.03784872909356	-3.0585286273261634	-3.0781779543575802	-3.096888568865734	-3.1147403034319154
2.2	-2.4575202908529414	-2.5329342061838958	-2.6053449626254874	-2.669311272328822	-2.725193737953707	-2.7745901226907197	-2.818825406462528	-2.8588813181886144	-2.8954855079424906	-2.92918812717107	-2.9604144676656006	-2.989500151184152	-3.016714918844258	-3.0422790535958044	-3.0663749756069487	-3.089155608285451	-3.110750535721566	-3.1312706172351836	-3.1508115025167793	-3.1694563490025276
2.3	-2.491886509875511	-2.5660979855226924	-2.638832884374736	-2.704383625695538	-2.7621167704853677	-2.8133249956687667	-2.859263324028146	-2.900903878383776	-2.9389809840644423	-2.974055388495165	-3.0065631424497674	-3.036849672559537	-3.065193326112264	-3.0918218397476047	-3.1169240677505137	-3.1406584945081555	-3.163159526845434	-3.184542224973125	-3.2049059153181316	-3.2243369889289726
2.4	-2.527759293714064	-2.6007148388970434	-2.673338397275534	-2.7401543053212905	-2.7995777798966315	-2.8525064834976392	-2.9000886158730106	-2.9432717195760443	-2.98278985450598	-3.019210751767588	-3.05297916206918	-3.0844490564646363	-3.1139065716718997	-3.141586343776072	-3.167683270440918	-3.1923611126174913	-3.2157588871488425	-3.237995692299891	-3.2591744040450896	-3.279384545939232
2.5	-2.5650936414585486	-2.6367965091362215	-2.708956552192756	-2.776689948709547	-2.8376183788207237	-2.892162657243598	-2.9413215838296276	-2.986000283875366	-3.026924299689951	-3.0646640866676003	-3.0996706895943693	-3.132305163829877	-3.162860496796946	-3.191577591507892	-3.2186569459490944	-3.244267277031012	-3.2685519731274857	-3.29163398890616	-3.3136196086652525	-3.3346013766923024
2.6	-2.6038354439899623	-2.6743282013524423	-2.7457688277437695	-2.8140616086172408	-2.8762840808584036	-2.9323240304951903	-2.982984070480341	-3.029106026480427	-3.071397192751699	-3.110425751933714	-3.1466462422676473	-3.1804251172774727	-3.212061139208349	-3.2418007580827783	-3.269849571129361	-3.2963808907331655	-3.321542210081251	-3.345460138096829	-3.3682442109682116	-3.389989870437213
2.7	-2.643924042306571	-2.7132742613799703	-2.7838339433002433	-2.8523417793130865	-2.915623979005159	-2.9730235828979863	-3.0250995050306306	-3.0726064473772308	-3.1162221182564385	-3.1565066055775195	-3.1939146965395633	-3.2288163030830868	-3.261514733240946	-3.2922611670991886	-3.321265736012646	-3.3487059435999122	-3.374733090341468	-3.3994772150228734	-3.423050932861064	-3.445552447404517
2.8	-2.685295156267938	-2.7535839163907543	-2.823182231297544	-2.8915996953035914	-2.955689901297859	-3.014296642752174	-3.0676929011021548	-3.1165201023299787	-3.16141338023783	-3.202918008841679	-3.2414852891079695	-3.277486370426746	-3.3112277080938695	-3.3429642883638877	-3.3729101413593416	-3.4012465099343645	-3.428128170891437	-3.453688344441275	-3.4780425342933077	-3.5012915569043646
2.9	-2.7278835444308323	-2.7951967859146083	-2.8638152026062533	-2.931895268793949	-2.996534835163769	-3.0561805539635447	-3.110790780839417	-3.1608665830581675	-3.206985994991472	-3.2496718216082465	-3.2893676127100253	-3.326443227209099	-3.3612066837250145	-3.393915733968461	-3.424787594992183	-3.454006745094275	-3.4817310702996114	-3.508096697947633	-3.5332218107726243	-3.5572096751041236
3.0	-2.771625057306549	-2.8380476897582474	-2.905709700652345	-2.9732729047358837	-3.0382104710628868	-3.098714038000697	-3.1544209924931037	-3.2056664536508372	-3.252955662889221	-3.2967803864456053	-3.337571605172319	-3.375695031586629	-3.4114584638862038	-3.4451212523815236	-3.476903006710706	-3.5069908810816255	-3.5355454648789326	-3.5627054906228497	-3.5885915904312844	-3.6133093024576315
3.1	-2.816458022439374	-2.8820703734895567	-2.948824550363745	-3.0157570273109298	-3.0807639125271216	-3.1419361625267017	-3.198612382614922	-3.250941127401776	-3.2993387122472067	-3.3442564979342313	-3.3861075299676306	-3.4252501782533624	-3.4619900257312803	-3.496586720211633	-3.5292613815707696	-3.5602032209548957	-3.5895750839805984	-3.6175179770325188	-3.644154730601585	-3.669592960757548
3.2	-2.862324056469554	-2.9272000653524235	-2.9931074842570045	-3.059350804503897	-3.1242339449182763	-3.185884862856584	-3.243394282436225	-3.296712666008541	-3.346152007148525	-3.3921133533847474	-3.4349859462780863	-3.4751172783754662	-3.5128085053686586	-3.548318131264759	-3.5818678112965214	-3.6136481319162304	-3.643823704326354	-3.6725374465156655	-3.699914113857858	-3.72606318978207
3.3	-2.909168450688849	-2.973375022672535	-3.0385009161517464	-3.1040382745181305	-3.1686476286174	-3.2305950483235013	-3.288795775964515	-3.3430034825779056	-3.3934128103737597	-3.4403644806432694	-3.4842176663552205	-3.5253051319819098	-3.563921178678671	-3.60032158249472	-3.6347274635795914	-3.667330036919729	-3.69829514328071	-3.727767217698526	-3.7558726434825225	-3.782722543507592
3.4	-2.956940268738216	-3.020537326175448	-3.084946067536343	-3.149788751071384	-3.2140181255769216	-3.276096464577593	-3.3348447408448307	-3.389835932746569	-3.4411385926626736	-3.4890236385011058	-3.5338136978440553	-3.5758226915475393	-3.6153354366824564	-3.652603256428938	-3.687845569013174	-3.7212534046443304	-3.7529932509639394	-3.7832106321694257	-3.8120332383144024	-3.8395735858597058
3.5	-3.0055922652660527	-3.0686331723339997	-3.1323855706547143	-3.1965618936767526	-3.2603443724623706	-3.3224116375490045	-3.3815666961848803	-3.4372317864001336	-3.489346781001779	-3.538104685470967	-3.5837851687643965	-3.626679015499087	-3.6670587547437647	-3.7051693996500945	-3.7412274054092887	-3.775422737676582	-3.8079219011087857	-3.8388710472529306	-3.868398826939429	-3.896618885976655
3.6	-3.0550807025754194	-3.1176128592471075	-3.180764918322132	-3.244312208135881	-3.3076125785269515	-3.3695543144725084	-3.428983551235616	-3.4852115875631835	-3.5380544421680256	-3.5876214135852735	-3.634143233098201	-3.6778832104608807	-3.71909865492074	-3.7580262969327043	-3.7948782792588256	-3.829842558756287	-3.8630849805695022	-3.8947518278256585	-3.924972341187066	-3.9538610129617338
3.7	-3.1053651162136187	-3.1674306015386913	-3.2300331414058965	-3.292992430030983	-3.355798940745732	-3.4175287592855996	-3.477112409566552	-3.533793932092892	-3.5872779039147518	-3.6375873456525047	-3.6848989555080265	-3.7294443612709687	-3.771462660876613	-3.811180240678824	-3.848803504119054	-3.8845173949533116	-3.918486377401733	-3.9508563371228975	-3.9817567089005497	-4.011302530104635
3.8	-3.156408061488678	-3.2180442610797915	-3.2801430128551976	-3.3425557710638483	-3.4048727582007388	-3.466330044279892	-3.5259646180450286	-3.582994718832287	-3.637032325086147	-3.688015497262956	-3.7360631746962834	-3.781371448177404	-3.8241582449221765	-3.8646374953763596	-3.903008375755455	-3.9394517596681706	-3.974129967446761	-4.007187926494945	-4.038754845955643	-4.068945988556292
3.9	-3.208174860013295	-3.2694150459309803	-3.331050983218545	-3.3929572537227326	-3.4547992926532154	-3.5159452038692356	-3.5755452318797674	-3.6328264529688505	-3.6873312368648072	-3.7389181088038654	-3.787646346369893	-3.8336732512008225	-3.87719276701404	-3.9184042569236155	-3.9574981439274177	-3.9946501323841965	-4.030019599374661	-4.063749924085222	-4.095969647511182	-4.126793920447604
4.0	-3.2606333570104615	-3.3215072074188505	-3.382716977172743	-3.4441544063119887	-3.5055420403620836	-3.5663549184790995	-3.6258529898088696	-3.6832976909721604	-3.7381860883966818	-3.7903063575903517	-3.8396583687008046	-3.8863582424410894	-3.9305734058820887	-3.9724866068306617	-4.012277980793282	-4.050116936146452	-4.086159078168535	-4.120545622419195	-4.153403978485537	-4.184848831449541
4.1	-3.3137536948632267	-3.3742877512956584	-3.435104128371295	-3.496107547326413	-3.557064350643945	-3.6175353523598286	-3.676880782253231	-3.734412706551484	-3.789605838209569	-3.842190065332498	-3.8921083954710656	-3.93943446810377	-3.9843070829107075	-4.026890461524868	-4.067352946021397	-4.105856512803101	-4.142552147066826	-4.177578264914131	-4.2110606632662755	-4.243113192780724
4.2	-3.3675081051944065	-3.4277261705827273	-3.4881784965447125	-3.5487798240649786	-3.609330477301665	-3.6694598525813813	-3.7286164948145446	-3.7861714251920873	-3.8415966348193793	-3.894577420544267	-3.945004644531818	-3.9929094231778652	-4.038400379941697	-4.081621517253611	-4.1227279488305495	-4.161873096119162	-4.199202468023044	-4.234851031344922	-4.268942474675985	-4.3015894326786075
4.3	-3.421870719882106	-3.4817942028811073	-3.5419087904826685	-3.602137114247281	-3.6623061992471477	-3.722100348904017	-3.7810440567389723	-3.8385696290468942	-3.8941616234161955	-3.947474737933086	-3.9983542114214545	-4.046789922911062	-4.092859452776517	-4.136685191384306	-4.17840770734329	-4.218170782959717	-4.256113600791759	-4.292367022330589	-4.32705212223517	-4.36027992736177
4.4	-3.476817400362733	-3.536465612267377	-3.5962661086063825	-3.6561478583818463	-3.7159591409867163	-3.7754284097879665	-3.8341445274294	-3.8915993888951483	-3.9473009006991946	-4.000886276184789	-4.052162899515119	-4.101081976353413	-4.147689942785015	-4.192086561236046	-4.234396705814353	-4.2747535028379975	-4.313288980805841	-4.350129242939184	-4.385392239783523	-4.419186991523693
4.5	-3.5323255840263736	-3.5917159945066395	-3.651223702052505	-3.710782863271368	-3.770258896925349	-3.8294159818418168	-3.8878970962600015	-3.945249649437999	-4.001011619904593	-4.05481413134007	-4.106435078450341	-4.155790668087038	-4.202896889610953	-4.247830301914691	-4.290699150484921	-4.331624986229912	-4.370731896071057	-4.408140585545166	-4.443965372542918	-4.478312868412285
4.6	-3.5883741462687353	-3.647522603672951	-3.7067567614589185	-3.766015099728108	-3.8251770343555167	-3.884035871544321	-3.9422799255103325	-3.9995068849536004	-4.055288227963154	-4.1092582155300095	-4.161173581463256	-4.210920054632605	-4.258484648420746	-4.303920624933246	-4.347318924999717	-4.388788732165528	-4.428445463368257	-4.466403812111698	-4.502773963729208	-4.537659719564305
4.7	-3.6449432767017775	-3.703864198046616	-3.7628422266924995	-3.8218195069976053	-3.8806870258099515	-3.9392620332757593	-3.9972708133856583	-4.054355751914655	-4.110122801589634	-4.1642163215417485	-4.216379649621215	-4.266473081763973	-4.314456815385236	-4.360361219644465	-4.404259546492324	-4.446247975712989	-4.486432604117422	-4.524921536109563	-4.561820340844149	-4.597229614279202
4.8	-3.7020143680644284	-3.7607209031664928	-3.8194586178259575	-3.8781728101020194	-3.93676414363272	-3.995069719958501	-4.052847685533222	-4.10977968566241	-4.165505441946	-4.219684264452232	-4.272052927043976	-4.322451527996868	-4.37081616504193	-4.417155199654356	-4.461524123576633	-4.5040056560634785	-4.544696020318011	-4.5836962043224085	-4.621106701802923	-4.657024518932373
4.9	-3.7595699164664875	-3.818074090040755	-3.8765858853060555	-3.9350533526734885	-3.993385337336206	-4.051435540675285	-4.108988939612518	-4.165761411104278	-4.22142468846073	-4.27565608427972	-4.328191506674981	-4.378855977895115	-4.427564602812323	-4.474305056389253	-4.519115317561075	-4.562064385998033	-4.603238171032217	-4.642730078823047	-4.680635101075621	-4.717046286242726
5.0	-3.817593431715152	-3.8759062666977067	-3.9342052771975373	-3.992440945805794	-4.050529106187405	-4.108337457977237	-4.165673672591086	-4.222283356803143	-4.277867919271444	-4.332124289484609	-4.384792021769377	-4.435685826738522	-4.484703135246469	-4.531812621832348	-4.577035308210487	-4.620426423559305	-4.662061249917071	-4.702025219434844	-4.740407436041403	-4.777296644623264
5.1	-3.8760693565967994	-3.9342009814524004	-3.9922992214862147	-4.050316732361125	-4.108175374245973	-4.16575474794116	-4.222881819147195	-4.27932797532121	-4.334821715506802	-4.389080120475086	-4.441849774733858	-4.492939315802397	-4.542231859587771	-4.589679042122564	-4.635285765307072	-4.679093646756045	-4.721167164333534	-4.761583467013645	-4.800425433770612	-4.837777187755281
5.2	-3.934982994108157	-3.992942736455747	-4.050851221595673	-4.108663065633031	-4.166305371794962	-4.223667938701215	-4.280594225363444	-4.336877980364416	-4.392272176489063	-4.446513814457209	-4.499358892774653	-4.550613595333736	-4.600149973095965	-4.647904763235046	-4.693867827102335	-4.7380675320891275	-4.780557516561636	-4.821406427896772	-4.8606906384616035	-4.898489364536038
5.3	-3.994320441744415	-4.052116910270877	-4.109845763468526	-4.167463401049595	-4.224901525084949	-4.282058737887813	-4.338792676931784	-4.394916514471654	-4.450205181168393	-4.504414856945411	-4.557312499137038	-4.608704810565203	-4.658455801368879	-4.706489529375733	-4.752782086511242	-4.797349137603166	-4.840233587627644	-4.881495459864307	-4.921204399764046	-4.9594344695556405
5.4	-4.05406853205648	-4.111709688382367	-4.169268232759746	-4.2267021995611085	-4.28394735509738	-4.340909955714679	-4.397459896451868	-4.453427261282436	-4.508606596988815	-4.562772209886509	-4.615702889386967	-4.66720820498211	-4.7171468438042155	-4.7654323940770125	-4.812028585592605	-4.856939091038655	-4.900196324200908	-4.941851659942937	-4.981967862218204	-5.0206136342608545
5.5	-4.114214778782854	-4.171708000686337	-4.229104840873912	-4.286364841410835	-4.3434273853250005	-4.400205427940533	-4.456579520522727	-4.5123945151183635	-4.567462440985188	-4.621574510751922	-4.674521703814242	-4.726118234619459	-4.776219833462115	-4.8247317433407835	-4.87160681850882	-4.9168375834922475	-4.960446328944878	-5.0024758543531735	-5.04298195602924	-5.082027818960821
5.6	-4.174747327944991	-4.232099465134532	-4.2893425587450285	-4.346437549087298	-4.403327058174591	-4.459929941250667	-4.516136064279758	-4.571803218646648	-4.626758999665167	-4.680810240581016	-4.73376008917433	-4.785428687363277	-4.835670808008428	-4.884385329602224	-4.931515742792391	-4.977044368797545	-5.020983854611897	-5.063368590857327	-5.1042473893768046	-5.143677805822197
5.7	-4.2356549133687595	-4.292872336813797	-4.349969057404955	-4.406907318373979	-4.463632659397874	-4.520069162497743	-4.576114878731788	-4.631638977311186	-4.686482914692086	-4.740467861608751	-4.793408845222351	-4.8451328019205455	-4.895495188166377	-4.944390314833421	-4.991753798396814	-5.0375587686286325	-5.081808802059208	-5.124530133709495	-5.165764642433108	-5.205564192988585
5.8	-4.296926816158745	-4.354015461836363	-4.41097265451533	-4.467761856532613	-4.524331249873505	-4.580609572525761	-4.636502104569289	-4.691888057304822	-4.746621241052675	-4.800535926816511	-4.853458553528909	-4.905223382121233	-4.955687860161235	-5.0047433208044145	-5.052318933703904	-5.0983796831189725	-5.142920722240713	-5.185960461342193	-5.227533963228183	-5.267687389941748
5.9	-4.3585528277090795	-4.415518235497261	-4.4723422661491	-4.528989526770593	-4.585410604048461	-4.641538404847443	-4.697284624905622	-4.752537372233265	-4.8071614836472945	-4.86100316466721	-4.913899687733065	-4.965692903341512	-5.016243258951216	-5.065440484381376	-5.1132086374210335	-5.159505606593901	-5.204318822103	-5.247659266850789	-5.289555365460356	-5.330047614200111
6.0	-4.420523215883657	-4.4773705642250565	-4.5340673632038975	-4.5905792982480005	-4.646859154370857	-4.702843589165002	-4.758450018558393	-4.813574462308186	-4.868091617336075	-4.921858542628467	-4.974722705624421	-5.026533608939733	-5.077155449520306	-5.126477515759212	-5.174419975143508	-5.22093464784894	-5.2660019741925055	-5.3096259612598455	-5.351828628304573	-5.392644889424354
6.1	-4.482828694041844	-4.539562830912061	-4.596137931911658	-4.652520700974013	-4.708665941090217	-4.764513699558227	-4.819986514881773	-4.874987468879718	-4.9294000945672956	-4.983091313043697	-5.035918124273751	-5.087737595573352	-5.138418204083135	-5.1878497576733675	-5.235949629284587	-5.282664554278726	-5.327968729671169	-5.371859679479521	-5.41435329822352	-5.455479044971339
6.2	-4.545460392623346	-4.602085863262024	-4.658544437979587	-4.7148037850254605	-4.770820566854034	-4.826537907071478	-4.881882950749823	-4.936765106333178	-4.9910758438866605	-5.044691044637622	-5.0974765799130575	-5.149296887060811	-5.200025073645875	-5.249552243878946	-5.297793941082703	-5.344692739077904	-5.390217334346323	-5.434359288789042	-5.477128692738368	-5.518549716907271
6.3	-4.6084098330389445	-4.664930904838046	-4.721277793958052	-4.77741908359309	-4.8333131555848645	-4.888905936386604	-4.944128730011784	-4.998896632784777	-5.053108261913008	-5.106647642555254	-5.159388874481147	-5.211203497051024	-5.261969452924807	-5.311579755486181	-5.359948953471744	-5.40701631069754	-5.452745747251603	-5.497123399621643	-5.540153906069939	-5.581856350460205
6.4	-4.671668903642516	-4.728089588531759	-4.784329329482887	-4.8403575794244365	-4.896134315176161	-4.951608026253835	-5.006713785553513	-5.061371820573927	-5.115487200774417	-5.168951359409	-5.221646010777412	-5.273449481176226	-5.324244638109473	-5.373926874065153	-5.422410453728699	-5.469632103745776	-5.5155516612714495	-5.560150378374333	-5.603427816519081	-5.6453982038619674
6.5	-4.735229837584752	-4.791553912208474	-4.847690764084131	-4.903610674286916	-4.959275103595823	-5.014634893356055	-5.069628543976954	-5.124180927229245	-5.178202952521053	-5.231592799394822	-5.28423921807093	-5.336026979617651	-5.386843877352065	-5.436588030749919	-5.485174014976079	-5.532536710563571	-5.578632525282817	-5.6234383619280495	-5.666949095419008	-5.709174353501497
6.6	-4.799085192371282	-4.8553162163116745	-4.911354182291516	-4.9671701611223895	-5.022726998032909	-5.0779776992959045	-5.132863892831713	-5.1873146673531245	-5.2412462316529025	-5.294562917160821	-5.347159969846404	-5.398928251141092	-5.449760414165248	-5.499557550862109	-5.548235035796902	-5.595726512777823	-5.641985567292317	-5.686985273540512	-5.7307162174635335	-5.7731837002867135
6.7	-4.863227830967112	-4.919369163235366	-4.9753120107999855	-5.03102819860524	-5.086481866764788	-5.141628020414993	-5.196411150285618	-5.2507641857027725	-5.304608156605648	-5.357853012782073	-5.4103999951696515	-5.462145699693532	-5.512987524122877	-5.56282969382338	-5.61158877740232	-5.659197712225622	-5.7056078180719	-5.750788839764925	-5.794727472194402	-5.83742497709104
6.8	-4.927650904305981	-4.983705718294608	-5.039556997487111	-5.09517728785163	-5.15053194345956	-5.2055778201769325	-5.2602620370945425	-5.314521031627079	-5.368280230810643	-5.421454723916119	-5.473951284949463	-5.525671894621608	-5.576518545394247	-5.626398688328912	-5.675230397964623	-5.722946360746543	-5.769496134837907	-5.814846608051872	-5.858980976418786	-5.901896757144381
6.9	-4.992347835078997	-5.048319132143618	-5.1040821920986055	-5.159610251058131	-5.214869803661543	-5.2698194238690945	-5.324408650719271	-5.378577134935612	-5.432254323771593	-5.485360015982117	-5.537806094174485	-5.589499585501585	-5.64034690371672	-5.69025876291023	-5.73915498388331	-5.786968388446448	-5.833647224571407	-5.8791559647075164	-5.923474687323954	-5.966597463217032
7.0	-5.057312302688768	-5.11320292450735	-5.168880928439844	-5.224320211874559	-5.279488343237007	-5.334345495400774	-5.388843441433663	-5.442924783218407	-5.496522652469254	-5.549561171017985	-5.601956941022886	-5.653621712476708	-5.70446613243843	-5.754404172127895	-5.80335757788389	-5.851259630139941	-5.89805766663831	-5.943714152906326	-5.988206416059881	-6.031525377438708
7.1	-5.122538229268388	-5.17835086910703	-5.23394680792941	-5.289300577338677	-5.344380758582936	-5.399149015996837	-5.4535591902708	-5.507556600596619	-5.5610777633071	-5.614050775718167	-5.666396603582533	-5.7180314128944785	-5.768869888255314	-5.818829218709293	-5.8678332039569785	-5.915815849774491	-5.962723934431595	-6.008518290488641	-6.053173841570842	-6.096678651593562
7.2	-5.188019766673417	-5.243756979672792	-5.299273684387224	-5.354545021220657	-5.409540528424259	-5.464223264606142	-5.5185489886599886	-5.572465527858544	-5.62591251473759	-5.678821709033967	-5.731118114781337	-5.7827220249322995	-5.833551963236126	-5.8835282719897615	-5.932576889228637	-5.980632762724233	-6.027642415820781	-6.073565387309985	-6.118374524472942	-6.162055317735121
7.3	-5.253751284365364	-5.309415496947988	-5.364855649943493	-5.420047468642236	-5.4749613970446696	-5.529561799862259	-5.583806219615466	-5.637644803919606	-5.6910200606545	-5.743867129622988	-5.796114756010688	-5.847687088800827	-5.898506293684134	-5.9484957830338665	-5.997583682914201	-6.045706055913414	-6.092809432253777	-6.138852361947962	-6.183805920794394	-6.2276532989721725
7.4	-5.319727358112305	-5.37532087659924	-5.430687021967328	-5.485802081850991	-5.54063735881371	-5.595158443450762	-5.649324540347166	-5.703087948535892	-5.756393834597368	-5.809180463359768	-5.861380049827292	-5.912920346023464	-5.963726966331712	-6.013726296813653	-6.062848672549477	-6.111031405788644	-6.158221256410551	-6.204376057611482	-6.249465395418148	-6.2934704202869005
7.5	-5.385942759439974	-5.441467777955401	-5.496762330924469	-5.55180324704302	-5.606562643887762	-5.6610072647523975	-5.71509786617329	-5.768788746196233	-5.822027534785432	-5.874755391061578	-5.926907752038345	-5.978415737209005	-6.02920822230881	-6.079214461807452	-6.12836699771849	-6.176604494204833	-6.2238741283557095	-6.270133257134868	-6.315350235090682	-6.359504419259304
7.6	-5.452392445773002	-5.507851053505949	-5.563076309083134	-5.618045562139207	-5.672731704976186	-5.727102566644888	-5.781120355624296	-5.834741231116816	-5.887915109978225	-5.940585836538526	-5.992691843409109	-6.044167398663582	-6.094944459271741	-6.144955037360983	-6.1941338615090675	-6.242421022324197	-6.289764270177699	-6.336120696974327	-6.381457660885463	-6.425752956586447
7.7	-5.519071551211049	-5.574465739096382	-5.629623879995254	-5.68452382543007	-5.7391392050754675	-5.793438872358326	-5.8473863966369475	-5.900939673263162	-5.954050746145883	-6.006665955042703	-6.0587265211787535	-6.110169658126448	-6.160930232026904	-6.210942899125362	-6.260144539929417	-6.3084767226513545	-6.355887899135344	-6.402335080155737	-6.447784840033543	-6.49221362630055
7.8	-5.5859753778910015	-5.641307044764112	-5.696400148687813	-5.751233025013395	-5.805780006084623	-5.860010913289736	-5.913890593746048	-5.967378565326964	-6.020428853922597	-6.072990122164834	-6.125006190527141	-6.176417029862171	-6.227160251936381	-6.277173042856846	-6.326394389513277	-6.3747673693425835	-6.422241239358528	-6.468773088150266	-6.514328897056587	-6.55888396560575
7.9	-5.6530993878892275	-5.708370346163838	-5.763400392505483	-5.818168328956457	-5.872649158224126	-5.926813617692148	-5.980627756189582	-6.034052610588428	-6.0870440568106154	-6.139552923207107	-6.191525456101017	-6.2429042092977465	-6.293629385349399	-6.343640586832875	-6.392878853330394	-6.441288786935056	-6.488820532169438	-6.535431391677507	-6.581086924158404	-6.62576146426898
8.0	-5.72043919562344	-5.775651176535996	-5.830620052551346	-5.885325076121683	-5.939741890188762	-5.993842100161954	-6.047592886850607	-6.100956711598821	-6.153891180098441	-6.206349143045851	-6.258279113680478	-6.309626067356281	-6.360332651265433	-6.410340773109175	-6.4595934656046445	-6.50803685764383	-6.555622045104703	-6.602306660454979	-6.64805599084971	-6.692843573515317
8.1	-5.787990560716574	-5.843145219176442	-5.898054725677943	-5.952698767600644	-6.007053599971819	-6.0610916518561115	-6.114781171966227	-6.168085959621875	-6.220965240455042	-6.273373756486871	-6.325262142044944	-6.376577644608593	-6.427265218401411	-6.477268967814674	-6.526533855126026	-6.575007527372161	-6.622642079727677	-6.66939557192794	-6.715233152796992	-6.760127714392077
8.2	-5.855749381288337	-5.910848300369027	-5.9657001569850685	-6.020285058706737	-6.074579846304339	-6.128557731377333	-6.182187971540337	-6.235435624776997	-6.288261436161371	-6.340621919108077	-6.392469695080695	-6.443754145338641	-6.494422401806672	-6.544420660654976	-6.593695747625437	-6.642196810575046	-6.6898769783251355	-6.736694819024885	-6.782615459900036	-6.827611285578569
8.3	-5.923711687643741	-5.978756382746388	-6.033552232785067	-6.088079751481667	-6.142316340658683	-6.196235956271652	-6.249808810402607	-6.30300114683128	-6.355775137940727	-6.408088958578388	-6.459897094158656	-6.511150931598266	-6.56179965914444	-6.611791463771446	-6.66107496726403	-6.709600794108368	-6.757323129584231	-6.804201116992489	-6.8501999636139725	-6.895291670629581
8.4	-5.991873636329631	-6.046865559047299	-6.101606973999793	-6.15607878767516	-6.210258939770591	-6.2641220950880365	-6.3176393698614355	-6.370778126591333	-6.423501880350601	-6.475770366437816	-6.527539820800577	-6.578763517309623	-6.629392586737628	-6.679377110081854	-6.728667437372323	-6.777215640186792	-6.824976973344638	-6.871911209369083	-6.917983723540601	-6.963166244650459
8.5	-6.060231504533414	-6.115172046241598	-6.1698605299568055	-6.224278242161024	-6.278403638638409	-6.332212059954568	-6.385675479903414	-6.4387623178496645	-6.491437353699947	-6.543661790321081	-6.595393509643843	-6.64658756246021	-6.697196915458848	-6.747173451209733	-6.796469180558229	-6.845037588563828	-6.892835004518048	-6.939821873159014	-6.985963813320695	-7.031232380412789
8.6	-6.128781684799968	-6.18367217999633	-6.2383091725551445	-6.292674316756319	-6.346746563961863	-6.400501899630006	-6.4539131118960675	-6.506949619844001	-6.559577396457477	-6.611759026605316	-6.663453941708747	-6.7146188674239955	-6.765208506529458	-6.815176455093171	-6.864476318288732	-6.9130629580373135	-6.9608937762628	-7.007929923271356	-7.054137325863898	-7.099487453905693
8.7	-6.197520680044606	-6.252362409458799	-6.306949290773643	-6.361263334413019	-6.415283967986468	-6.468987792993403	-6.522348371754598	-6.575336070191174	-6.6279179881184955	-6.680058013461656	-6.731717037967545	-6.782853367433454	-6.833423347280015	-6.883382203349388	-6.932685070036365	-6.9812881473735375	-7.0291499024964565	-7.076232216286167	-7.122501377956341	-7.167928849385377
8.8	-6.266445098842336	-6.321239292334503	-6.375777385497174	-6.430041733754759	-6.484012222722633	-6.53766604293782	-6.590977493536814	-6.643917838260343	-6.696455242499516	-6.7485548242900855	-6.800178853211067	-6.851287127220008	-6.901837546913908	-6.951786888459077	-7.001091752069515	-7.04970963573359	-7.097600059823149	-7.144725653609995	-7.19105311428796	-7.236553963886436
8.9	-6.335551650974159	-6.390299490239487	-6.444790064638214	-6.499006063933237	-6.552927814511286	-6.60653307063741	-6.659796833433692	-6.71269121895315	-6.76518540143188	-6.817245661517056	-6.868835570206018	-6.919916335834625	-6.97044733230717	-7.0203868108237755	-7.0696927759547705	-7.118323982676339	-7.166240988946717	-7.213407184079886	-7.259789710942447	-7.305360211264461
9.0	-6.40483714321417	-6.459539764308484	-6.513984038533033	-6.568152979781383	-6.622027338910533	-6.675585410159707	-6.728802864125749	-6.781652626861087	-6.834104828827501	-6.8861268507357565	-6.9376834941343954	-6.988737301655892	-7.039249043870463	-7.089178375740506	-7.138484646829781	-7.187127827803836	-7.235069495634418	-7.282273806072258	-7.328708378392668	-7.374345025780105
9.1	-6.474298475340758	-6.5289569710416995	-6.583356115593583	-6.637479237242138	-6.691307495879869	-6.7448197033976225	-6.797992169478137	-6.850798590772682	-6.903210005091516	-6.955194835169429	-7.006719047305035	-7.05774644758915	-7.108239131493031	-7.158158090329957	-7.207463961496657	-7.2561178901071965	-7.304082451290034	-7.351322569169438	-7.39780636404357	-7.443505865256363
9.2	-6.543932636358138	-6.59854805837427	-6.652903198197656	-6.706981689053572	-6.760765085240639	-6.814232695297797	-6.867361439549592	-6.920125748505454	-6.972497521858507	-7.024446170438985	-7.0759387641266525	-7.126940306457648	-7.177414150583694	-7.227322560448076	-7.276627406378418	-7.325290967063646	-7.373276793189413	-7.4205505754331575	-7.467080954363162	-7.5128402138386585
9.3	-6.613736700914327	-6.6683100619540046	-6.722622278801332	-6.776657280672707	-6.830397002393207	-6.883821229363912	-6.936907465892579	-6.989630842039491	-7.04196407703048	-7.09387751961691	-7.145339286331151	-7.19631551658437	-7.246770758219894	-7.296668487605187	-7.345971755374492	-7.394643933529178	-7.442649524426063	-7.489954980330367	-7.536529476640547	-7.582345584387259
9.4	-6.683707825903147	-6.738240101613744	-6.792510436258889	-6.84650304642167	-6.900200234272935	-6.953582243415566	-7.006627137123822	-7.059310712931433	-7.111606470096419	-7.163485648550317	-7.2149173584357555	-7.265868817561616	-7.316305709412569	-7.366192665912115	-7.4154938676456545	-7.464173740465183	-7.512197713609206	-7.559532993353152	-7.6061493004076475	-7.65201952053104
9.5	-6.753843247239155	-6.808335378026072	-6.862564832336753	-6.916516105841453	-6.970171855528566	-7.0235127655847	-7.076517434746156	-7.12916229798943	-7.1814215977146	-7.233267421436956	-7.284669823432665	-7.335597046204191	-7.386015853491962	-7.435891979068854	-7.48519068535381	-7.533877413532499	-7.581918494351999	-7.6292818783707155	-7.6759378385592765	-7.721859598410994
9.6	-6.824140276794035	-6.878593169528791	-6.932782708408801	-6.986693660239302	-7.040309024907906	-7.093609910533276	-7.146575429204271	-7.199182625190943	-7.2514064495402994	-7.30321979663881	-7.354593618694842	-7.405497132681068	-7.455898130617383	-7.505763397407916	-7.555059231377907	-7.603752051581463	-7.651809064583308	-7.699198953747915	-7.745892548203649	-7.79186342813674
9.7	-6.8945962994854675	-6.949010829110561	-7.003161382321553	-7.057032989417287	-7.110608981836997	-7.1638708758771035	-7.216798276158235	-7.2693688098269735	-7.321558104282685	-7.373339822718943	-7.424685772086999	-7.475566096819877	-7.5259495684122175	-7.575803975001794	-7.625096607023561	-7.673794825062728	-7.721866685712367	-7.7692815922614695	-7.816010931273135	-7.862028655004723
9.8	-6.965208770508683	-7.019585781546736	-7.073698245418479	-7.127531448570226	-7.181069043179953	-7.234292938801962	-7.2871832129600715	-7.33971805085743	-7.3918737259759855	-7.443624634687858	-7.494943398271072	-7.545801044578004	-7.596167278724101	-7.646010846841662	-7.69529998974091	-7.744002974379839	-7.792088681672206	-7.839527220841836	-7.886290534922718	-7.932352960446099
9.9	-7.035975212702428	-7.090315520676471	-7.144390759713659	-7.198186465342253	-7.25168660016778	-7.304873452859319	-7.3577275553197925	-7.410227627463533	-7.462350560450963	-7.5140714504468225	-7.565363695195844	-7.616199164673912	-7.666548454509165	-7.716381226092492	-7.765666630862572	-7.814373808201561	-7.862472437864284	-7.90993332016574	-7.956728951741136	-8.002834062802284
10.0	-7.106893214041172	-7.161197606812387	-7.2152364552054	-7.268995537032048	-7.32245911548522	-7.3756098449298175	-7.428428694148376	-7.480894895784333	-7.532985931993862	-7.584677567416071	-7.635943940760868	-7.686757725372132	-7.7370903668383715	-7.786912401428205	-7.836193853371299	-7.884904701749193	-7.933015400024168	-7.980497424121767	-8.027323819797797	-8.073469717893593
10.1	-7.17796042524669	-7.2322296642749375	-7.286232927321546	-7.339956227937519	-7.393384120505717	-7.446499612343828	-7.49928409256615	-7.551717285825328	-7.603777240180886	-7.655440359336767	-7.706681489645236	-7.757474071415361	-7.8077903620233915	-7.857601734449206	-7.906879049704967	-7.955593095071654	-8.0037150730252	-8.051217119168774	-8.098072822546058	-8.14425771942325
10.2	-7.249174557511323	-7.303409379044464	-7.357377834488423	-7.411066166831301	-7.464459212665149	-7.517540320148898	-7.570291283065918	-7.622692298528106	-7.674721956877077	-7.7263572732362515	-7.77757377029215	-7.82834562109703	-7.878645858858885	-7.928446657183526	-7.97771967960505	-8.026436491319194	-8.074569019635035	-8.122090043604782	-8.16897368860175	-8.215195899231388
10.3	-7.320533380327515	-7.374734496523443	-7.42866889581618	-7.4823230445592745	-7.535682052965761	-7.588729598515046	-7.641447864820998	-7.693817502990731	-7.745817623389337	-7.797425826546732	-7.848618282040793	-7.899369863468069	-7.949654345977876	-7.999444669672004	-8.048713268013163	-8.097432455024629	-8.145574859237836	-8.193113886761843	-8.24002419141395	-8.286282127415998
10.4	-7.392034719416687	-7.446202819403427	-7.500103888893584	-7.553724611754662	-7.607050363602374	-7.660065140269134	-7.712751501129034	-7.765090533829502	-7.817061847763997	-7.868643604368378	-7.919812592397388	-7.970544355671388	-8.02081337931646	-8.070593337637176	-8.119857403019298	-8.168578610399639	-8.216730266532993	-8.264286388140548	-8.31122214884309	-8.35751431233632
10.5	-7.463676454752555	-7.517812205629938	-7.571680647686145	-7.625268676660916	-7.678561925703507	-7.731544698550572	-7.7841999169832246	-7.836509088673116	-7.888452302220111	-7.940008256868133	-7.9911543344377325	-8.041866720398188	-8.092120579684153	-8.141890290235063	-8.191149733864227	-8.239872639652177	-8.288032970219927	-8.335605336496235	-8.382565422660152	-8.428890400512785
10.6	-7.5354565186733815	-7.589560566460405	-7.643397060531421	-7.696953103056985	-7.750214577180513	-7.80316608458091	-7.8557908967630965	-7.908070925781264	-7.95998672071018	-8.011517496806322	-8.062641204334012	-8.113334643459986	-8.163573630435863	-8.213333217888536	-8.262587968997936	-8.311312281329986	-8.35948075167681	-8.407068568887333	-8.454051917979081	-8.50040837643644
10.7	-7.6073728940781855	-7.661445864609584	-7.715251068226121	-7.76877580827909	-7.822006210678433	-7.874927165540521	-7.927522282037545	-7.979773861779986	-8.031662896600599	-8.083169097186095	-8.13427095899903	-8.184945871470843	-8.235170275241662	-8.284919870200612	-8.334169874195043	-8.382895328694204	-8.431071443640137	-8.478673969695043	-8.525679582633261	-8.572066262299403
10.8	-7.679423612702754	-7.733466112477811	-7.787240662199844	-7.840734761333536	-7.893934771622577	-7.946825862546044	-7.999391969473566	-8.051615769506796	-8.1034786804648	-8.15496088900367	-8.206041413841373	-8.256698209634264	-8.306908315950336	-8.356648053945818	-8.40589327072784	-8.454619628126217	-8.502802928890775	-8.550419469622343	-8.597446406505666	-8.64386211765705
10.9	-7.751606753470782	-7.805619370457632	-7.85936388277069	-7.912827981095316	-7.965998256355414	-8.018860148722654	-8.071397908844245	-8.123594575959078	-8.175431977982281	-8.226890759130226	-8.277950440625505	-8.328589519629588	-8.378785610542929	-8.428515631137495	-8.477756033596927	-8.526483077570209	-8.574673138951361	-8.622303044679198	-8.669350420821342	-8.715794039031314
11.0	-7.8239204409161545	-7.877903745314406	-7.931618817478117	-7.985053534587814	-8.038194710358594	-8.091028047365818	-8.143538101130325	-8.195708260339659	-8.247520747937497	-8.298956648269769	-8.349995965431003	-8.400617717592898	-8.450800071172393	-8.50052051716882	-8.549756089819228	-8.598483625013204	-8.646680052798995	-8.694322715159945	-8.741389697409527	-8.787860159463735
11.1	-7.896362843673141	-7.950317388637057	-8.004003599489064	-8.057409535339072	-8.110522226555275	-8.163327630187212	-8.215810596709918	-8.267954852193874	-8.319743000312686	-8.371156549024207	-8.422175966705552	-8.472780772187638	-8.522949662285649	-8.572660679025239	-8.621891416748076	-8.67061926700391	-8.718821695596558	-8.766476544618016	-8.8135623479423	-8.86005864802593
11.2	-7.968932173030211	-8.022858495355315	-8.0765164060732	-8.129894141810517	-8.182978943688397	-8.235757015640253	-8.288213493631256	-8.340332429632966	-8.392096794469367	-8.443488504045687	-8.494488473406635	-8.545076702760591	-8.595232398824447	-8.644934133565819	-8.69416004057154	-8.742888047211315	-8.791096137445287	-8.838762638842331	-8.885866523155439	-8.932387709294302
11.3	-8.041626681544798	-8.095525302319775	-8.14915545714381	-8.202505555894081	-8.25556304477061	-8.308314367320664	-8.36074493596391	-8.4128391176388	-8.464580237413417	-8.515950604270731	-8.566931563227202	-8.61750357757871	-8.667646344501515	-8.717338945871287	-8.766560034621822	-8.815288055023416	-8.8635014921608	-8.911179144839148	-8.958300412056648	-9.004845582795186
11.4	-8.114444661715499	-8.168316086941722	-8.221919013860688	-8.275242021474279	-8.328272755602086	-8.380997892438007	-8.43340311222396	-8.485473086445364	-8.53719148213902	-8.5885409872481	-8.639503360900695	-8.690059512142904	-8.740189610148567	-8.789873227656106	-8.839089517980963	-8.887817424186414	-8.936035916074319	-8.98372424982255	-9.030862241125595	-9.077430542425912
11.5	-8.187384444709217	-8.241229165889656	-8.294805377292	-8.348101823051561	-8.40110634335242	-8.453805840354264	-8.506186253869142	-8.558232549992823	-8.609928726047203	-8.661257835514807	-8.712202036581353	-8.762742667574877	-8.812860352133008	-8.862535135742357	-8.911746654017923	-8.960474331484251	-9.008697606860252	-9.056396180216188	-9.103550273509713	-9.150140895856547
11.6	-8.26044439913989	-8.314262893839327	-8.367812887131878	-8.421083284423956	-8.47406211520339	-8.526736501185866	-8.579092633860071	-8.631115764450053	-8.68279020943473	-8.734099375070889	-8.785025804295719	-8.835551249073282	-8.885656770840072	-8.935322870592989	-8.984529649000617	-9.033256995458192	-9.081484802391325	-9.129193200668519	-9.17636280821902	-9.222974983916735
11.7	-8.33362292989707	-8.387415662275137	-8.440939920471097	-8.494184767423842	-8.547138417049178	-8.599788204465804	-8.652120565284005	-8.704121026802007	-8.755774214049605	-8.807063873908179	-8.857972920461666	-8.908483504435832	-8.958577109217542	-9.00823467490204	-9.0574367507573	-9.106163675166119	-9.154395779621764	-9.202113613083423	-9.249298179322949	-9.295931179971362
11.8	-8.406918477020888	-8.460685898339754	-8.514184890617994	-8.567404670707063	-8.62033363225116	-8.672959317862574	-8.725268400037772	-8.777246673498336	-8.828879061709582	-8.880149640605794	-8.931041682471374	-8.981537722644017	-9.031619651380009	-9.081268832239653	-9.130466247385835	-9.179192668980841	-9.227428853499061	-9.275155755667637	-9.322354755151707	-9.36900788928846
11.9	-8.480329514622163	-8.534072063730047	-8.587546245967232	-8.640741428591735	-8.69364618044456	-8.746248245953062	-8.79853452756683	-8.850491079160058	-8.902103112980274	-8.953355022986209	-9.00423042733501	-9.05471223250734	-9.104782721270086	-9.154423665749613	-9.20361646600932	-9.252342313426793	-9.300582375904616	-9.34831800199624	-9.395530937504168	-9.442203548402233
12.0	-8.553854549844736	-8.607572653636776	-8.661022468913934	-8.714193509944241	-8.767074516394048	-8.819653429046543	-8.871917373657288	-8.923852655341225	-8.975444765909764	-9.02667840682877	-9.077537530381937	-9.128005401364142	-9.178064681373801	-9.22769753689723	-9.276885771576511	-9.32561098205433	-9.373854734623134	-9.421598760097147	-9.468825160864276	-9.515516624473873
