w(ω₀)|α↓|ω→	0.1 ω₀	0.2 ω₀	0.3 ω₀	0.4 ω₀	0.5 ω₀	0.6 ω₀	0.7 ω₀	0.8 ω₀	0.9 ω₀	1.0 ω₀	1.1 ω₀	1.2 ω₀	1.3 ω₀	1.4 ω₀	1.5 ω₀	1.6 ω₀	1.7 ω₀	1.8 ω₀	1.9 ω₀	2.0 ω₀
0.1	0.6554113778356885	1.1833903312332135	1.6346494883704037	2.033712419049466	2.3945938466443915	2.726153013854784	3.0343916939915276	3.323586452160432	3.5969043256169	3.8567631635451427	4.105054939799995	4.34329064005231	4.572697871074206	4.794288721110886	5.008908216180397	5.217269725826661	5.41998135359476	5.617565958280831	5.810476578990719	5.999108485711824
0.2	0.6503754877710071	1.1751044410893718	1.6238614620521166	2.0208562092297684	2.37996115639114	2.709961023350615	3.0168129818183966	3.304764112684615	3.5769604428829638	3.835803975489459	4.083174209214971	4.320571983663165	4.549216446217253	4.770112495864901	4.9840989567970695	5.191883784693855	5.394070312406327	5.591177161779498	5.783653585169852	5.971891449634652
0.3	0.6452735965222628	1.1666827466733285	1.6128948777201144	2.007787764850152	2.365089067703841	2.6935075342523938	2.9989548052382817	3.2856478143120027	3.5567110671171807	3.8145303062994036	4.060972208553282	4.297527171299402	4.525405626760888	4.745605062018064	4.958957904755994	5.16616652626156	5.367829338742195	5.564460595417386	5.756505645895484	5.944352852492498
0.4	0.6400977359225357	1.1581333916140248	1.6017604119907478	1.994519992769718	2.349992563076416	2.676809525752874	2.9808361013432245	3.26625843353664	3.536179004764416	3.792966885516038	4.038475582678061	4.274184752644054	4.501295853179773	4.720798733175035	4.933519225719882	5.140153944042351	5.341296227256792	5.537455826123386	5.72907407003081	5.916535713396549
0.5	0.6348439226692102	1.1494495384454293	1.590449144978833	1.9810424180733976	2.3346600029820466	2.6598545000000744	2.962443761391723	3.246582452891644	3.515350494968988	3.7710998434677503	4.015670461712656	4.250530944236593	4.4768734964566415	4.695680087152813	4.907769743622246	5.113833136404543	5.314458370007113	5.510150551416881	5.7013468661167295	5.8884283527240004
0.6	0.6295084730236016	1.1406248409812336	1.578952808861594	1.9673453686857139	2.319080699389919	2.6426310602819068	2.9437659293136598	3.226607760741366	3.4942133366710686	3.748917024081451	3.9925448420082237	4.226553979435594	4.452127092247759	4.670238010964982	4.881698732362256	5.087193788438611	5.287305878324566	5.482535316371416	5.673315014474563	5.860022182255303
0.7	0.6240875703174561	1.1316527207917193	1.5672628431551758	1.9534188510839954	2.303243639562333	2.6251275025913414	2.924790475639739	3.206322018689077	3.4727551582071157	3.726406163508383	3.9690866793261663	4.202242120638276	4.427045275757912	4.6444615613977245	4.855295704638414	5.060225891182792	5.259829234310332	5.454601098989464	5.644969987475156	5.831309162381608
0.8	0.618577148908756	1.1225261727283544	1.555370142563878	1.939252253728668	2.287137154292736	2.607331455392329	2.9055046137717415	3.1857122580775052	3.450962996723108	3.703554454465673	3.945283439504233	4.17758319722967	4.401616307662533	4.618339479324892	4.828549914907951	5.032919233384674	5.232018771428629	5.426338779648687	5.616303208066089	5.802281249168518
0.9	0.6129728347878572	1.1132376651960938	1.5432649292855105	1.924834199977891	2.270748757680745	2.5892297108982105	2.885894726186175	3.16476470355335	3.428823120798767	3.680348368977464	3.921121921937003	4.152564430091645	4.375827899665576	4.591860016173102	4.8014501865163925	5.0052632289655	5.203864501979613	5.397738968203807	5.587305876086555	5.772930219651382
1.0	0.6072698975774327	1.1037790595354837	1.5309366509449793	1.910152432665089	2.254065024391845	2.5708080995265177	2.8659462393566186	3.1434646507417296	3.4063209123446767	3.656773545348531	3.8965881519982384	4.127172329503818	4.349667117676664	4.565010842009137	4.77398482422542	4.977246833482542	5.175356036944878	5.368791926702086	5.557968893338739	5.743247598817216
1.1	0.6014632020508048	1.0941415287068443	1.5183738783790275	1.8951936998226666	2.2370714699396035	2.552051369652363	2.845643506524234	3.121796354426365	3.3834407616806255	3.632814690921115	3.8716672917385884	4.101392613665683	4.323120307773174	4.5377789784127405	4.746141553371942	4.948858488897165	5.1464825357044335	5.339487523390235	5.5282828212798245	5.713224620385545
1.2	0.5955471546244688	1.0843154677224265	1.5055641936122535	1.8799436303190986	2.2197524215715747	2.5329430593478217	2.8249696842524257	3.099742912550072	3.360165960547823	3.6084554848523624	3.846343552579916	4.0752101310417475	4.29617302766615	4.510150738346442	4.717907467347491	4.920086077845658	5.117232666279134	5.309815198153086	5.498237850924003	5.6828522005296636
1.3	0.5895156421353555	1.074290391411671	1.4924940624936092	1.8643865932285704	2.2020908732177764	2.5134653533917093	2.8039065960172636	3.077286139312876	3.3364785863757156	3.5836784742682526	3.8206001033862425	4.048608779917439	4.268809977000861	4.482111666296839	4.689268976592473	4.8909168804828695	5.087594569050865	5.279763932190732	5.467823777633397	5.652120917001619
1.4	0.5833619605599674	1.0640548157063503	1.479148687358215	1.8485055359091787	2.184068319433528	2.493598920632644	2.782434578181411	3.0544064230136416	3.3123593737673978	3.558464960039663	3.7944189704043394	4.021571421843879	4.241014923329224	4.453646475629713	4.660211756111334	4.861337530943029	5.057555821007437	5.249322218966635	5.437029977779831	5.621020990624743
1.5	0.5770787311216953	1.053596118320194	1.4655118347711777	1.8322817955924182	2.165664563230865	2.4733227269440103	2.7605323040459577	3.031082564850933	3.2877875698935775	3.5327948693268985	3.7677809265994564	3.9940797868257825	4.212770621868857	4.424738981457031	4.630720689953769	4.831333971966108	5.02710339913087	5.218478035083133	5.405845385962631	5.589542267835615
1.6	0.5706578007056221	1.042900373887408	1.4515656325016808	1.81569487839607	2.14685749195812	2.4526138184463018	2.7381765813227728	3.0072915947048355	3.2627407705042297	3.506646612186361	3.740665368189196	3.966114368470498	4.184058727587498	4.395372027833496	4.600779811674758	4.800891406851219	4.996223642190206	5.187218810421068	5.374258472159569	5.55767420367002
1.7	0.5640901227059409	1.0319521573732495	1.4372903284599239	1.7987221982884776	2.127622814138632	2.4314470686485046	2.715342117569257	2.983008559374127	3.23719473287929	3.4799969193317892	3.7130501761220764	3.9376543073712114	4.1548596983195685	4.3655274083060736	4.570372240043172	4.76999424817643	4.964902210515162	5.155531397200675	5.342257218520115	5.52540584494345
1.8	0.5573656133110936	1.0207343078378148	1.422664002350625	1.7813387665888714	2.1079337484407246	2.4097948816899697	2.692001246968348	2.958206277858583	3.21112316143571	3.452820657740959	3.6849115599952906	3.908677260879824	4.125152687578886	4.335185778868954	4.539480109346664	4.738626062874031	4.933124043462528	5.123402037782229	5.309829095699566	5.492725813556745
1.9	0.5504729766923259	1.009227642243165	1.407662218102375	1.7635168199493372	2.08776065358941	2.3876268419072058	2.6681236102878407	2.9328550571119774	3.184497460860054	3.4250906202136875	3.656223881542803	3.87915925720792	4.094915425631315	4.30432656237075	4.508084493686817	4.706769513208109	4.9008733143926815	5.090816331141593	5.276961038723869	5.459622289971407
2.0	0.5433994904209958	0.9974106057083552	1.3922576014454142	1.7452253711869166	2.06707058487361	2.364909297328219	2.643675777800243	2.9069223601598253	3.157286450541881	3.396777284245509	3.6269594543381096	3.849074531502662	4.064124087241536	4.272927843347098	4.476165324642892	4.674406293541374	4.868133383025114	5.057759198015396	5.243639422480833	5.426082996980113
2.1	0.5361307394423146	0.9852588400364307	1.376419321916301	1.7264296624524618	2.0458267586340546	2.341604861224591	2.6186208022616877	2.880372416491559	3.1294560326794083	3.367848534625397	3.5970883157399656	3.8183953411758793	4.032753144300902	4.240966252167794	4.443701301693608	4.641517062321334	4.834886745105195	5.024214844792411	5.2098500369825915	5.3920951839778795
2.2	0.5286502826607865	0.9727446458698158	1.3601124514557823	1.7070904934795674	2.0239879003060244	2.3176718111751864	2.592917685492755	2.85316576206199	3.1009688046407726	3.338269342979045	3.5665779663607826	3.7870917573161664	4.000775201311284	4.208416837291031	4.410669794706401	4.608081369237588	4.801114979377603	4.990166726304183	5.175578062649536	5.357645612013043
2.3	0.5209392300069704	0.9598363045492537	1.3432971616609661	1.6871633882020576	2.0015074435705142	2.293063358760063	2.566520737370099	2.8252586928612202	3.071783603863859	3.3080013959798205	3.5353930714106943	3.7551314284864525	3.968160811426597	4.175252924309167	4.377046737959498	4.574077577260958	4.766798691938779	4.955597507746392	5.140808045933322	5.3227205399812325
2.4	0.5129756987199318	0.9464972121774627	1.3259277071678544	1.6665975495925098	1.9783325369486313	2.2677267542939346	2.5393787996589445	2.7966026115664437	3.041854970611031	3.277002662063761	3.5034951171334554	3.7224793125746554	3.9348782704454512	4.141445960359521	4.342806514915583	4.539482779449458	4.731917458146903	4.920489026090429	5.105523875721415	5.287305712428785
2.5	0.5047341037926426	0.9326847581383657	1.307951121170817	1.6453345331050193	1.9544027982285834	2.241602178888866	2.511434298427685	2.7671432408596943	3.011132510040802	3.2452268840956844	3.4708420141596137	3.6890973716177706	3.90089338581105	4.106965342385069	4.307921833257729	4.504272710494903	4.6964497623999435	4.884822251470241	5.069708761087354	5.251386349543064
2.6	0.4961842162098877	0.9183488493994845	1.2893055168097478	1.6233065403792901	1.9296487340673916	2.2146213589962773	2.482622076788117	2.7368196690231437	2.979560130003364	3.2126229823917223	3.437387637883545	3.654944223650614	3.8661692173057847	4.071778227648203	4.272363589629683	4.4684216531440315	4.660372936276981	4.8485772492175325	5.033345211122211	5.2149471400586735
2.7	0.48728988872753265	0.9034299334793437	1.269917838465132	1.6004341915360174	1.9039897081371768	2.1867058139515088	2.4528679429189526	2.705563182563147	2.9470751242885886	3.1791343486171093	3.4030812938686164	3.6199747446061084	3.830665785750373	4.035849324879524	4.236100723726156	4.431902339852136	4.623663095778983	4.811733143445693	4.996415017778762	5.177972237972706
2.8	0.4780072933812042	0.8878562948035581	1.249700828413338	1.5766235674485702	1.8773312900597066	2.1577646109953013	2.4220868444649803	2.673295825648872	2.9136070621433645	3.1446980060718155	3.36786709368729	3.5841396121295417	3.7943397456446437	3.9991406644869465	4.199100061610652	4.394685850341479	4.586295078723354	4.774268083373128	4.958899242917471	5.140445264174376
2.9	0.4682824204701942	0.8715402688007899	1.2285488461600476	1.5517622070962742	1.8495617385546679	2.127691448404164	2.3901805459188306	2.639928605251716	2.879076432877808	3.109243605412046	3.331683223422144	3.547384781845293	3.7571440173683905	3.9616113464274547	4.161326148526363	4.3567415061798895	4.548242383780799	4.736159213953311	4.920778211053206	5.102349314349528
3.0	0.4580474213758396	0.8543727920514294	1.2063319614145265	1.5257135710623368	1.8205472474485558	2.0963608051055576	2.3570346348181683	2.6053592312577867	2.843392978059584	3.0726922164581456	3.294461083167145	3.5096508851715558	3.719027374354696	3.9232172647108228	4.12274107204709	4.318036764109479	4.509477113156862	4.697382652855018	4.882031509692836	5.063666974826899
3.1	0.44721506594924293	0.836215296798516	1.182887361231444	1.4983091869362377	1.790125379549608	2.06362276628063	2.3225146063100746	2.569469238219628	2.8064536213697604	3.0349548658009398	3.256124271156651	3.470872536275049	3.679933980683772	3.883910808180748	4.083304277280005	4.278537110697731	4.469969921795825	4.657913476444928	4.842637999633945	5.024380348405688
3.2	0.4356699698614513	0.8168871735001888	1.158006410279477	1.469337170250226	1.758095769306785	2.029295926704579	2.2864606584123486	2.5321202730757038	2.7681398750643313	2.9959307556367603	3.2165873805422853	3.4309775343486977	3.639802874991677	3.8436405383539674	4.042972377101093	4.238205962048952	4.429689976729481	4.6177257181986935	4.802575838192795	4.984471092651692
3.3	0.4232539416090922	0.7961454231043699	1.1314143338215588	1.4385248455769	1.724206569920211	1.993157427629705	2.2486806455869854	2.4931492403073188	2.7283145583150517	2.9555050806449765	3.175754570324627	3.3898859463627358	3.5985673977641324	3.8023508469406013	4.001698962244375	4.197004573897328	4.3886049316979685	4.576792383946271	4.7618225190647365	4.943920473695687
3.4	0.40973967711642667	0.773649577323608	1.1027366290053027	1.4055112869547255	1.6881340045828517	1.954928585114501	2.208940338862723	2.452361854963173	2.6868176008673053	2.913546335570466	3.1335178647861435	3.34750905532896	3.5561545614670997	3.759981598569693	3.959434418714803	4.15489196957043	4.346680923696654	4.5350854896051125	4.720354933427733	4.902709439209954
3.5	0.11065872636900125	0.7488962863563681	1.071439781548974	1.369801576257135	1.6494502051929696	1.914253488727033	2.166949639895902	2.409523935283249	2.6434606171589423	2.869902975288308	3.089755128662095	3.30374816089606	3.512484367333085	3.7164677687338634	3.9161257637864595	4.111824896250088	4.303882600333918	4.492576128619569	4.678149458005477	4.860818715015465
3.6	0.10860692774564844	0.7210835028416411	1.0367172368163287	1.3306853136273185	1.6075699793377334	1.8706659010227236	2.1223425277995123	2.3643494199961386	2.5980198093237545	2.8243992507434483	3.0443276599793156	3.2584932245158247	3.467469080228755	3.6717390938370706	3.8717165172516035	4.067757823942154	4.2601731897061725	4.449234578299122	4.635182077160324	4.81822893068574
3.7	0.10737751176485887	0.24482323760643246	0.9972423781210213	1.2870779921207278	1.5616568307779355	1.8235356559498344	2.0746469484064867	2.3164835333202047	2.550226575743478	2.776829999303715	2.9970773427731	3.2116213635623967	3.421012485861878	3.625719760650647	3.826146632252466	4.022643006942688	4.215514628167715	4.405030456708653	4.591428547717053	4.7749207805856
3.8	0.10651238862701673	0.2348344237931575	0.9505291938685773	1.2371717651870202	1.5104424615401295	1.7719767815465322	2.023237884812236	2.2654785890440983	2.499754944393964	2.726954122849825	2.9478233156867684	3.1629952231036134	3.3730091758268377	3.5783281781803233	3.7793525208560643	3.976430634808367	4.169867766099179	4.359932944820862	4.546864617178115	4.730875228024856
3.9	0.10585487634425318	0.22949158857729002	0.40586478975926504	1.1775098535900703	1.4518376953573136	1.7146782178264734	1.967260914023758	2.2107583514858087	2.4462045997108652	2.6744864606380423	2.8963581559826004	3.1124613000821104	3.323343940699512	3.5294768984602136	3.731267224759054	3.929069109479947	4.123192677808958	4.3139110923866895	4.501466308302063	4.686073761624806
4.0	0.10533140730673259	0.22587303320539098	0.3784887449996958	1.099592347747419	1.3819385268326865	1.649560839657305	1.9055009611058062	2.1515641908003453	2.3890778442243064	2.6190878086919933	2.8424436845319017	3.0598483792494346	3.2718914075522236	3.4790727877821896	3.6818208027484083	3.8805054979664013	4.0754491093293135	4.2669342305226605	4.455210285708221	4.640498714577644
4.1	0.10490134096737826	0.22317642713171304	0.36573702335483543	0.5892649964914549	1.2916555733656059	1.5729855433752848	1.8361424259941157	2.0868718009281912	2.32774848941711	2.5603530857305796	2.785806731830434	3.0049663925626544	3.2185161483475033	3.427017601530811	3.6309410359184233	3.830686226679295	4.026597107354086	4.2189725194048595	4.40807432322699	4.594133659187923
4.2	0.104539826639711	0.22105520090784347	0.35739641687084156	0.537070040498664	1.1449485775026158	1.4775399029962417	1.7562983194154926	2.015260651220264	2.261421067387571	2.497798426137215	2.7261356997148285	2.947606284288764	3.163073628699092	3.3732091912035242	3.5785545916742505	3.7795581049413705	3.9765978841145704	4.1699976656966475	4.3600378940598254	4.546963890857183
4.3	0.10423056464214137	0.219326473858025	0.3512823933724435	0.5142984252785997	0.7720872439965506	1.3437426734837852	1.6610236430043206	1.9347139735199352	2.189082279869245	2.430850097765206	2.6630797680834606	2.8875419375074363	3.1054125903377368	3.317543680383917	3.5245888409664925	3.72706979201787	3.925414986604847	4.119983851257737	4.311082909297898	4.498977017367322
4.4	0.10396229784615006	0.2178816459712638	0.3465186959366952	0.4996330460837844	0.7048179951018001	1.1147593646941591	1.5413563657194196	1.8423608504420863	2.109461380491423	2.358843530000821	2.596254628084816	2.824536029619223	3.045379802993517	3.2599190974425944	3.4689745921622976	3.673173854273458	3.873015853834931	4.06890892188073	4.261194633647892	4.450163670729084
4.5	0.1037269371666537	0.21665092675055098	0.3426603439015023	0.48896096020119484	0.6718752911731771	0.944334128486519	1.3851093371698582	1.7344656187216472	2.0210687191041288	2.2810538257840522	2.525262560308357	2.75835302962338	2.9828286249651033	3.2002411541413145	3.411650089294201	3.6178295953485637	3.819373861498139	4.016755891444314	4.210362809806414	4.400518359652857
4.6	0.10351848402568596	0.21558683834765907	0.33944931818823165	0.48068042142032597	0.6502673533838649	0.8748078438436416	1.2190735356882219	1.6085930278745826	1.92254760799378	2.1968087350164938	2.449741833012015	2.688784637321195	2.9176335012379746	3.1384321069378585	3.35256671601895	3.561006878317152	3.7644709670300815	3.963514821468342	4.158583023947918	4.3500404803756725
4.7	0.10333237451958724	0.21465565852989926	0.33672248586193226	0.47399098212124546	0.6344308197424428	0.8342831238785954	1.1089794360085679	1.473490499445285	1.8139675418964116	2.1057911880271654	2.3694716406582628	2.6156957818731117	2.8497133431469894	3.074443894991146	3.2916969305858927	3.502691185179446	3.7083010747164438	3.9091851361507053	4.105858342958024	4.298735501459444
4.8	0.10316506147463035	0.2138326095430916	0.33437017715168976	0.4684332777448475	0.622096423467146	0.8063902548296045	1.0424220695942599	1.355331304490591	1.699769634988854	2.0086928591744386	2.2845700724836133	2.539101852870377	2.779067366278886	3.008276905908236	3.2290449884622974	3.4428901576310205	3.650874232194911	3.853778424760668	4.0522012475005855	4.246616333306836
4.9	0.10301373783235364	0.21309898029990035	0.33231519391639514	0.4637189697757221	0.6121078004323894	0.7854959851552206	0.9977456281269614	1.2682530516008739	1.5906718082150475	1.9082171512704926	2.1958113190848505	2.459286362831167	2.7058265442071283	2.940005527903156	3.1646609048295824	3.3816418028395168	3.5922217338086635	3.7973217613096653	3.997635871262975	4.193704884357253
5.0	0.1028761476741306	0.21244031787187515	0.33050121207092714	0.45965525024948056	0.6037944554910936	0.7690203038153921	0.9651091195687967	1.2059464874995458	1.4975190586573595	1.8096007871180302	2.104995201723794	2.3769536243009166	2.630320524428403	2.869810640428187	3.098657729886864	3.3190243816602436	3.5324021250638933	3.7398615285305854	3.942200532685415	4.1400337918114
5.1	0.10275045358674852	0.21184524422074388	0.32888593761686613	0.4561069534202651	0.596732917555137	0.7555716809079019	0.9398833561369508	1.1597788809718632	1.4233388336283102	1.7190432396808881	2.0150807283466707	2.293370545429912	2.5531508897819224	2.7980166967438347	3.031231363669668	3.2551676627446966	3.4715079541105722	3.6814676610013644	3.885950507730121	4.085648293832418
5.2	0.10263514138125371	0.21130465557522699	0.32743685196291755	0.45297577842051345	0.5906388733277953	0.7443161247589595	0.9196111098560934	1.124119736117953	1.3652303499424665	1.6406106432850238	1.9296584482660857	2.2103897298029125	2.4752455074943995	2.7251264844542438	2.962680641627201	3.1902646647276405	3.4096728799089	3.6222381130413264	3.8289609377770732	4.03060818126645
5.3	0.10252895024468543	0.21081116509353795	0.3261284526949489	0.45018810048852365	0.5853124480757067	0.7347155372430454	0.9028530357807348	1.0956051224454086	1.3191731406575666	1.5749752849956355	1.851798152176885	2.130226621135413	2.3978512595446424	2.6518405005014754	2.8934232896111682	3.124582205774727	3.3470784148603983	3.5623032075920382	3.7713296943243746	3.9749897295786547
5.4	0.10243082061599257	0.21035870530370113	0.32494040032628785	0.4476874299959808	0.5806079809718457	0.7264032718764182	0.8887008223609703	1.0721720710137423	1.2819226410878692	1.5206516542127178	1.7831082612144025	2.0549894086786313	2.3224232639109754	2.5790432315446625	2.8240011131684137	3.058467644250699	3.283959178639304	3.5018293404288743	3.713179934581855	3.918887467086522
5.5	0.10233985466973701	0.20994223844814572	0.3238562362001416	0.4454295414846287	0.5764162035761754	0.7191187879085592	0.8765476868484758	1.0524959999049186	1.2511730908437027	1.4755420477022052	1.7236862723184383	1.9861870992262136	2.2504103397409088	2.507741614306882	2.7550668143897394	2.992348450586555	3.220605157337506	3.4410213268293215	3.654661988823595	3.8624155874763013
5.6	0.1022552859329448	0.2095575414924098	0.322862472801194	0.4433792130278538	0.5726531727265777	0.7126706620863479	0.8659698173335414	1.0356876797419083	1.2253237749686867	1.437715806882677	1.672687405095244	1.9244990629552083	2.1830068818445865	2.4389567344799463	2.687347068126549	2.9267212626971233	3.15735926458528	3.3801225388664884	3.595954140531491	3.805708770434887
5.7	0.10217645562671379	0.20920104391236505	0.32194793401530236	0.44150797692613136	0.5692531017168296	0.7069143806715708	0.8566604596563497	1.0211264889209275	1.2032522990712469	1.4056206232691928	1.6289143347785942	1.8698711652904063	2.1209779722112985	2.3735941482845853	2.6215830934974917	2.8621284663177926	3.0946087144037637	3.319411970167759	3.5372618232009003	3.748922145589279
5.8	0.10210279403229759	0.20886970350183812	0.3211032674112277	0.43979252767251226	0.5661635509403674	0.7017383559469115	0.8483910295627487	1.008364741429413	1.1841554445078009	1.3780658228411027	1.5911700738381533	1.821780281143849	2.064621369817633	2.3123344583741345	2.5584592200144387	2.7991233183214868	3.032769532032733	3.259197568564251	3.478814799146179	3.692230136774576
5.9	0.10203380566147552	0.20856091003529806	0.32032057754868143	0.4382135698063818	0.5633421044501512	0.6970547690797013	0.8409870233287441	0.997070351390868	1.1674452735570682	1.3541493319442044	1.5584041852626571	1.7794912611832918	2.013847171102038	2.2555785341907475	2.4985368434051005	2.7382284645369968	2.9722649513454042	3.1998056505288592	3.420862038037314	3.635823971514767
6.0	0.10196905734222524	0.20827240965011787	0.31959314616469997	0.4367549677625057	0.5607540143449858	0.6927933728483365	0.8343124772600227	0.9869910636756578	1.1526819462592237	1.3331855998620887	1.5297463100117934	1.7422298345091556	1.9683086531059164	2.2034550846093213	2.442210594949166	2.6798956943128993	2.913500147915347	3.1415667463478	3.3636642880497125	3.579907745432099
6.1	0.10190816856316225	0.20800224485285834	0.3189152153940419	0.4354031077257014	0.5583704940411751	0.6888971782938547	0.8282595927683347	0.9779313252213518	1.1395297648866984	1.3146486100346446	1.504492910146584	1.7092732569834426	1.9275267757263317	2.1558726547867604	2.389695133073299	2.624475154945324	2.856837105113193	3.084800444457179	3.3074847038115887	3.5246930926183455
6.2	0.10185080358590282	0.20774870645480925	0.3182818188221331	0.4341464112801904	0.5561674576631599	0.6853193791853118	0.8227416042250324	0.9697368544315679	1.1277278605897392	1.2981298359960833	1.4820800585462732	1.6799863165419793	1.8909799072571647	2.1125888219984024	2.341039901638402	2.572199526921061	2.802573756367329	3.029797465536457	3.2525782893810646	3.470392712984939
6.3	0.10179666495397893	0.20751029471943067	0.3176886467293956	0.4329749596675354	0.5541245730655073	0.6820211124438926	0.8176877504555928	0.9622840537687887	1.1170702270102146	1.2833079272827148	1.4620557154392682	1.653827866740007	1.8581598068455114	2.073275152191974	2.296161705366413	2.523184147096964	2.7509306250130674	2.9768073530075703	3.199181223828846	3.417213209903647
6.4	0.10174548811457408	0.20728568769762035	0.31713193908275916	0.4318801999200159	0.5522245394527208	0.678969796857565	0.813039650342658	0.9554725700975129	1.1073918323600087	1.2699269259535948	1.4440559189237865	1.6303439757104325	1.8285993491959909	2.0375674686336285	2.2548834981965373	2.477439958627441	2.702046330990917	2.9260274081163744	3.147501256544475	3.3653478478123637
6.5	0.10169703693394722	0.20707371522520374	0.3166083989077821	0.43085471246604573	0.5504525291089838	0.676137880399928	0.8087486393039682	0.9492199510548917	1.0985587655306928	1.2577805374712172	1.427785672018753	1.6091563433312557	1.8018835684349732	2.0050996948107804	2.216970683375714	2.43489403397391	2.6559813080624064	2.8775976545795587	3.097710232869214	3.3149699042619547
6.6	0.10165109993596351	0.20687333742044764	0.3161151218492816	0.42989202548601085	0.5487957504030879	0.6735018817389569	0.8047737779711719	0.943457733409585	1.0904611141663905	1.246700635852535	1.4130040429842703	1.5899501022411928	1.7776509447731823	1.9755239606912578	2.1821604217133728	2.395412452334622	2.612727605567444	2.8316006718040234	3.049939461589772	3.2662272384528124
6.7	0.10160748712977212	0.2066836267869355	0.31564953841421717	0.42898646524114653	0.5472431020792139	0.6710416471516775	0.8010803404205392	0.938128530222757	1.0830077290814022	1.2365488093508967	1.3995126848116781	1.5724627080651707	1.7555898923535334	1.9485208573440445	2.150182837183768	2.358821701323061	2.572222074985899	2.788065703686987	3.004278162021122	3.2192385349270367
6.8	0.10156602732046995	0.20650375322730352	0.3152093662749412	0.42813303438062766	0.5457848969577972	0.6687397675638155	0.7976386505652019	0.9331838282494151	1.0761223150303199	1.2272100302463855	1.387147012244949	1.556474456068761	1.7354332826731211	1.9238033322343882	2.1207749588644114	2.3249265109158817	2.5343604631494605	2.74697575687196	2.9607747610974493	3.174091444642134
6.9	0.10152656581823685	0.20633297142340754	0.31479257061945876	0.42732731222379705	0.5444126390812571	0.666581116261512	0.7944231753339163	0.9285822992041488	1.0697404699608368	1.2185878769925493	1.375769405584266	1.5418006436995977	1.7169525184653813	1.9011168258485533	2.0936889904452687	2.2935234587662903	2.499010606531108	2.7082762747225444	2.919440461740809	3.1308425924362773
7.0	0.10148896247800733	0.2061706101532758	0.3143973309879558	0.4265653724597183	0.5431188424465813	0.6645524786814251	0.7914118099626992	0.9242884886836154	1.0638074132056474	1.2106008831832475	1.3652639495360845	1.5282851984002799	1.6999518955899122	1.8802373920870425	2.068696540116408	2.2644105874594396	2.4660236931196198	2.671884149075956	2.880254328505532	3.089519204754333
7.1	0.10145309001478654	0.2060160632027813	0.31402201337538266	0.42584371476764454	0.5418968824085805	0.6626422532637702	0.7885853088536718	0.920271786622904	1.0582762213559906	1.2031797447277133	1.35553233412162	1.5157955358527286	1.6842635617648483	1.8609688870467525	2.045590173684237	2.237393701630303	2.435243204481245	2.6376961676850006	2.8431691294220767	3.050121970978809
7.2	0.10141883255002164	0.20586878159809224	0.3136651466378461	0.4251592076506999	0.5407408730388795	0.6608402077235913	0.7859268283105458	0.9165056103235275	1.0531064432562713	1.1962649958118707	1.3464906380539186	1.5042184212412528	1.6697431582606008	1.8431398607618448	2.0241833090527495	2.2122901211874098	2.406511586729467	2.6055963597108738	2.808117286707454	3.012628696811257
7.3	0.10138608435255969	0.20572826693794855	0.3133254024386992	0.4245090403672827	0.5396455650893208	0.6591372789558841	0.7834215553163933	0.9129667502290395	1.0482630016132126	1.189805453295593	1.3380667857508426	1.4934566357486598	1.6562661232294271	1.8266004992732443	2.0043091597521507	2.1889306040394536	2.3796749363509604	2.5754620108527426	2.775016462693216	2.976998327553993
7.4	0.101354748744126	0.2055940656463919	0.3130015781227725	0.42389068229368543	0.5386062607987412	0.6575254076014659	0.7810564048055713	0.9096348408048698	1.043715313759351	1.1837567116905248	1.330198521834868	1.4834262848062139	1.6437245896640067	1.8112197901094906	1.9858191935240723	2.1671600206367017	2.3545860772408505	2.547168339817361	2.7437744886983557	2.9431749887002683
7.5	0.10132473714469074	0.20546576399967528	0.3126925820263786	0.42330184839513035	0.5376187421352986	0.6559974003722403	0.7788197699787219	0.906491929671971	1.0394365817604538	1.1780800642715932	1.322831785922239	1.4740546165049933	1.632024796920973	1.7968829830237438	1.9685813986806937	2.146837221681157	2.331106405493678	2.520591959939426	2.714293500250098	2.911091784263265
7.6	0.1012959682369988	0.20534298380712887	0.31239742082391286	0.4227404697475362	0.5366792101537637	0.6545468147786785	0.7767013155280765	0.9035221241715445	1.035403236359202	1.1727416052632402	1.315919399269883	1.4652782457062936	1.621084935902211	1.7834893617520826	1.9524785332187085	2.127834416401788	2.3091068331206035	2.4956133121750073	2.6864732575755355	2.8806741878036055
7.7	0.10126836723322839	0.20522537864695403	0.31211518858575454	0.4222046682587549	0.5357842334472671	0.6531678620645849	0.7746918051299425	0.9007112988358414	1.0315943759485926	1.1677114980032686	1.309419996137106	1.4570417014854118	1.6108333556926402	1.7709503134495692	1.9374064548140113	2.1100362803606325	2.2884681001698066	2.472118270873863	2.660213704902169	2.8518429430340144
7.8	0.10124186522933497	0.20511263057472776	0.31184505728052675	0.42169273489974946	0.5349307041271462	0.6518553250381831	0.772782956697822	0.8980468522380091	1.0279915072662953	1.16296337419366	1.303297148541446	1.4492962331264654	1.6012070693014857	1.759187668963544	1.9232725813319513	2.0933389383519603	2.269080663141087	2.449999111306311	2.6354168625297865	2.8245164537085232
7.9	0.10121639863503493	0.20500444723626204	0.3115862685021463	0.42120311088377455	0.5341158000637709	0.6506044881663949	0.7709673202566951	0.8955175034458124	1.0245781320166822	1.1584738374984545	1.297518644910893	1.4419988237048704	1.592150506022352	1.7481322823331127	1.9099945019151083	2.0776489155330298	2.250844313768284	2.429155002220355	2.6119881611138345	2.798612685448704
8.0	0.10119190866920413	0.20490055932746534	0.3113381262392934	0.42073437133323277	0.5333369523615458	0.6494110778231764	0.7692381743691715	0.8931131371478295	1.0213394974730388	1.154222050819851	1.2920558920228864	1.4351113710868728	1.5836144668912329	1.7377228177856852	1.897498741389734	2.062882113693784	2.233667638657103	2.409492156931614	2.5898373269294623	2.774050627768018
8.1	0.10116834091200624	0.20480071835318947	0.31109999053601356	0.42028521105492356	0.5325918172313887	0.6482712109919978	0.7675894378682248	0.8908245925612237	1.0182623681168155	1.1501893911470118	1.2868834163465468	1.4286000045866962	1.5755552474670136	1.7279047146789406	1.8857196711545594	2.048962845213993	2.2174673966801888	2.3909237477908665	2.5688789170889734	2.750751376770528
8.2	0.10114564490648006	0.20470469464444957	0.3108712719166224	0.4198544321096405	0.5318782515747928	0.6471813510429587	0.7660155942902934	0.8886436398753804	1.0153348326477636	1.1463591593318048	1.2819784460272339	1.4224345120769937	1.5679338986632032	1.7186293039818554	1.8745985549119557	2.0358229413012885	2.2021678660572857	2.373369663800824	2.5490325897324704	2.7286389018642376
8.3	0.10112377380323695	0.20461227559968176	0.31065142646865757	0.4194409329150269	0.5311942917143159	0.646138269459245	0.764511626902612	0.8865628081083787	1.012546140073554	1.1427163347900084	1.2773205586809526	1.4165878574661912	1.5607156017318597	1.7098530532792142	1.8640827156646904	2.0234009409468303	2.1877001949816304	2.3567561704726048	2.5302231792741425	2.707640556811973
8.4	0.10110268404282272	0.20452326412080848	0.31043995149432985	0.41904369866330793	0.5305381348025823	0.6451390125894311	0.7630729751144051	0.8845753115401526	1.009886559844081	1.1392473671636358	1.2728913831981308	1.4110357724638647	1.5538691378924816	1.7015369205498212	1.8541248101223586	2.0116413607926047	2.174001776882232	2.3410155146345537	2.5123806326771594	2.687687389197581
8.5	0.10108233507131993	0.20443747721926625	0.3102363816544527	0.4186617928708883	0.5299081225203812	0.6441808726639995	0.761695435637601	0.8826749718474409	1.007347261974895	1.1359399985609435	1.2686743461113903	1.4057564097033317	1.547366436670034	1.6936457999370647	1.8446821972911094	2.0004940424568627	2.1610156625720607	2.3260855043164144	2.495439850327224	2.668714294766611
8.6	0.1010626890850277	0.20435474477066595	0.31004028554066854	0.4182943499053711	0.5293027267384928	0.6432613721977537	0.7603751958932744	0.8808561507473789	1.004920213873523	1.1327831112262132	1.2646544549234329	1.400730046774876	1.5411821899009666	1.6861480453405213	1.835716389100266	1.9899135719028531	2.148690015544559	2.311909084379956	2.479340464677701	2.6506600552955395
8.7	0.10104371080079949	0.20427490839979656	0.3098512626209168	0.4179405683595056	0.5287205368700388	0.6423782025765632	0.7591087464211504	0.8791136915146374	1.0025980911899646	1.1297665964634684	1.2608181122390076	1.3959388326897297	1.5352935207107343	1.6790150599043465	1.8271925721794995	1.9798587645474637	2.136977612723334	2.298433921609609	2.4640265814109172	2.633467291341761
8.8	0.10102536724917925	0.20419782048022028	0.3096689405113572	0.4175997051612364	0.5281602486831769	0.6415292634779667	0.757892861300763	0.8774428680239522	1.0003742004964973	1.126881241407888	1.2571529556906973	1.3913665698609152	1.5296796986658703	1.6722209413882572	1.8190791911826607	1.970292209580425	2.125835390433778	2.285612007944119	2.4494465012021136	2.6170823547697855
8.9	0.10100762758757992	0.2041233432349382	0.309492972534325	0.4172710703254026	0.527620661703821	0.640712606096769	0.7567245697702288	0.8758393402009808	0.9982424119885094	1.1241186308521076	1.2536477195598106	1.3869985259376236	1.5243218938441694	1.6657421750162493	1.8113475852758285	1.9611798671329586	2.1152240338105264	2.2733992869536515	2.4355524350173656	2.6014551804565618
9.0	0.1009904629314006	0.2040513479262342	0.3093230355278545	0.4169540222663428	0.5271006409895608	0.6399264277695068	0.7556011312231012	0.8742991149515006	0.9961971007097833	1.1214710618255253	1.2502921147226815	1.382821270834336	1.519202963819025	1.6595573667470644	1.8039716705244428	1.952490712322053	2.105107606965549	2.261755306170412	2.4223002219344356	2.5865391120392096
9.1	0.10097384620096773	0.20398171412460284	0.30915882787669263	0.41664796899264966	0.5265991535376476	0.6391690584050796	0.7545200131188253	0.8728185117913704	0.9942330950573974	1.1189314690207681	1.247076724139436	1.3788225351054364	1.5143072685739636	1.6536470110379058	1.7969276619134908	1.9441964206915427	2.095453220796988	2.25064289617604	2.409649055665908	2.5722907128971824
9.2	0.10095775198272519	0.2039143290477712	0.30900006773909494	0.4163523427092767	0.5261152316365865	0.6384389484136547	0.7534788714146402	0.871394132524327	0.9923456315266371	1.1164933594818092	1.2439929115759585	1.3749910864721409	1.509620509196366	1.6479932881126855	1.7901938296113933	1.936271090105543	2.0862307351643423	2.2400278762163537	2.39756122340058	2.558669570644901
9.3	0.10094215640298858	0.20384908696209014	0.30884649144675713	0.41606662899656965	0.5256479740125509	0.6377346579426333	0.7524755331863359	0.8700228344169939	0.9905303148235102	1.1141507552293552	1.241032741635117	1.371316621841571	1.5051295868822558	1.642579886530431	1.783750284851424	1.928690994681206	2.0774124921841515	2.2298787853891855	2.3860018596448724	2.545638101129416
9.4	0.10092703701311552	0.20378588863951516	0.30869785574568626	0.41579034198045145	0.5251965401874292	0.6370548472561665	0.751507981154905	0.8687017064054429	0.9887830826104236	1.111898142712271	1.238188909487314	1.3677896725939827	1.5008224793444094	1.6373918475030222	1.7775787914620602	1.9214343668524552	2.0689730775405226	2.2201666380136498	2.374938715967752	2.533161356165773
9.5	0.10091237268476046	0.20372464086419273	0.3085539216927735	0.41552302704817495	0.5247601454064807	0.6363982681176834	0.7505743398775532	0.8674280479372375	0.9871001742638363	1.1097304281491402	1.2354546789479646	1.3644015212708576	1.4966881321786252	1.632415427957133	1.7716625996429618	1.9144812041229857	2.0608891069066555	2.210864701552619	2.3643419471415776	2.5212068378990082
9.6	0.10089814351429022	0.20366525826327436	0.30841447572721575	0.4152642583631823	0.5243380560690636	0.635763756054686	0.7496728633960996	0.8661993501119644	0.985478103116826	1.107642897968915	1.2328238277616792	1.3611441280913419	1.49271636312477	1.6276379797912235	1.7659862990664248	1.9078130974882253	2.053139034806608	2.201948295358098	2.3541839134963713	2.5097443216698325
9.7	0.10088433073539786	0.2036076537524254	0.30827931370499545	0.4150136366147115	0.5239295856047964	0.6351502234011831	0.7488019241649911	0.8650132788314406	0.9839136317376775	1.1056311836791877	1.2302905991280215	1.3580100659670957	1.4888977774762113	1.6230478431604294	1.7605356887969899	1.9014130788837995	2.0457029834879243	2.1933946084995912	2.3444389989606536	2.498745688507487
9.8	0.1008709176994698	0.20355175191954614	0.30814824365017246	0.41477078697640357	0.523534090744935	0.6345566530276048	0.7479600031055761	0.8638676597123007	0.9824037498610422	1.1036912305905644	1.22784965864928	1.3549924628879664	1.4852236931553684	1.6186342519419032	1.7552976618741354	1.8952654853512987	2.038562589614143	2.1851825349832725	2.3350834440325876	2.488184767821639
9.9	0.10085788554947538	0.2034974794851511	0.3080210848598981	0.41453535725161245	0.523150968145187	0.6339820926793895	0.747145680654282	0.8627604645476761	0.980945654642831	1.1018192699087086	1.225496056001881	1.3520849507184465	1.4816860741923903	1.614387249802737	1.7502601027028621	1.8893558379059816	2.031700866813157	2.177292524754174	2.3260951927919127	2.4780371904667624
10.0	0.10084521954886295	0.20344476729619168	0.3078976670874799	0.41430701618561766	0.5227796513216573	0.6334256498561331	0.746357628689699	0.8616897991342377	0.9795367329562177	1.1000117937757707	1.2232251907344334	1.3492816195854116	1.4782774715292597	1.6102976155186486	1.7454117956537367	1.8836707333478873	2.0251020823283836	2.1697064489779	2.3174537529976567	2.468280252071373
10.1	0.10083290474403302	0.20339355003965592	0.3077778297958079	0.4140854519273782	0.5224196078663178	0.6328864871714625	0.7455946032388748	0.8606538923053273	0.9781745454848378	1.0982655329011521	1.221032781680338	1.346576977155505	1.4749909702253818	1.6063567963832093	1.7407423434916578	1.878197747481952	2.0187516462130857	2.1624074782124976	2.3091400682984387	2.458892786332259
10.2	0.10082092697932307	0.20334376597972295	0.3076614214740231	0.41387037062555115	0.5220703369126147	0.6323638181415373	0.7448554378757907	0.8596510860320121	0.9768568124024638	1.0965774364716843	1.2189148395447713	1.34396591219935	1.4718201422717727	1.6025568487091144	1.7362420944398487	1.8729253484075565	2.012636011683491	2.155379972197539	2.30113640159604	2.449855047846366
10.3	0.10080927284454134	0.20329535671627874	0.3075482990112641	0.41366149514513434	0.5217313668250994	0.6318569033562648	0.7441390377360141	0.8586798264717226	0.9755814004561363	1.094944654072794	1.2168676422860236	1.341443661923497	1.4687590043307812	1.598890384559943	1.7319020768448852	1.8678428187078895	2.0067425854037184	2.148609380101567	2.2934262286374874	2.4411486039757238
10.4	0.10079792962662829	0.20324826696277143	0.3074383271220583	0.4134585638929538	0.5214022530903347	0.631365046993147	0.7434443740810341	0.8577386558597123	0.9743463112938033	1.093364519388376	1.21488771296282	1.339005782621622	1.4658019798114135	1.5953505239677688	1.727713940545262	1.8629401855159362	2.0010596466162225	2.1420821501785583	2.2859941409589997	2.432756235197555
10.5	0.10078688526508622	0.2032024443415928	0.3073313778182812	0.4132613297410125	0.5210825763886029	0.6308875936381537	0.7427704793538551	0.8568262051513732	0.9731496708978757	1.091834535476963	1.2129717997624971	1.3366481232568848	1.4629438647699138	1.5919308519911088	1.7236699041630186	1.858208157562726	1.9955762741562308	2.1357856478858674	2.2788257573600603	2.4246618433754388
10.6	0.10077612831067294	0.20315783919540017	0.30722732992353047	0.41306955903861675	0.5207719408286906	0.6304239253824421	0.7421164426744944	0.8559411873351042	0.9719897200033983	1.09035236144822	1.211116857962458	1.3343668016381356	1.460179797192391	1.5886253800525765	1.7197627076388098	1.853638068423266	1.9902822804997478	2.129708081611426	2.2719076431444365	2.416850358517768
10.7	0.10076564788731551	0.20311440441303913	0.3071260686257433	0.412883030704568	0.5204699723296877	0.6299734591671636	0.7414814057300538	0.85508239134493	0.9708648053948904	1.088915800385859	1.2093200336087715	1.3321581828966125	1.457505229274246	1.5854285110681758	1.7159855694169541	1.8492218252727968	1.9851681520922093	2.1238384352441795	2.2652272364245087	2.409307705567864
10.8	0.1007554336567211	0.20307209526859277	0.3070274850648281	0.41270153539198956	0.5201763171356261	0.6295356443518523	0.7408645590194755	0.8542486765107772	0.9697733719885793	1.087522788382157	1.2075786487232552	1.3300188600072302	1.4549159023602563	1.582335007942459	1.7123321477619913	1.844951862549354	1.9802249952918272	2.118166406901323	2.258772780842686	2.402020644416973
10.9	0.10074547578571563	0.20303086927249053	0.3069314759518873	0.4125248747191698	0.5198906404504504	0.6291099604846887	0.740265138417449	0.8534389674912494	0.9687139556180305	1.086171384565782	1.2058901878738104	1.3279456361303799	1.4524078242516538	1.57933996505735	1.7087965057521601	1.8408210999913832	1.9754444873372956	2.1126823531966528	2.252533264119977	2.3949767931085666
11.0	0.10073576491576297	0.20299068603373185	0.3068379432174715	0.4123528605602146	0.519612625181875	0.6286959152550526	0.7396824220261313	0.8526522496406156	0.9676851764509277	1.0848597620190052	1.2042522859628688	1.3259355085782678	1.4499772486231342	1.576438782428439	1.705373079551236	1.836822904582725	1.970818831817167	2.1073772384992537	2.2464983618937002	2.388164523294873
11.1	0.10072629213481908	0.20295150713208288	0.3067467936861159	0.412185314390249	0.5193419707842782	0.628293042611373	0.7391157272868076	0.8518875647666939	0.9666857329731531	1.0835861994925036	1.2026627171063105	1.3239856542332458	1.4476206563238971	1.5736271422425319	1.702056649608194	1.832951055992376	1.9663407181769867	2.1022425886894256	2.2406583863558542	2.3815729137882466
11.2	0.10071704895109206	0.20291329599958033	0.30665793877504294	0.41202206668033853	0.5190783921914662	0.6279009010286378	0.7385644083266325	0.8511440072417011	0.9657143964834831	1.0823490738367705	1.2011193844904158	1.3220934162665368	1.445334738364271	1.57090098752467	1.6988423144758875	1.8291997151446804	1.9620032848526798	2.097270448970039	2.2350042392487177	2.375191699705961
11.3	0.1007080272686066	0.20287601781046508	0.30657129421481627	0.4118629563376001	0.518821618831237	0.6275190719118721	0.7380278535182438	0.8504207204318819	0.9647700060489246	1.081146853078542	1.1996203111074342	1.3202562920235437	1.4431163804130205	1.5682565027125805	1.6957254669765993	1.8255633955976662	1.9578000856641922	2.0924533453385243	2.2295273688161874	2.3690112257029905
11.4	0.10069921936451022	0.20283963937883065	0.30648677979021444	0.41170783018685636	0.518571393714585	0.6271471581232441	0.7375054832326106	0.849716893415794	0.9638514638759166	1.0799780900784857	1.1981636312818604	1.318471921957423	1.4409626486506455	1.5656900959428741	1.6927017724735072	1.8220369374440744	1.953725059144261	2.087784249365433	2.2242197303472064	2.3630224029458007
11.5	0.10069061786790538	0.20280412906346418	0.3064043190995874	0.4115565424900059	0.5183274725929099	0.6267847826216888	0.7369967477673015	0.8490317579642397	0.9629577310579004	1.0788414167139022	1.1967475829092964	1.3167380795062924	1.4388707768421636	1.5631983828753626	1.6897671490353205	1.8186154834818997	1.9497725005125448	2.0832565459627217	2.2190737499828117	2.357216669509271
11.6	0.10068221574006815	0.2027694566791998	0.30632383933113827	0.4114089545001397	0.5180896231773711	0.6264315872051354	0.736501125434359	0.8483645857576049	0.962087823663653	1.0777355385360248	1.195370500338814	1.3150526618211316	1.4368381545082234	1.5607781719021974	1.6869177493048058	1.8152944574293837	1.945937036036939	2.078864003857614	2.21408229148951	2.3515859539047885
11.7	0.10067400625603165	0.20273559341436	0.3062452710548226	0.411264934047378	0.5178576244152046	0.6260872313463255	0.736018120793567	0.8477146858190692	0.9612408091349716	1.0766592298572284	1.1940308078369999	1.3134136812617965	1.4348623160868033	1.558426450605346	1.684149943903743	1.8120695439845043	1.9422135995517031	2.0746007485173035	2.2092386257304293	2.3461226414727023
11.8	0.10066598298738612	0.20270251175366846	0.30616854802855037	0.41112435515386186	0.517631265817939	0.6257513911142613	0.7355472630182485	0.8470814021443404	0.9604158029652076	1.0756113292279657	1.192727013578778	1.3118192575877392	1.432940930990079	1.5561403733412202	1.6814603062247495	1.808936670550545	1.9385974109265898	2.0704612372959295	2.204536402591566	2.3408195433956056
11.9	0.1006581397860889	0.20267018540637805	0.3060936070175797	0.41098709767553127	0.5174103468375385	0.6254237581738921	0.7350881043822227	0.8464641115104146	0.9596119656335053	1.074590735267881	1.1914577041158705	1.3102676107778166	1.4310717944709546	1.5539172498444997	1.6788455984771287	1.805891990468781	1.9350839563028817	2.066440236598426	2.199969625143778	2.335669868109615
12.0	0.10065046996341113	0.20263858745244215	0.30602038483747707	0.41085304309917803	0.5171946712528824	0.6251040327566054	0.7346402112282132	0.845862212377166	0.9588284891573011	1.073596390552924	1.1902215255261683	1.3087570385079597	1.429252801304674	1.551754514701234	1.6763027365454453	1.8029318432599395	1.9316689426486258	2.0625327708932026	2.1955326505487056	2.3306672204200245
