T(K)	v(ω₀)	w(ω₀)	E(meV)	Reχ(m₀/ω₀)	Imχ(m₀/ω₀)	μ(cm²V⁻¹s⁻¹)
1	3.0504178497035057	2.9143121796105262	-14.087948644649321	-4.505580909968536e-14	2.4615875848303417e-7	1.3713122750903132e9
2	3.0391803027729813	2.9026456627068846	-14.101249400781597	-1.5944956614829272e-14	1.6677602904579665e-7	2.0240350430461593e9
3	3.027888976218996	2.8909197017415122	-14.114663564167873	-8.687883277709088e-15	1.00136957883752e-7	3.3709884368631124e9
4	3.016544213433213	2.8791344696430503	-14.128193849544225	-5.648554939718178e-15	5.9222244272427836e-8	5.699894208263481e9
5	3.005146507514942	2.8672902796308106	-14.14184310441927	-4.045861960836429e-15	4.329024228851035e-8	7.797612332106728e9
6	2.9936965262564748	2.855387609346698	-14.155614320340355	-3.08095488405024e-15	3.3124647118457317e-8	1.0190615040263634e10
7	2.982195150062155	2.8434271377757243	-14.169510640425075	-2.447478653376047e-15	2.6315506864536685e-8	1.2827437786641304e10
8	2.970643457793184	2.831409730123455	-14.183535406369073	-2.0053609569278153e-15	2.156317414710975e-8	1.5654491533846e10
9	2.95904287013671	2.819336579576995	-14.197692110434483	-1.6824157873747459e-15	1.804364959785373e-8	1.870799614557627e10
10	2.947395097303814	2.8072091537943296	-14.211984483486775	-1.4380529001735613e-15	1.5399825974074985e-8	2.191976245037098e10
11	2.935702254682016	2.7950293085644877	-14.226416486884348	-1.247877628040692e-15	2.1986106686932775e-8	1.5353356186950657e10
12	2.9239669340619754	2.782799356798093	-14.240992351790315	-1.096437612411474e-15	9.744524852388855e-9	3.4641045329780655e10
13	2.912192314179202	2.770522176148288	-14.255716622942867	-9.735187925451332e-16	4.10872974320241e-10	8.215690693388765e11
14	2.900382316721463	2.758201361139536	-14.270594219955575	-8.721273235935203e-16	3.684716207588848e-8	9.16109974585165e9
15	2.888541828697841	2.7458414403769082	-14.285630524601569	-7.873300633260339e-16	1.5311214943184642e-7	2.2046619316714125e9
16	2.8766737311799235	2.7334449944877677	-14.300831500958326	-7.155581587416121e-16	4.733578352108546e-7	7.131191289532834e8
17	2.8647923815986083	2.7210257482979996	-14.316203850807897	-6.541724181729402e-16	1.2490581925569318e-6	2.702520420107573e8
18	2.852904529761095	2.708590049179297	-14.33175519933061	-6.011837433703185e-16	2.9327515332402956e-6	1.1510028152839036e8
19	2.841022856005741	2.696150017000943	-14.347494298274828	-5.550674085782661e-16	6.266332579274761e-6	5.386891341280266e7
20	2.8291632672485734	2.683720926994036	-14.363431227762794	-5.146370947196361e-16	1.2373099191424648e-5	2.7281808858586345e7
21	2.8173453776451405	2.671321685151401	-14.379577575253053	-4.789573761074053e-16	2.2844010701650578e-5	1.47767627820445e7
22	2.805592875317087	2.658975193162027	-14.39594657131289	-4.47281749603225e-16	3.980828261058757e-5	8.479655614155974e6
23	2.793933731714983	2.6467085601063176	-14.412553165982864	-4.1900797519739957e-16	6.598057323679832e-5	5.116059327300813e6
24	2.782400210945108	2.6345531188325486	-14.42941403597194	-3.9364537942617364e-16	0.00010468009382178471	3.224686898957743e6
25	2.771028674121578	2.6225442418217684	-14.44654751910498	-3.707905715308578e-16	0.00015982027247831037	2.112125839195949e6
26	2.7598591744640006	2.610720952026974	-14.463973479284492	-3.500160354030034e-16	0.0002358702620823077	1.4311279605522447e6
27	2.7489348636205935	2.599125348432496	-14.481713109915905	-3.312337547928368e-16	0.00033779225437187405	999313.9947997668
28	2.7383012396827966	2.5878018759080073	-14.49978868739039	-3.1419383422922243e-16	0.00047095940589826494	716750.7918966908
29	2.7280052762061153	2.5767964776452428	-14.518223288142043	-2.9844673148358294e-16	0.0006410602647715916	526565.9808895637
30	2.7180944769472095	2.566155673800708	-14.537040483328743	-2.840738948030068e-16	0.0008539955020081159	395272.01997554366
31	2.7086159028783467	2.555925611828764	-14.556264024600894	-2.7084677076153377e-16	0.0011157721831486047	302535.34926476865
32	2.6996152158982483	2.546151131931223	-14.575917533050214	-2.5864057631851453e-16	0.0014324003421805366	235660.74175527607
33	2.691135781375748	2.536874888861865	-14.596024201540928	-2.4734739092975905e-16	0.0018097954524847683	186518.60720796982
34	2.6832178645187503	2.5281365643603615	-14.61660651853652	-2.368734609133295e-16	0.00225368959485861	149781.2866061327
35	2.6758979493449213	2.5199721984453194	-14.637686019394197	-2.2713700018367756e-16	0.002769553557111907	121882.65009786809
36	2.669208199592817	2.5124136585845624	-14.659283069103953	-2.1806638439961682e-16	0.003362530278985723	100388.84385320646
37	2.6631760735226164	2.5054882585652085	-14.681416678642911	-2.0959865908952183e-16	0.0040373808653945895	83608.7895551527
38	2.65782409414116	2.4992185287084276	-14.704104355613492	-2.0167830004127102e-16	0.0047984423718330045	70347.93813723107
39	2.653169770019445	2.493622132871179	-14.727361988580036	-1.9425617765251657e-16	0.005649597588862072	59749.48159038122
40	2.649225653742722	2.4887119197264718	-14.751203763580097	-1.8728868721268458e-16	0.006594254922501787	51190.09366424521
41	2.645999520202001	2.484496091090319	-14.775642110587588	-1.8073701497755237e-16	0.007635338582553342	44210.289233289324
42	2.643494644100868	2.480978467287846	-14.800687677251043	-1.745665160032451e-16	0.008775286848179157	38467.17867676533
43	2.6417101528964744	2.4781588264396555	-14.826349326832009	-1.687461844813931e-16	0.010016057873307019	33701.93457331967
44	2.6406414330576236	2.47603329616892	-14.852634157574895	-1.632482010258651e-16	0.011359141742232575	29717.080285541968
45	2.6402805674123604	2.474594776086886	-14.8795475400076	-1.5804754430882514e-16	0.012805577377434813	26360.430082879713
46	2.6406167846282576	2.4738333725943282	-14.90709316954167	-1.5312165675445587e-16	0.014355973581559895	23513.59350245459
47	2.6416397054197764	2.4737395499182417	-14.93527313142756	-1.4845013839527519e-16	0.016010533338139638	21083.65286774386
48	2.6433285399903546	2.474293639920892	-14.964087975504576	-1.4401456706142397e-16	0.017769078893827686	18997.075152051486
49	2.6456693789136176	2.4754826307249655	-14.993536798386243	-1.3979817518293278e-16	0.019631081072765927	17195.20824541202
50	2.648644272546514	2.4772895633478225	-15.023617330983006	-1.3578573179235004e-16	0.02159568656415107	15630.923616437756
51	2.6522343919265188	2.4796966007747527	-15.054326029507271	-1.3196335949875666e-16	0.02366174691999378	14266.086450427862
52	2.6564203209881136	2.482685311988273	-15.085658168356707	-1.2831838997780925e-16	0.025827846969268063	13069.634783357347
53	2.6611823104037264	2.486236918889273	-15.117607933492708	-1.2483923720435775e-16	0.028092332707917243	12016.10883077866
54	2.6665004936169767	2.490332506612305	-15.150168515168767	-1.2151528600479976e-16	0.030453338292242775	11084.516380089653
55	2.672355068552088	2.4949532006072084	-15.183332199033334	-1.1833679385416127e-16	0.032908811956020724	10257.45103104578
56	2.6787264469627727	2.500080312356079	-15.217090454841625	-1.1529480416454186e-16	0.03545654065564053	9520.402184951352
57	2.685595375127326	2.5056954573086125	-15.251434022147778	-1.123810695565483e-16	0.038094173338312276	8861.211506833864
58	2.6929430294085224	2.511780648443755	-15.286352992499753	-1.0958798382245731e-16	0.040819242757523425	8269.642068912717
59	2.7007510895083926	2.518318368183263	-15.3218368877893	-1.0690852147768785e-16	0.04362918577882512	7737.034764756192
60	2.7090017928049126	2.5252916219404704	-15.357874734503254	-1.0433618394581404e-16	0.04652136224080706	7256.032731403534
61	2.717677972753249	2.5326839761952447	-15.394455133718294	-1.0186495155502076e-16	0.049493072211894154	6820.359133972979
62	2.726763083709814	2.5404795833740867	-15.431566326768934	-9.94892406383577e-17	0.0525415719086237	6424.637003929689
63	2.7362412147087456	2.548663195989484	-15.469196256563391	-9.720386512236544e-17	0.05566408809953238	6064.242470391107
64	2.746097094155647	2.557220171943733	-15.507332624590754	-9.500400207183634e-17	0.058857831253330176	5735.184595502359
65	2.756316087238042	2.566136472740513	-15.545962943699042	-9.288516072810524e-17	0.06212000726186208	5434.006562584841
66	2.766884187520315	2.5753986560274424	-15.585074586758322	-9.084315463839337e-17	0.06544782806548084	5157.704038567112
67	2.7777880040969007	2.58499386380439	-15.624654831349334	-8.88740765244287e-17	0.06883852105288928	4903.657457565447
68	2.7890147452972327	2.5949098072590036	-15.664690900640663	-8.697427558419265e-17	0.07228933739509327	4669.575615057288
69	2.800552199914508	2.605134749175026	-15.705170000626914	-8.514033695771944e-17	0.07579755939782237	4453.448499008986
70	2.812388716713539	2.6156574846465777	-15.746079353915063	-8.336906312145855e-17	0.07936050690160358	4253.507699330933
71	2.824513182604791	2.6264673204699704	-15.787406230247129	-8.165745700560955e-17	0.08297554286187019	4068.193054075166
72	2.8369150004048382	2.637554054115919	-15.829137973954197	-8.000270664979011e-17	0.08664007805539257	3896.1244577014363
73	2.849584066163862	2.6489079522545067	-15.871262028531683	-7.840217123905031e-17	0.09035157522902512	3736.077940789862
74	2.8625107464844324	2.6605197292489433	-15.913765958527353	-7.685336837760295e-17	0.09410755235095937	3586.9653252684484
75	2.875685856348253	2.6723805261245097	-15.956637468926818	-7.53539624734648e-17	0.0979055855524632	3447.81684542291
76	2.889100637169393	2.6844818897321194	-15.999864422216259	-7.390175412526851e-17	0.10174331126998695	3317.766277854108
77	2.9027467355669034	2.6968157525906147	-16.043434853296606	-7.249467041075576e-17	0.10561842809836387	3196.0381649914525
78	2.916616182844293	2.7093744133971644	-16.087336982414037	-7.113075598955221e-17	0.10952869799715073	3081.936819312485
79	2.9307013752286624	2.722150518253346	-16.13155922626563	-6.980816494244207e-17	0.1134719473753388	2974.8368203482473
80	2.9449950549390613	2.7351370426805173	-16.176090207430242	-6.852515327686284e-17	0.11744606756784308	2874.1747946033493
81	2.9594902920598187	2.7483272743956353	-16.220918762265423	-6.728007203691494e-17	0.12144901513777785	2779.442276628023
82	2.9741804673641328	2.761714796995513	-16.26603394740511	-6.60713609611907e-17	0.1254788119137816	2690.1794970828973
83	2.9890592558386526	2.7752934743016335	-16.311425044981675	-6.48975426396953e-17	0.12953354468590217	2605.9699666777897
84	3.004120611205445	2.7890574356606415	-16.357081566711816	-6.375721712352805e-17	0.13361136480210783	2526.4357386719184
85	3.019358751154096	2.803001061916476	-16.402993256824317	-6.264905694825486e-17	0.13771048745092726	2451.233260277764
86	3.034768143472549	2.817118972242979	-16.449150094262393	-6.157180253366595e-17	0.1418291909985245	2380.049725675219
87	3.0503434927872	2.8314060115496273	-16.495542293806544	-6.052425792844053e-17	0.14596581588018784	2312.599872053975
88	3.066079728149325	2.8458572386986813	-16.542160306546467	-5.950528686889032e-17	0.15011876368986546	2248.623148976581
89	3.081971991360759	2.860467915427128	-16.588994819643624	-5.851380912559826e-17	0.15428649593110133	2187.8812211764703
90	3.0980156258615206	2.8752334957998587	-16.636036755482653	-5.754879711430308e-17	0.15846753281995996	2130.155755704797
91	3.1142061662519747	2.890149616266643	-16.683277270279486	-5.662433586590867e-17	0.1626604519738664	2075.24645992629
92	3.130539328588262	2.905212086461824	-16.730707752209057	-5.569430451520167e-17	0.16686388705139812	2022.9693380257866
93	3.147011000999808	2.920416880301553	-16.778319819110298	-5.480300475165148e-17	0.1710765263493243	1973.1551390019777
94	3.163617234985163	2.9357601277303664	-16.826105315820353	-5.3934527114871395e-17	0.17529711137632153	1925.6479726246812
95	3.180354237261486	2.95123810699775	-16.874056311187484	-5.308806421979312e-17	0.17952443539119353	1880.3040733324892
96	3.1972183619406507	2.9668472372380448	-16.922165094804782	-5.227150139565424e-17	0.18375734193886373	1836.9906941790837
97	3.2142061032800986	2.982584071602645	-16.970424173505954	-5.145813484871177e-17	0.18799472337126	1795.5851157702314
98	3.2313140887576415	2.998445290694694	-17.018826267658817	-5.068671291087307e-17	0.1922355193770219	1755.9737566850793
99	3.2485390726494026	3.014427696487665	-17.06736430728917	-4.9907456680379925e-17	0.19647871550260398	1718.0513739886637
100	3.26587792990113	3.030528206517801	-17.11603142806555	-4.917325512054986e-17	0.20072334170609096	1681.7203433323132
101	3.2833276503128714	3.046743848372541	-17.16482096717149	-4.84436534775657e-17	0.20496847089918033	1646.8900101948625
102	3.3008853331736243	3.0630717546120465	-17.213726459088395	-4.7718645209198115e-17	0.20921321752732713	1613.476104035754
103	3.318548182099028	3.0795091578775318	-17.26274163131301	-4.703103428821832e-17	0.2134567361630053	1581.4002087570564
104	3.3363135002284587	3.0960533863442152	-17.311860400026962	-4.635636069123718e-17	0.21769822012359008	1550.5892833535297
105	3.3541786856232707	3.112701859361332	-17.361076865737456	-4.569263112532398e-17	0.22193690011831596	1520.9752274129307
106	3.3721412268640254	3.1294520832773833	-17.410385308903344	-4.504407303464207e-17	0.2261720429196734	1492.494486812694
107	3.3901986992064175	3.146301647811591	-17.459780185562106	-4.441020983096423e-17	0.2304029500645487	1465.0876954232008
108	3.40834876041869	3.163248222094931	-17.509256122968637	-4.379058411107438e-17	0.23462895659186184	1438.6993491002247
109	3.426589147424393	3.1802895515049645	-17.558807915257205	-4.318475670876811e-17	0.23884942980283944	1413.2775087946372
110	3.4449176726397996	3.197423454184806	-17.608430519137375	-4.25923058038263e-17	0.24306376806109448	1388.7735297674235
111	3.4633322207622004	3.2146478180028946	-17.658119049630177	-4.201282608186216e-17	0.24727139962132613	1365.141814401989
112	3.481830745761695	3.231960597706668	-17.707868775853665	-4.144592794234519e-17	0.25147178149362986	1342.3395862701495
113	3.5004112677991284	3.249359811993298	-17.757675116863666	-4.0891236752339484e-17	0.25566439833473725	1320.3266834470007
114	3.519071870616075	3.2668435410440306	-17.807533637554318	-4.0348392141428365e-17	0.2598487613869276	1299.0653691288228
115	3.5378106987367035	3.284409923862433	-17.857440044625676	-3.981704733690268e-17	0.2640244074303022	1278.5201580951812
116	3.5566259550339283	3.3020571559692398	-17.907390182618094	-3.929686853512483e-17	0.2681908977844666	1258.6576573529328
117	3.5755158983806274	3.3197834871752625	-17.95738003002161	-3.878753430747235e-17	0.2723478173304216	1239.4464197935415
118	3.5944788413683737	3.3375872194140914	-18.00740569545898	-3.82887350387242e-17	0.2764947735723182	1220.856809579029
119	3.6135131481098517	3.3554667046541153	-18.057463413947282	-3.780017239568586e-17	0.28063139573552776	1202.8608782137114
120	3.6326172323238777	3.373420343084897	-18.107549543237614	-3.732155882382486e-17	0.2847573338665636	1185.4322504893107
121	3.6517895553173814	3.3914465811956873	-18.157660560235968	-3.685261707099496e-17	0.28887225801330274	1168.5460190962042
122	3.6710286240502845	3.4095439099319163	-18.207793057505647	-3.6393079736135923e-17	0.2929758573813441	1152.1786475716326
123	3.6903329895794754	3.427710863224961	-18.257943739850734	-3.594268884079733e-17	0.2970678395609053	1136.3078804751237
124	3.7097012452326297	3.4459460162469573	-18.308109420982728	-3.550119542355003e-17	0.30114792975173216	1120.91266045582
125	3.729132025098784	3.4642479839781157	-18.35828702026843	-3.506835915458133e-17	0.3052158700457784	1105.9730513952202
126	3.7486240024290947	3.482615419679745	-18.40847355956042	-3.4643947970184986e-17	0.3092714186972456	1091.4701673717348
127	3.768175888287572	3.5010470136132534	-18.45866616010799	-3.4227737725228556e-17	0.3133143494658978	1077.3861066504319
128	3.787786430021304	3.5195414915743095	-18.508862039551	-3.381951186347138e-17	0.31734445094268227	1063.703890602283
129	3.8074544101077263	3.5380976138012383	-18.55905850899019	-3.341906110350144e-17	0.32136152592393374	1050.4074069173953
130	3.8271786448338982	3.5567141737112444	-18.609252970140087	-3.3026183140554446e-17	0.3253653908082389	1037.4813568531174
131	3.8469579829914844	3.575389996649221	-18.65944291255781	-3.264068236289766e-17	0.3293558750045817	1024.9112062266406
132	3.866791304857291	3.5941239389194344	-18.709625910948954	-3.226236958142579e-17	0.33333282037400175	1012.6831397821289
133	3.8866775210870634	3.612914886726763	-18.75979962254931	-3.1891061772485675e-17	0.3372960806882764	1000.7840187172069
134	3.9066155715148763	3.631761755021724	-18.809961784580793	-3.152658183314038e-17	0.34124552110995093	989.201341107164
135	3.9266044243883425	3.650663486777875	-18.860110211779883	-3.116875834726183e-17	0.34518101769192816	977.9232050067341
136	3.9466430750928674	3.6696190517563805	-18.910242793997043	-3.0817425363539e-17	0.34910245689894825	966.9382740164652
137	3.9667305455919935	3.6886274459835926	-18.96035749386694	-3.047242218259161e-17	0.35300973514434597	956.2357451438207
138	3.9868658831932495	3.707687690552827	-19.010452344547037	-3.0133593155110564e-17	0.356902758349149	945.8053187657058
139	4.0070481599872245	3.7267988310969344	-19.06052544752048	-2.980078748811664e-17	0.3607814415137727	935.637170560754
140	4.027276471769396	3.7459599367409213	-19.110574970468726	-2.947385906095463e-17	0.36464570831195303	925.7219252392647
141	4.047549937494968	3.7651700995869484	-19.160599145203317	-2.9152666248697274e-17	0.3684954906975424	916.0506319623948
142	4.067867698426972	3.7844284338902776	-19.210596265662105	-2.883707175400409e-17	0.3723307285264749	906.6147413206963
143	4.088228917349162	3.803734075297341	-19.260564685966457	-2.852694244638932e-17	0.3761513691959059	897.4060837539298
144	4.108632778042805	3.8230861803482683	-19.310502818535706	-2.822214920814009e-17	0.37995736729816587	888.4168493142571
145	4.129078484455908	3.8424839256681134	-19.360409132260397	-2.7922566787535805e-17	0.3837486842888083	879.6395686785711
146	4.14956526016747	3.8619265074534237	-19.41028215073075	-2.7628073657973934e-17	0.38752528816378135	871.0670953326585
147	4.170092347725741	3.8814131408304875	-19.46012045051962	-2.7338551883412052e-17	0.3912871531519787	862.692588830448
148	4.1906590081463975	3.9009430593723096	-19.50992265951874	-2.705388698935474e-17	0.3950342594331483	854.5094990322021
149	4.211264520221362	3.9205155144253627	-19.5596874553255	-2.6773967839616726e-17	0.39876659283471066	846.5115513542927
150	4.231908180026489	3.9401297746341055	-19.60941356368081	-2.6498686518019167e-17	0.40248414458413	838.6927327971234
151	4.252589300441471	3.9597851254761927	-19.65909975695446	-2.622793821506298e-17	0.40618691103084964	831.0472788797938
152	4.2733072105901275	3.9794808687175003	-19.708744852677917	-2.5961621119436838e-17	0.4098748934094712	823.5696612711247
153	4.29406125541743	3.999216322002854	-19.75834771212328	-2.5699636313846548e-17	0.4135480975987762	816.2545761636588
154	4.314850795080381	4.01899081825917	-19.807907238925896	-2.5441887675393953e-17	0.4172065338912781	809.0969333110758
155	4.335675204677053	4.038803705436842	-19.857422377750638	-2.5188281779572825e-17	0.4208502167732928	802.0918456853653
156	4.356533873726166	4.058654346000278	-19.906892112999564	-2.493872780850686e-17	0.42447916471399494	795.2346197161825
157	4.377426205725004	4.078542116495791	-19.956315467560515	-2.4693137462796274e-17	0.4280933999771273	788.5207460493717
158	4.398351617765553	4.098466407177412	-20.00569150159447	-2.445142487681825e-17	0.4316929484099438	781.9458908747858
159	4.419309540136051	4.11842662161757	-20.05501931136126	-2.42135065374228e-17	0.43527783926894215	775.5058876778937
160	4.440299416034118	4.1384221764282	-20.104298028082482	-2.39793012057243e-17	0.4388481050445717	769.1967294572049
161	4.461320701022153	4.1584525007235245	-20.153526816840007	-2.3748729842274197e-17	0.4424037812732133	763.0145613975004
162	4.482372862889318	4.1785170359897466	-20.202704875508395	-2.3521715534668324e-17	0.4459449064108229	756.9556738423687
163	4.5034553811309985	4.198615235570268	-20.25183143372234	-2.3298183428433087e-17	0.44947152164311877	751.0164957609934
164	4.524567746741857	4.21874656446535	-20.300905751875472	-2.3078060660198725e-17	0.4529836707519653	745.1935884761957
165	4.545709461789346	4.2389104989104025	-20.34992712015159	-2.286127629370455e-17	0.4564813999710553	739.4836397500109
166	4.56688003930152	4.259106526269795	-20.39889485758524	-2.264776125787134e-17	0.45996475784847174	733.8834581756817
167	4.588079002644365	4.279334144417489	-20.44780831115418	-2.2437448287809182e-17	0.4634337951163379	728.3899678573011
168	4.609305885687093	4.299592861908266	-20.496666854896407	-2.223027186715726e-17	0.4668885645663131	723.0002033618712
169	4.630560232076312	4.319882197253921	-20.54546988905987	-2.2026168173576902e-17	0.47032912092858675	717.7113049311497
170	4.651841595254195	4.340201678946166	-20.594216839302213	-2.182507502544854e-17	0.47375552075653304	712.5205139345526
171	4.673149538122583	4.360550845122982	-20.64290715578263	-2.162693183093866e-17	0.4771678223209583	707.4251685431599
172	4.694483632732282	4.38092924326149	-20.691540312551837	-2.1431679538887333e-17	0.4805660854996909	702.4226996330427
173	4.715843460195403	4.401336430092336	-20.740115806690806	-2.1239260591288145e-17	0.4839503716812891	697.510626877007
174	4.737228610234173	4.421771971150524	-20.788633157612093	-2.1049618877845105e-17	0.48732074366683165	692.6865550372667
175	4.758638681119075	4.4422354407156766	-20.837091906355706	-2.086269969178928e-17	0.4906772655790684	687.9481704342007
176	4.780073279419707	4.462726421564932	-20.88549161490813	-2.067844968746093e-17	0.4940200027767994	683.2932375843251
177	4.801532019781084	4.483244504750265	-20.933831865540984	-2.0496816839391864e-17	0.4973490217608129	678.7195960166529
178	4.8230145246683715	4.503789289344332	-20.982112260171487	-2.0317750402864113e-17	0.5006643901103739	674.2251572043294
179	4.844520424229416	4.524360382304387	-21.03033241974419	2.1069521411680617e-17	0.5039661764287245	669.8079016350762
180	4.8660493560789	4.54495739825702	-21.078491983628588	2.0786426913349117e-17	0.5072544500355296	665.4658763567925
181	4.887600965157968	4.565579959358637	-21.1265906090394	2.076835834539911e-17	0.510529281527444	661.1971915084572
182	4.909174903457467	4.5862276950186684	-21.174627970473082	2.059753528422751e-17	0.5137907418572394	657.0000189348881
183	4.930770829854652	4.606900241737202	-21.222603759161288	2.018318137156109e-17	0.5170389028539242	652.8725890170499
184	4.952388410085193	4.627597243076342	-21.27051768254301	1.999760219246751e-17	0.520273836996866	648.8131886032352
185	4.974027316373942	4.648318349291739	-21.31836946375275	2.0024764749716703e-17	0.5234956174402439	644.8201587233125
186	4.9956872274395785	4.669063217336717	-21.36615884112343	1.9882294283446457e-17	0.5267043178303981	640.891892664288
187	5.017367828227448	4.689831510594917	-21.41388556770599	1.865117942820699e-17	0.5299000121631288	637.0268340829159
188	5.039068809835276	4.710622898805361	-21.461549410804036	1.866560368510101e-17	0.5330827751207157	633.2234746326901
189	5.060789869276059	4.7314370578252145	-21.509150151522167	1.8611838737759455e-17	0.5362526816144344	629.4803526436862
190	5.082530709439294	4.752273669590286	-21.55668758432843	1.851123056017373e-17	0.5394098068219448	625.7960512760991
191	5.104291038885745	4.773132421908973	-21.60416151663109	1.8342156697610086e-17	0.5425542264964061	622.1691964480761
192	5.126070571741445	4.794013008355796	-21.65157176836745	1.8335857545691467e-17	0.5456860162825787	618.5984559919046
193	5.147869027535217	4.81491512810763	-21.698918171606323	1.8323983426681234e-17	0.5488052524975945	615.0825371888293
194	5.1696861311129005	4.83583848585705	-21.746200570161978	1.8231385127214828e-17	0.5519120111308935	611.6201864081545
195	5.191521612463061	4.856782791637599	-21.79341881922092	1.8014465430165913e-17	0.5550063688077799	608.2101865856007
196	5.213375206618986	4.8777477607236746	-21.84057278497902	1.7845934336348455e-17	0.5580884018696004	604.8513568781328
197	5.235246653599308	4.8987331135711445	-21.887662344290895	1.770314771681431e-17	0.5611581867588822	601.5425509132225
198	5.257135698233247	4.919738575640745	-21.934687384329422	1.7606675503659997e-17	0.5642158003270533	598.2826552058737
199	5.279042089967251	4.940763877203028	-21.981647802256035	1.7466057837172406e-17	0.5672613191572893	595.0705886843278
200	5.300965583006493	4.9618087534798025	-22.028543504900814	1.7298755548596955e-17	0.5702948196798345	591.9053013988171
201	5.322905935924051	4.982872944250769	-22.075374408453083	1.7144366376084038e-17	0.5733163785305452	588.7857730385631
202	5.344862911742306	5.003956193934271	-22.122140438159985	1.692512607514841e-17	0.5763260722738345	585.7110121653295
203	5.3668362777833565	5.025058251435883	-22.168841528036577	1.677724433602184e-17	0.5793239770687862	582.680055530821
204	5.388825805518504	5.046178869996336	-22.215477620582323	1.683702547632602e-17	0.5823101695460786	579.6919662109132
205	5.41083127061997	5.067317807242818	-22.26204866650794	1.67471127760794e-17	0.5852847255289002	576.7458339592504
206	5.432852452698648	5.088474824923482	-22.308554624470002	1.6621013739611446e-17	0.5882477211801086	573.8407731551974
207	5.454889135354508	5.109649688957878	-22.354995460813644	1.6761922051181892e-17	0.591199232397429	570.9759225496662
208	5.476941105938572	5.1308421691961685	-22.40137114932313	1.6936668163909787e-17	0.594139334572929	568.1504446619698
209	5.499008155665784	5.152052039531513	-22.44768167097943	1.676541021732374e-17	0.5970681031959078	565.363524398518
210	5.521090079343527	5.173279077626145	-22.493927013726523	1.6622888897980963e-17	0.5999856133563324	562.6143687687038
211	5.543186675375425	5.19452306491353	-22.54010717224316	1.6468965180489487e-17	0.6028919400808903	559.9022058305935
212	5.565297745791471	5.2157837866277115	-22.5862221477236	1.6241000734185802e-17	0.605787157934694	557.2262843597069
213	5.587423095925084	5.237061031478245	-22.632271947661636	1.537683356119626e-17	0.6086713411262696	554.5858730660184
214	5.609562534560391	5.258354591795805	-22.67825658564501	6.7346471358336085e-18	0.611544564323253	551.9802592020869
215	5.6317158737434365	5.279664263341291	-22.72417608115367	6.853169833023598e-18	0.6144069008361969	549.4087495914558
216	5.653882928743035	5.300989845265659	-22.77003045936452	6.920323855548278e-18	0.6172584237198997	546.8706690051672
217	5.676063518032339	5.322331140090052	-22.81581975096235	6.9032745639664076e-18	0.6200992068395754	544.3653586483398
218	5.6982574631317915	5.343687953546301	-22.861543991956268	6.8741703087780225e-18	0.6229293226863126	541.8921775476625
219	5.720464588580941	5.365060094547488	-22.90720322350228	7.051265091883544e-18	0.6257488438554383	539.4505006976256
220	5.742684721953864	5.386447375202147	-22.9527974917293	7.028839990416677e-18	0.6285578422459484	537.0397192446331
221	5.7649176936212925	5.40784961057344	-22.998326847573153	6.993838560282218e-18	0.63135638978161	534.659239364855
222	5.787163336884997	5.429266618813587	-23.043791346613315	6.95758139963943e-18	0.634144557516892	532.3084825493984
223	5.80942148775402	5.450698220936641	-23.089191048915644	7.206960550650983e-18	0.6369224166413431	529.9868842877607
224	5.831691985043352	5.472144240917513	-23.134526018879267	7.125086288592527e-18	0.6396900377830712	527.6938942157616
225	5.853974670189268	5.493604505503499	-23.179796325088745	7.129664420785845e-18	0.6424474910118906	525.4289756772181
226	5.876269387258097	5.515078844223336	-23.22500204016974	7.093198681687615e-18	0.64519484616343	523.1916050415432
227	5.898575982870243	5.5365670893081935	-23.270143240649862	7.080046363638594e-18	0.6479321725167946	520.9812715697906
228	5.920894306117091	5.558069075607482	-23.31522000682296	7.059284578074537e-18	0.6506595392188887	518.7974766865249
229	5.943224208690724	5.579584640717746	-23.360232422618118	7.166142265080873e-18	0.653377014644111	516.6397341244747
230	5.96556554448234	5.601113624577384	-23.40518057547192	7.179329084923592e-18	0.6560846672950745	514.5075688485164
231	5.987918169956898	5.622655869842299	-23.450064556205067	7.173655918386292e-18	0.6587825642962901	512.4005178997988
232	6.010281943766439	5.64421122149552	-23.494884458902096	7.292654971759755e-18	0.661470773453309	510.31812844351435
233	6.032656726864882	5.665779526961431	-23.53964038079552	7.379009549941705e-18	0.6641493613902013	508.2599589077264
234	6.055042382373773	5.687360635969387	-23.584332422152592	6.896420712651166e-18	0.6668183944783383	506.22557794443406
235	6.077438775721863	5.708954400692804	-23.628960686165325	6.824739664125325e-18	0.6694779387855148	504.21456417389595
236	6.099845774404603	5.730560675506093	-23.673525278844902	6.476394019777145e-18	0.6721280596676721	502.2265062043093
237	6.122263247980401	5.752179316979242	-23.71802630891834	6.421732651721453e-18	0.6747688227780329	500.2610015961244
238	6.144691068140223	5.773810183946902	-23.762463887728003	6.387272482545573e-18	0.6774002923718077	498.31765786055814
239	6.1671291085396485	5.795453137338078	-23.806838129134853	6.238072746083047e-18	0.6800225325604833	496.39609125562737
240	6.18957724475458	5.817108040130241	-23.851149149424476	6.1924389560365465e-18	0.6826356072423814	494.495926593117
241	6.21203535448766	5.838774757555636	-23.895397067214535	6.16064002236597e-18	0.6852395797110071	492.6167972829871
242	6.23450331717548	5.860453156705223	-23.939582003367164	5.4700367009411335e-18	0.6878345127852411	490.75834500059636
243	6.256981014121971	5.882143106661199	-23.98370408090249	5.566803544420872e-18	0.690420469066141	488.92021927646357
244	6.279468328583337	5.903844478581649	-24.027763424914735	5.529892749570894e-18	0.6929975104146346	487.1020776493225
245	6.301965145471353	5.925557145400391	-24.071760162491987	5.42056797309037e-18	0.6955656983651316	485.3035851569219
246	6.324471351550439	5.947280982024227	-24.115694422636178	5.3823396221477875e-18	0.6981250938505451	483.52441432371944
247	6.346986835273796	5.969015865167118	-24.15956633618782	5.753889541142662e-18	0.7006757575363508	481.76424472808156
248	6.369511486825878	5.990761673391335	-24.203376035751837	5.713185038069318e-18	0.7032177499179919	480.0227627475874
249	6.3920451980394795	6.0125182870230915	-24.247123655625025	5.774911236636201e-18	0.7057511304420332	478.299661974827
250	6.414587862357017	6.034285588112144	-24.290809331726734	5.738655766589701e-18	0.7082759586865506	476.59464222781116
251	6.437139374855375	6.056063460456384	-24.334433201530896	5.6913377019554546e-18	0.7107922931906381	474.907410171147
252	6.459699632161217	6.077851789514248	-24.37799540400112	5.653101305939763e-18	0.7133001923498863	473.23767853857123
253	6.4822685324268186	6.099650462380366	-24.421496079525586	5.616553545536989e-18	0.715799714001396	471.58516624961686
254	6.504845975405009	6.121459367859259	-24.464935369856065	5.679984024379714e-18	0.7182909158895651	469.9495979435098
255	6.527431862285821	6.143278396300114	-24.5083134180478	5.614256806538159e-18	0.7207738549119087	468.3307043233863
256	6.550026095646086	6.165107439544841	-24.55163036840156	5.619621062685836e-18	0.7232485878237357	466.72822154343976
257	6.572628579627553	6.186946391106081	-24.59488636640585	5.5911074127962915e-18	0.7257151706071986	465.1418914756089
258	6.595239219703053	6.208795145931197	-24.638081558683417	5.554009676722375e-18	0.728173659168069	463.5714611188161
259	6.617857922734665	6.23065360045939	-24.681216092937408	4.5793682510580005e-18	0.7306241087143341	462.01668286415514
260	6.640484596987475	6.2525216526345435	-24.72429011789993	4.531553459719412e-18	0.7330665743806923	460.47731396558845
261	6.663119152052228	6.274399201826528	-24.76730378328159	3.7844282276328e-18	0.7355011102395498	458.9531170372189
262	6.685761498771623	6.296286148755728	-24.81025723972315	3.754592810431272e-18	0.737927770326479	457.4438592810116
263	6.708411549263814	6.318182395515898	-24.853150638748804	3.744860340950681e-18	0.7403466083238412	455.9493125699866
264	6.731069217051383	6.340087845702759	-24.895984132718908	3.73673040024508e-18	0.7427576776221588	454.46925329595
265	6.753734416714799	6.362002404064362	-24.938757874787633	3.714607659061521e-18	0.7451610302589654	453.0034629044735
266	6.776407064253148	6.383925976863045	-24.98147201885798	3.671991854239802e-18	0.7475567190433711	451.55172648403715
267	6.799087076655292	6.405858471442947	-25.024126719541357	3.644348538040009e-18	0.7499447956726929	450.1138338135784
268	6.821774372235233	6.427799796566417	-25.06672213211628	-2.3116805504503018e-17	0.7523253118547925	448.6895785767868
269	6.844468870423608	6.449749862203549	-25.109258412489037	-2.2931350924445752e-17	0.7546983184594463	447.2787587732187
270	6.867170491816176	6.471708579579408	-25.151735717156033	-2.3373705487030535e-17	0.7570638658091187	445.88117644210337
271	6.889879158059944	6.493675861059083	-25.194154203166253	-2.323703001669471e-17	0.759422004682546	444.4966369783869
272	6.91259479193874	6.515651620232667	-25.236514028085825	-2.311167480118286e-17	0.7617727847790607	443.1249499503716
273	6.935317317246461	6.537635771786611	-25.278815349963022	-2.3006444007465097e-17	0.7641162552388593	441.7659286979264
274	6.958046658978517	6.55962823169594	-25.32105832729362	-2.2822838995170103e-17	0.7664524652463286	440.41938989691766
275	6.980782743138472	6.581628917027986	-25.363243118989764	-2.2690319867578576e-17	0.7687814633823491	439.0851538532644
276	7.0035254966224345	6.603637745826128	-25.40536988434698	-2.2547455881933673e-17	0.7711032978123414	437.7630443112519
277	7.026274847454077	6.625654637344335	-25.44743878301394	-2.2411350776006676e-17	0.7734180165046654	436.45288825094275
278	7.049030724654079	6.647679511916439	-25.48944997496211	1.071223778378917e-17	0.7757256665557937	435.1545161932548
279	7.07179305816477	6.669712290876821	-25.531403620457404	1.0686905098455829e-17	0.7780262953022339	433.8677614972473
280	7.094561778883543	6.691752896596867	-25.573299880031456	1.0627005837474768e-17	0.7803199491585253	432.592460942197
281	7.117336818701095	6.713801252519473	-25.615138914454697	1.0558834478591197e-17	0.7826066746076045	431.3284541024748
282	7.140118110354273	6.735857283011383	-25.65692088471013	1.0827193162070904e-17	0.7848865169721774	430.0755839595373
283	7.162905587610423	6.757920913547896	-25.69864595196743	1.0766749564553051e-17	0.7871595225589266	428.83369565475437
284	7.185699184963976	6.77999207040661	-25.740314277558458	1.0734185636260958e-17	0.7894257363026939	427.6026377221426
285	7.208498838038026	6.802070681070635	-25.781926022952533	1.069173733784979e-17	0.7916852022763416	426.3822617350745
286	7.231304482996801	6.8241566736368435	-25.823481349733985	1.0462334025893545e-17	0.793937965519207	425.172421258409
287	7.254116057079822	6.846249977352233	-25.864980419579513	1.0382540191145263e-17	0.7961840697942882	423.9729730035829
288	7.276933498395651	6.868350522405926	-25.906423394234963	1.0676426651983956e-17	0.79842355866069	422.7837761889379
289	7.299756745702642	6.890458239707594	-25.947810435496418	1.0628562177410535e-17	0.8006564755849028	421.604692427147
290	7.322585738672906	6.912573061152472	-25.98914170518762	1.0568816885088568e-17	0.8028828634048282	420.4355859549245
291	7.345420417808738	6.934694919536466	-26.030417365140742	1.0516660992033335e-17	0.8051027647138347	419.2763233756362
292	7.368260724367224	6.956823748479387	-26.071637577177693	1.0454434054439871e-17	0.8073162216334334	418.12677372664984
293	7.391106600291403	6.978959482355192	-26.11280250309083	1.037984813173044e-17	0.8095232759210692	416.98680837151073
294	7.413957988398121	7.001102056480236	-26.15391230462495	1.042230183952892e-17	0.8117239693156154	415.8563007735033
295	7.436814832159435	7.023251406892498	-26.194967143460083	1.038202670805057e-17	0.8139183429632991	414.73512674476933
296	7.459677075876388	7.045407470526055	-26.235967181193764	1.0332216065388372e-17	0.8161064378448302	413.62316417966844
297	7.482544664555487	7.067570185085288	-26.276912579325753	1.0270461899008932e-17	0.8182882941055524	412.52029334936816
298	7.505417543844286	7.089739488980613	-26.317803499241393	1.019824230039851e-17	0.8204639519827712	411.42639638586445
299	7.5282956601534	7.111915321449642	-26.358640102196492	1.0143688774784464e-17	0.8226334512660651	410.34135751379625
300	7.551178960534846	7.134097622434181	-26.399422549302265	1.0090616297241688e-17	0.8247968314372218	409.26506293746525
301	7.574067392767872	7.156286332666537	-26.44015100151139	1.0080666928148319e-17	0.8269541314862907	408.197400890998
302	7.596960905313794	7.178481393622772	-26.480825619603515	1.0036945430045122e-17	0.829105390800868	407.13826115967294
303	7.6198594471801755	7.20068274738568	-26.52144656417206	9.979181771024903e-18	0.8312506474671021	406.08753588024837
304	7.642762968236761	7.222890336962097	-26.562013995611245	9.896658398658744e-18	0.8333899397120998	405.0451187896377
305	7.665671418691606	7.245104105754981	-26.60252807410359	9.838470407104238e-18	0.8355233054510901	404.0109054127834
306	7.688584749606661	7.26732399808185	-26.642988959607454	9.79710894662322e-18	0.8376507822498848	402.9847930447903
307	7.711502912690867	7.289549958965614	-26.683396811845565	9.784441897621616e-18	0.8397724073229058	401.9666807163612
308	7.734425860029405	7.311781933861777	-26.72375179029348	9.734578848837572e-18	0.8418882175337412	400.95646915886164
309	7.757353544530832	7.334019869107977	-26.76405405416859	9.672675145264424e-18	0.8439982495256664	399.95406070864266
310	7.780285919605353	7.356263711599075	-26.804303762419593	9.597964052266212e-18	0.8461025394823034	398.95935938842166
311	7.8032229391882835	7.37851340881071	-26.844501073716657	9.55626958800731e-18	0.8482011237771455	397.97227056901
312	7.826164557881199	7.400768908940415	-26.88464614644025	9.50631394826251e-18	0.8502940380374157	396.99270138116947
313	7.849110730846254	7.42303016080111	-26.924739138673438	9.434846300346577e-18	0.8523813173780599	396.0205605715511
314	7.87206141370509	7.445297113718425	-26.964780208190852	9.500109854647482e-18	0.8544630001461228	395.05575673967144
315	7.895016562713702	7.467569717706311	-27.004769512451354	9.445486569247231e-18	0.8565391150109037	394.0982042886382
316	7.917976134641758	7.489847923344994	-27.044707208588434	9.39857105424682e-18	0.8586096997834491	393.14781467518134
317	7.940940086833453	7.512131681841522	-27.084593453402203	9.35135334925747e-18	0.8606747884364783	392.2045024021172
318	7.963908376993867	7.534420944815049	-27.124428403351537	9.305198091232885e-18	0.8627344153837266	391.26818301161256
319	7.9868809635281846	7.556715664636185	-27.164212214546886	9.2584989038921e-18	0.8647886137509679	390.33877384743573
320	8.00985780528108	7.579015794165672	-27.203945042741523	9.056018932400452e-18	0.8668374175572809	389.4161930388409
321	8.032838861600762	7.601321286817517	-27.243627043325958	9.008252285270553e-18	0.8688808594390364	388.50036050593985
322	8.055824092260679	7.6236320964799935	-27.28325837132016	8.95070851450247e-18	0.8709189725236521	387.5911970899327
323	8.078813457596306	7.645948177652379	-27.322839181367236	8.906693530044797e-18	0.8729517892732498	386.68862504973214
324	8.101806918422307	7.668269485362474	-27.36236962772715	8.866459820954968e-18	0.8749793423014074	385.79256767469576
325	8.124804436002135	7.690595975133087	-27.401849864270318	8.823642787640957e-18	0.8770016633595126	384.9029497112812
326	8.147805972042873	7.712927602978619	-27.441280044472382	8.78473259794595e-18	0.8790187849899623	384.0196966127762
327	8.170811488717046	7.7352643254255895	-27.48066032140773	8.710971415835489e-18	0.8810307374968528	383.1427358457881
328	8.19382094864758	7.757606099497001	-27.519990847745078	8.669291220815668e-18	0.883037552813889	382.2719951751831
329	8.216834314913719	7.77995288271808	-27.55927177574129	8.660704055133832e-18	0.8850392620113633	381.4074037366745
330	8.239851551052272	7.802304633116888	-27.598503257237233	8.624998217265078e-18	0.8870358957292737	380.5488918250058
331	8.262872620938191	7.824661309103817	-27.637685443652284	8.463847137925736e-18	0.8890274845349609	379.69639071996767
332	8.285897489068029	7.8470228697563025	-27.67681848598045	8.423839049610727e-18	0.8910140583881059	378.84983289651154
333	8.308926120048435	7.8693892743037885	-27.715902534785773	8.397969762931461e-18	0.8929956480493229	378.0091514064489
334	8.331958479177965	7.891760482712582	-27.75493774019786	8.341173543424326e-18	0.8949722828588659	377.17428080620084
335	8.354994532038923	7.914136455274905	-27.793924251908148	8.307771371277858e-18	0.8969439922570155	376.34515649004976
336	8.378034244654335	7.936517152766224	-27.832862219165992	8.338124289182382e-18	0.8989108058444143	375.521714650744
337	8.401077583387064	7.958902536343512	-27.87175179077511	8.179755138342807e-18	0.9008727523814086	374.7038926823498
338	8.424124515009025	7.98129256761425	-27.91059311509044	8.155610805489316e-18	0.9028298609089745	373.89162869393635
339	8.447175006735545	8.003687208671053	-27.949386340013877	8.145301564600916e-18	0.9047821598637241	373.0848618629029
340	8.470229026119611	8.026086421984099	-27.988131612992078	8.107708983025902e-18	0.9067296777676294	372.28353213258805
341	8.4932865410044	8.048490170353743	-28.026829081012973	8.072450545162366e-18	0.9086724424812025	371.48758050485236
342	8.516347519724397	8.07089841711203	-28.065478890603178	8.03541310783775e-18	0.9106104823639458	370.6969485487022
343	8.539411930943329	8.093311125959445	-28.104081187825226	7.987319705503525e-18	0.9125438245646543	369.9115790847809
344	8.562479743649853	8.115728260959987	-28.142636118274538	7.904512472947219e-18	0.91447249690345	369.1314154026615
345	8.585550927146368	8.138149786529754	-28.18114382707819	8.320091048432487e-18	0.916396526575287	368.3564017754317
346	8.608625451279476	8.160575667668295	-28.21960445889099	8.267519611190437e-18	0.9183159405136935	367.58648329675043
347	8.631703285956037	8.183005869471424	-28.25801815789506	7.78011780667962e-18	0.9202307655317837	366.82160581069763
348	8.654784401625246	8.205440357615895	-28.296385067796404	7.745040265167795e-18	0.9221410280508451	366.06171600702714
349	8.677868769039154	8.22787909811792	-28.334705331823635	7.677651342642409e-18	0.9240467546475621	365.3067611903734
350	8.700956359174722	8.250322057254737	-28.372979092726318	7.643234693480611e-18	0.9259479714562034	364.5566895058993
351	8.724047143495703	8.272769201827227	-28.411206492772987	7.60907049893465e-18	0.9278447042720751	363.8114498843898
352	8.747141093583497	8.29522049878863	-28.449387673749772	7.544808171426765e-18	0.9297369790610406	363.0709918300608
353	8.77023818152897	8.317675915638302	-28.487522776958716	7.525566648113633e-18	0.9316248213929823	362.33526563198467
354	8.793338379581304	8.340135420067917	-28.52561194321728	7.515526995713734e-18	0.9335082564175816	361.60422236027574
355	8.816441660450787	8.362598980265979	-28.563655312855364	7.506434366835946e-18	0.9353873093446898	360.8778136676489
356	8.839547996980409	8.385066564586895	-28.601653025716068	7.475968355696066e-18	0.9372620049668935	360.15599196374126
357	8.862657362535668	8.407538141943	-28.639605221153655	7.445802472920244e-18	0.9391323682681837	359.43871016953483
358	8.885769730446096	8.430013681242269	-28.67751203806414	7.404117089271792e-18	0.9409984236159936	358.7259220176224
359	8.908885074677649	8.452493152064424	-28.715373614758235	7.37176371951322e-18	0.9428601953740833	358.0175818058033
360	8.932003369298451	8.474976524123262	-28.753190089151033	7.339641787859814e-18	0.9447177078578526	357.31364440515785
361	8.955124588559464	8.49746376734745	-28.790961598633697	7.307749007326117e-18	0.9465709849668036	356.6140653895226
362	8.978248707392272	8.51995485238097	-28.82868828010482	7.276083119598858e-18	0.9484200502115211	355.91880101384635
363	9.001375700471266	8.542449749639143	-28.866370269970087	7.244641894738558e-18	0.9502649278102534	355.22780779317554
364	9.024505543087855	8.564948430188416	-28.904007704142057	7.362732014087268e-18	0.952105640496097	354.541043316254
365	9.04763821077773	8.587450865370457	-28.941600718038888	8.19005326252305e-18	0.9539422127107332	353.8584650421965
366	9.070773679196028	8.609957026676607	-28.979149446585176	8.154954722253017e-18	0.9557746659090424	353.1800320400007
367	9.093911924463482	8.632466886095623	-29.01665402421105	8.140733331406823e-18	0.957603022963353	352.50570333850624
368	9.11705292272321	8.654980415667715	-29.054114584852584	8.10603711822038e-18	0.9594273075469386	351.8354381551328
369	9.140196650492259	8.677497587837792	-29.091531261951175	8.071583093614145e-18	0.9612475415477554	351.1691968389875
370	9.163343084606746	8.700018375399956	-29.128904188453603	8.058066860295634e-18	0.9630637475955725	350.5069399315933
371	9.186492202073726	8.722542751348465	-29.166233496812236	8.024002736066998e-18	0.9648759477685303	349.8486286340261
372	9.209643980107291	8.745070688913481	-29.203519318985684	7.964228466187652e-18	0.9666841642764467	349.1942245494806
373	9.232798396228814	8.767602161661681	-29.24076178643788	7.930742917850607e-18	0.9684884186411663	348.54368997245155
374	9.255955428132143	8.790137143360713	-29.277961030139053	7.897488002817393e-18	0.9702887316713186	347.8969878866158
375	9.279115053900615	8.812675608196528	-29.315117180566098	7.864461525548876e-18	0.9720851268254022	347.25408075233963
376	9.30227725155354	8.835217530317957	-29.352230367702457	7.875606659091832e-18	0.9738776241181601	346.61493268667647
377	9.325441999759342	8.85776288455257	-29.38930072103878	7.842847784487187e-18	0.9756662449492599	345.9795077222658
378	9.348609276959435	8.88031164552649	-29.426328369573316	7.78068790926915e-18	0.9774510101677019	345.3477704942583
379	9.37177906213964	8.902863788438665	-29.463313441812804	7.748496008954527e-18	0.9792319407255832	344.7196860006974
380	9.394951334408542	8.925419288637732	-29.50025606577219	7.716522351334837e-18	0.9810090573191299	344.09521972330316
381	9.418126073086523	8.947978121710609	-29.537156368976028	7.684764891006618e-18	0.9827823805147909	343.47433757609593
382	9.441303257654367	8.970540263430822	-29.5740144784588	7.565253937730043e-18	0.9845519309189578	342.85700583991076
383	9.46448286793965	8.993105689945656	-29.61083052076535	7.553732673018253e-18	0.9863177280566575	342.24319154627005
384	9.487664883827591	9.015674377485228	-29.647604621952226	7.522890069123383e-18	0.988079792281798	341.63286180485414
385	9.510849285513563	9.03824630261609	-29.684336907587813	7.49225385898256e-18	0.9898381436042569	341.02598420751013
386	9.5340360533697	9.060821442106766	-29.721027502753678	7.461822132896756e-18	0.9915928014973973	340.42252688707373
387	9.557225167941125	9.083399772923562	-29.757676532044904	7.431593003653814e-18	0.9933437858270797	339.8224581912658
388	9.580416610010698	9.105981272296367	-29.794284119571433	7.40156460619646e-18	0.9950911160246643	339.2257469620598
389	9.603610360531146	9.128565917649146	-29.830850388958666	7.417828656334135e-18	0.9968348107192581	338.63236265315857
390	9.626806400705599	9.15115368668111	-29.867375463348672	7.388010930338959e-18	0.9985748901320436	338.0422745099671
391	9.650004711838582	9.173744557216626	-29.903859465400796	7.358389691764446e-18	1.000311372815953	337.45545267421863
392	9.67320527549621	9.196338507366214	-29.940302517293215	5.530511740637161e-18	1.0020442774994143	336.87186754975886
393	9.69640807334442	9.218935515363361	-29.97670474072362	5.508451751122492e-18	1.003773623127791	336.29148978524364
394	9.719613087359674	9.241535559776581	-30.01306625691014	5.4865360261533346e-18	1.0054994283141165	335.71429045439805
395	9.742820299673914	9.264138619353064	-30.049387186592863	5.464763260850383e-18	1.0072217112252055	335.1402410876954
396	9.766029692411754	9.286744672854345	-30.085667650034907	5.443132165374327e-18	1.0089404903567367	334.56931340858705
397	9.789241248202226	9.309353699571913	-30.1219077670232	5.4216414646645614e-18	1.0106557836674683	334.00147961735956
398	9.812454949547146	9.331965678690516	-30.158107656870172	5.400289898296311e-18	1.01236760952606	333.4367120722141
399	9.835670779302054	9.354580589772233	-30.194267438414677	5.3790762202302974e-18	1.0140759855355514	332.8749836734422
400	9.858888720392597	9.377198412471065	-30.230387230023236	5.3579991986403405e-18	1.015780929546849	332.31626752371295
