T(K)	v(THz2π)	w(THz2π)	E(meV)	M(mₑ)	R(Å)	κ(N/m)	ReΣ(ps⁻¹)	ImΣ(ps⁻¹)	μ(cm²V⁻¹s⁻¹)
1.0	5.762659825445153	4.547373265349531	-18.891707347668483	0.19271077805649772	108.9013801663203	5.4071539230771334e-5	7.323054478716285e-13	3.2752561344355906e-7	4.4750189974461655e10
2.0	5.688841701669395	4.457306594073358	-18.40740867103551	0.1954717174147063	107.8015489783187	5.3923488554522174e-5	2.6451969786844164e-13	4.927400954743752e-5	2.974556679620481e8
3.0	5.613923790742363	4.365039340223078	-17.994692898032245	0.19848968716618565	106.66157463578037	5.378208748434084e-5	1.4734366098452025e-13	0.003369832783203853	4.349424545975972e6
4.0	5.540011957771428	4.272291808563598	-17.631455437493106	0.2017812617452505	105.45458794158475	5.368146456544038e-5	9.664928033831543e-14	0.026923961687087116	544378.7802643792
5.0	5.471675086726654	4.183140550760042	-17.308162891262423	0.20531322919699732	104.14283758843459	5.3687110055586344e-5	6.709221906771372e-14	0.09406597819951511	155814.39436066925
6.0	5.413932624983213	4.102230340174761	-17.019167946265007	0.20900989877527287	102.69867855879623	5.3867537687194225e-5	6.436868357666908e-14	0.22028499138266552	66535.77863432563
7.0	5.370519297486219	4.03313516681341	-16.760299036428872	0.21277875060298804	101.11430652939579	5.427287231837315e-5	4.4249190794877195e-14	0.41170720608579114	35600.138172095016
8.0	5.343363453408109	3.977825412615353	-16.528149330422814	0.2165305811889131	99.40054357863562	5.492942960056847e-5	4.701729060434332e-14	0.6678931997636163	21944.875959642606
9.0	5.3328211216413735	3.9368466504792505	-16.319850482420378	0.22019035024029426	97.5808339858895	5.584337062217025e-5	4.1661858592110724e-14	0.9843360278926467	14890.071081193688
10.0	5.338184747216067	3.909766492295683	-16.132990653792426	0.22370042313896846	95.68455282282484	5.7007356325306756e-5	2.509664507561909e-14	1.3558272594712828	10810.251321261183
11.0	5.358163147062334	3.895605631149751	-15.965563253572684	0.22701948921167944	93.74184348675843	5.840655299380876e-5	2.6138127790464712e-14	1.7771289248546278	8247.478963463676
12.0	5.391222218262284	3.8931465925665347	-15.815910944377942	0.23011991158805642	91.7804676338678	6.002277917865801e-5	8.220697457874976e-14	2.244378966070262	6530.462833896706
13.0	5.4357933109550185	3.901123122995455	-15.682662264413155	0.2329849141924758	89.82424230240895	6.183701355396281e-5	6.212435676447387e-14	2.754571034838501	5320.913215788855
14.0	5.4903895978599895	3.9183258035015296	-15.564668293740452	0.23560607473127457	87.89250161563388	6.383082771992426e-5	2.5664323204291835e-14	3.3057111346225065	4433.79134661598
15.0	5.553664575923248	3.943655013133508	-15.460946420660305	0.23798123052395947	86.0001699169485	6.598716746107752e-5	2.6151667666113316e-14	3.895930970889828	3762.0875556102965
16.0	5.6244347209256835	3.9761416012086483	-15.370634887480223	0.240112805649589	84.15817821922441	6.829072583583183e-5	-6.568395767026326e-14	4.523643854989861	3240.0502543837447
17.0	5.701680354461244	4.014948233576766	-15.292958728664232	0.2420065266718078	82.37404484795431	7.072805189211382e-5	-5.53727269030738e-14	5.18701475327392	2825.6779901869986
18.0	5.784534233330961	4.059360045304171	-15.227205849164958	0.24367046475455956	80.65249960463036	7.328749386558626e-5	4.3655068003738827e-14	5.883900145336268	2491.006485675789
19.0	5.872264319553588	4.108770347736943	-15.172711205015277	0.24511432979493578	78.9960763087545	7.595904954156163e-5	2.534965861521959e-14	6.612243160922219	2216.6204518493773
20.0	5.964254857573844	4.162664991172481	-15.128846960847023	0.24634894735059135	77.40563417156936	7.873417504626925e-5	1.5863771154363164e-14	7.369751070437337	1988.7826987664585
21.0	6.059988131835059	4.220607408979132	-15.095016767074823	0.24738586376049623	75.88079350777859	8.160558501831903e-5	1.484136996695012e-14	8.152975664063238	1797.7280967126994
22.0	6.159028077631384	4.282225312079486	-15.070652693504835	0.24823704080232406	74.42028658637274	8.456706312449233e-5	1.3774837553795389e-14	8.95950627197035	1635.8974454825704
23.0	6.261006143063696	4.347199332709145	-15.055213748743263	0.2489146150601804	73.0222324830407	8.761329167579406e-5	2.1187534069451287e-14	9.786993406052902	1497.582844393932
24.0	6.365609439888351	4.415253615132806	-15.048185248844757	0.24943070523684566	71.68434748438317	9.07397042611694e-5	1.0571403812495892e-14	10.632079383679807	1378.5481554623768
25.0	6.472570946571481	4.48614812355837	-15.049078557832427	0.24979725807793046	70.40410330112046	9.394236051160976e-5	-8.321042562716002e-16	11.491856330142612	1275.4104299631001
26.0	6.581661493251529	4.5596724191047	-15.057430911107652	0.2500259260770774	69.17884394318952	9.721784129611585e-5	-3.3686407367518807e-15	12.363940403796954	1185.4500219525696
27.0	6.692683240090149	4.635640649894473	-15.07280516259119	0.25012797219535615	68.00587053308908	0.00010056316181147284	-2.5638574028218536e-14	13.245336243744665	1106.5655981382354
28.0	6.805464381382062	4.713887522158024	-15.094789381470859	0.25011419786954125	66.88250163591228	0.00010397569987070232	-2.3686212258610328e-14	14.134101202579346	1036.9837609784925
29.0	6.9198548448476895	4.794265056136363	-15.122996277156213	0.2499948910860812	65.80611511614552	0.00010745313689400758	4.049149156228293e-15	15.027349256251327	975.3438995240075
30.0	7.035722793610544	4.876639965840825	-15.157062461437555	0.24977979160934277	64.77417620343424	0.00011099340940096723	1.386186777544237e-14	15.924600125530247	920.3894168496948
31.0	7.152951773370706	4.960891533190211	-15.196647572505956	0.24947807069470776	63.78425536626386	0.00011459466912353546	1.6076636751455187e-14	16.824240147993574	871.1735742103816
32.0	7.271438377600871	5.0469098736778095	-15.241433291814309	0.24909832284168762	62.83403873183157	0.0001182552501664334	8.501329290860279e-15	17.721586580409618	827.0610171723451
33.0	7.391090329003647	5.1345945126242665	-15.29112228549087	0.2486485673680209	61.921333118573415	0.00012197364191845449	1.1061088071526686e-14	18.61752443240082	787.2600611493485
34.0	7.511824895988886	5.2238532084172675	-15.34543709965228	0.24813625782574303	61.04406723072504	0.0001257484666521621	1.0170953439488956e-14	19.509329986098148	751.27302852253
35.0	7.63356757947042	5.314600972881615	-15.404119035113188	0.24756829752103748	60.20029016940342	0.00012957846094657067	9.265726181446447e-15	20.395694929084875	718.6238798953732
36.0	7.75625101848511	5.406759249715091	-15.466927022605	0.24695105963463507	59.38816811534235	0.0001334624602304291	7.727015879961702e-15	21.277842784261157	688.8307979201144
37.0	7.879814073685117	5.500255220415614	-15.533636515313772	0.24629041066142526	58.60597981248149	0.00013739938587875835	7.407823228343476e-15	22.152209327614848	661.6420604526437
38.0	8.004201055764131	5.595021213402934	-15.604038411614583	0.24559173610265847	57.85211131250311	0.00014138823439796552	5.16905597994598e-15	23.01929564367745	636.7194570146221
39.0	8.12936107278612	5.690994197487399	-15.677938017429002	0.24485996752200864	57.12505031297942	0.0001454280683298496	-1.6170464011540477e-15	23.877586470545747	613.8322833080862
40.0	8.25524747515738	5.788115344397143	-15.755154054763835	0.2440996102544553	56.42338032781239	0.00014951800856718967	-1.2977444132975132e-15	24.727060007097165	592.7446861411972
41.0	8.381817381363037	5.886329648441276	-15.835517720615838	0.24331477119470354	55.74577485794614	0.0001536572278363322	1.1505761039057618e-14	25.567226532654825	573.266459089
42.0	8.50903127072787	5.985585593684131	-15.918871798541069	0.2425091862200093	55.0909916784908	0.00015784494514581247	4.424539145380511e-15	26.39841431275804	555.2164326786055
43.0	8.636852632063338	6.085834860908694	-16.005069823714663	0.24168624690776774	54.45786732006273	0.00016208042103736791	4.85360224631296e-15	27.218693955143753	538.4840818319842
44.0	8.765247659061641	6.1870320680669	-16.093975301189413	0.2408490262982236	53.84531179416103	0.00016636295350411806	4.979747840542442e-15	28.028667971343484	522.9229386885781
45.0	8.894184985113643	6.289134539247339	-16.185460976213673	0.2400003035219798	53.252303591773554	0.000170691874468514	4.865806935836863e-15	28.82785953097908	508.4260039268886
46.0	9.023635451325237	6.392102097891102	-16.279408154883384	0.23914258717686693	52.677884969995674	0.00017506654672713463	7.248480454359835e-15	29.61577114314739	494.8996044120471
47.0	9.153571902849189	6.49589688099742	-16.37570607297463	0.23827813738029927	52.12115753069116	0.00017948636129130988	7.045526160962431e-15	30.392093021509574	482.25811275084595
48.0	9.283969009236449	6.600483171370169	-16.47425131055484	0.23740898646780528	51.581278088179054	0.0001839507350594203	6.789187434678294e-15	31.15865021799226	470.3937211836576
49.0	9.414803105392064	6.705827245610965	-16.574947249802587	0.23653695833368873	51.05745481779549	0.000188459108771067	6.891605248982956e-15	31.913189287176674	459.2719734530186
50.0	9.546052050306924	6.8118972359593375	-16.67770357340918	0.23566368643246363	50.548943673889674	0.00019301094520238058	6.6489029722535065e-15	32.65688439688877	448.81297447033023
51.0	9.677694598000912	6.918662518038244	-16.782435800935797	0.23479063906993458	50.055045756642535	0.00019760571457972913	-1.0509048626335393e-14	33.38877226734633	438.9749136548965
52.0	9.809712800073246	7.026096026581193	-16.889064860548228	0.23391909190038404	49.57510076424415	0.0002022429580827274	-1.0150583014637616e-14	34.11092788376467	429.68146375394804
53.0	9.942086873923854	7.134169287606189	-16.997516693625975	0.2330502280835016	49.108491062135926	0.00020692215671340848	-9.599325137236772e-15	34.83042657028103	420.80545277063214
54.0	10.074800142264206	7.242857183309447	-17.10772188985923	0.23218506550263673	48.65463210985915	0.00021164286000961705	-8.553400834766661e-15	35.52451398153736	412.5836438105457
55.0	10.20783643558563	7.352135431490893	-17.21961535055673	0.23132451177219174	48.21297347530752	0.00021640462008634784	-8.274971159349185e-15	36.20917297750355	404.78233049419623
56.0	10.341180520716152	7.461980989070643	-17.333135978024085	0.23046936670544946	47.7829958755944	0.00022120700368819128	-5.7391770936941126e-15	36.88417994657102	397.37452328702113
57.0	10.474818033267391	7.572371975700611	-17.448226388998318	0.22962033243979837	47.36420907985522	0.00022604959134375115	-4.5569782713766684e-15	37.554438277462	390.28232335184595
58.0	10.608735416106336	7.683287602955195	-17.56483265026211	0.22877802269732928	46.956149968640645	0.00023093197659371202	-4.360299178789656e-15	38.208073566991054	383.6056637978153
59.0	10.742919863287266	7.794708108699543	-17.682904034687063	0.22794297124250976	46.55838073783865	0.0002358537652863266	-4.588901901575556e-15	38.858299484761325	377.1866915804997
60.0	10.877359268805296	7.9066146961324	-17.80239279608545	0.22711563959875486	46.17048723602399	0.00024081457493118147	-3.538592424060061e-15	39.49535974225492	371.102669243963
61.0	11.012042179604526	8.018989477040094	-17.923253961369273	0.22629642408300293	45.79207742482367	0.0002458140341034025	-3.276697073333316e-15	40.12214067066871	365.3053695067731
62.0	11.146957752593014	8.131815419105697	-18.045445138625098	0.22548566220965355	45.422779952600976	0.0002508517818972815	-1.689757408884279e-15	40.73966507043218	359.7681374592085
63.0	11.28209571496872	8.245076296639331	-18.168926339834318	0.22468363852052473	45.062242832667756	0.0002559274674170164	-2.166799887239995e-15	41.34577796316952	354.4940776336958
64.0	11.41744632780295	8.358756644736298	-18.293659817053836	0.22389058988401284	44.710132217685995	0.0002610407493072739	-5.482061571882367e-15	41.916525518411476	349.6671835709158
65.0	11.553000352406684	8.472841716425494	-18.41960991097533	0.22310671031118098	44.366131262739145	0.00026619129531574553	-5.665497855834834e-15	42.53452206721798	344.58676648438507
66.0	11.688749019303636	8.58731744266712	-18.546742910872304	0.222332155328734	44.029939070086726	0.0002713787818865633	-6.263106927755323e-15	43.11503262547164	339.94717226405044
67.0	11.824683999465721	8.70217039487575	-18.675026925014755	0.22156704594896856	43.7012697092195	0.0002766028937790954	7.349269137884737e-17	43.68769240613985	335.4911329910732
68.0	11.960797377711483	8.817387749884594	-18.804431760717055	0.22081147227056439	43.379851306243786	0.0002818633237126425	-1.440632428341176e-16	44.25312052759303	331.20451729415163
69.0	12.09708162806698	8.932957257168903	-18.934928813246252	0.22006549674268233	43.065425197286835	0.0002871597720339719	4.072202308485816e-15	44.806392600656636	327.11478368125904
70.0	12.233529590780712	9.048867208015455	-19.066490962886522	0.21932915712470263	42.757745140904575	0.00029249194640272873	3.900822055104736e-15	45.354854792144415	323.1590860619394
71.0	12.370134451075472	9.165106406731942	-19.19909247951199	0.2186024691655395	42.45657658490148	0.00029785956149869003	3.9230303416981676e-15	45.89366266351905	319.365083814766
72.0	12.506889719318739	9.281664143574774	-19.332708934073437	0.21788542903026134	42.161695983451004	0.00030326233874456365	2.6769625064166293e-15	46.42521126095238	315.708491679585
73.0	12.643789212503359	9.398530169280603	-19.467317116455888	0.21717801549690643	41.87289016062335	0.00030870000604355825	3.213502002886946e-15	46.94835262596921	312.1905797178924
74.0	12.78082703704401	9.51569467120888	-19.602894959206523	0.21648019194276047	41.5899557168104	0.00031417229753316915	2.930092552165583e-15	47.46502339804931	308.79229322583075
75.0	12.917997572707808	9.633148250904883	-19.739421466675864	0.21579190814045585	41.31269847482212	0.000319678953352034	2.481758905167224e-15	47.973534041071375	305.5191516754482
76.0	13.055295457579254	9.750881902972028	-19.87687664915215	0.21511310188162958	41.04093296264274	0.0003252197194188995	2.4214675683174768e-15	48.47536343293952	302.3563390788709
77.0	13.192715573976816	9.868886995168594	-20.015241461603324	0.21444370044375557	40.774481930179086	0.0003307943472222667	2.363374811049854e-15	48.9702543383293	299.3007412589518
78.0	13.330253035322352	9.987155249718375	-20.15449774667388	0.2137836219139341	40.51317589742372	0.0003364025936222786	1.3621644410344724e-15	49.469713178423014	296.27892464705394
79.0	13.467903173817199	10.105678725683308	-20.294628181610456	0.21313277638358638	40.256852731798254	0.00034204422066160743	2.7750690961561266e-15	49.93943363193439	293.49218357432204
80.0	13.605661528906602	10.224449802358272	-20.43561622882002	0.21249106702607126	40.0053572524088	0.0003477189953869452	2.2012774592595927e-15	50.41468788865051	290.7254619025609
81.0	13.74352383639824	10.343461163569007	-20.577446089785496	0.21185839106788817	39.758540859549804	0.00035342668967607813	1.248804258056522e-15	50.89348280167789	287.99037944045256
82.0	13.881486018325637	10.462705782922304	-20.720102662087108	0.21123464066323566	39.516261187264874	0.00035916708007690244	1.2206195635214212e-15	51.35590163046314	285.3972563575296
83.0	14.01954417337095	10.582176909841424	-20.863571499300086	0.2106197036812068	39.27838177765594	0.0003649399476514274	1.1933964788050503e-15	51.81229316831146	282.8833183562993
84.0	14.157694567896606	10.701868056411326	-21.007838773552905	0.2100134644134878	39.044771775214954	0.00037074507782835066	-8.810281487900749e-16	52.26371466274855	280.4399480151792
85.0	14.295933627463365	10.821772984907371	-21.15289124055364	0.20941580421058856	38.81530563985788	0.00037658226026088146	3.6294595413546073e-17	52.69853290786295	278.12602390140677
86.0	14.434257928922925	10.941885696083837	-21.298716206901553	0.20882660205224762	38.58986287728478	0.00038245128869337743	-8.432746801770827e-16	53.14763687570742	275.77582531803347
87.0	14.572664192854317	11.062200417989464	-21.44530149952027	0.20824573505975633	38.36832778560893	0.00038835196082992875	-7.408086071372812e-16	53.58132071550246	273.5437131332368
88.0	14.711149276558684	11.182711595504841	-21.592635437057695	0.20767307895386722	38.150589216942265	0.00039428407821296053	-7.587189983509603e-16	54.00983394028076	271.37342135337013
89.0	14.849710167381872	11.303413880375977	-21.740706803113508	0.2071085084647409	37.936540353117756	0.0004002474461042795	8.152318142973911e-17	54.42380529265259	269.30923599126004
90.0	14.988343976434074	11.424302121795296	-21.889504821163033	0.20655189769798835	37.72607849446786	0.00040624187337209416	-7.276368489571912e-16	54.850972470173055	267.21191554208957
91.0	15.127047932622766	11.545371357443356	-22.039019131058748	0.2060031204613082	37.51910486084901	0.00041226717238150486	-7.12825577280118e-16	55.263766570706856	265.21596938834733
92.0	15.26581937714456	11.666616805132096	-22.189239766997687	0.20546205055396888	37.31552440406403	0.00041832315889315396	-7.4379574719889855e-16	55.67089346495107	263.27641808603124
93.0	15.404655758079254	11.78803385467764	-22.340157136853456	0.20492856202572657	37.11524563097334	0.000424409651960293	-7.592119118769363e-16	56.07468637185883	261.3805688703221
94.0	15.543554625445097	11.909618060365663	-22.49176200277822	0.20440252940465803	36.918180436563055	0.0004305264738346557	4.614753344386104e-19	56.46555468223704	259.57122896575595
95.0	15.682513626479444	12.031365133760351	-22.64404546298693	0.20388382789886056	36.72424394633932	0.00043667344987492794	-6.579962595680295e-16	56.866473375248795	257.74120590148584
96.0	15.821530501110127	12.153270936815735	-22.79699893464357	0.20337233357467996	36.53335436745094	0.0004428504084570837	-7.156730373343576e-16	57.25708089794755	255.98289666958473
97.0	15.960603077772173	12.275331475446421	-22.950614137774988	0.20286792351215244	36.34543284799944	0.0004490571808909195	-6.329904226301807e-16	57.64228268188566	254.27225885534432
98.0	16.09972926932773	12.397542893297874	-23.10488308014238	0.20237047594198637	36.16040334398767	0.0004552936013367268	-6.887558703521206e-16	58.02329809122279	252.60255630519745
99.0	16.238907069336985	12.519901465971584	-23.259798043006576	0.20187987036352717	35.97819249345429	0.00046155950672889013	-6.758813007676907e-16	58.400102160859916	250.97273601902114
100.0	16.378134548380878	12.642403595389984	-23.415351567728905	0.20139598764800828	35.79872949734333	0.0004678547366983236	-5.981510721578866e-16	58.77251582405863	249.3824403736272
101.0	16.51741357721684	12.765049513620284	-23.5715364431509	0.20091868402629723	35.62194478302913	0.00047417925611490004	-5.871960038283224e-16	59.142217755522324	247.8235341746683
102.0	16.65673119072878	12.887824732369255	-23.728345693702636	0.20044792166563383	35.447776015744566	0.0004805325419434109	-1.6996965914713429e-18	59.506553944453096	246.30620413312639
103.0	16.796096850516545	13.010737129214089	-23.885772568192905	0.19998350772959594	35.27615576063708	0.0004869148093258455	-1.6691861040621145e-18	59.86721944311369	244.82235118717017
104.0	16.93550517627461	13.133779852008644	-24.043810529235504	0.19952535543478211	35.10702362333647	0.0004933257853656602	-1.639519008751177e-18	60.22510431654805	243.36750578403075
105.0	17.074954575810033	13.256949860016247	-24.202453243274224	0.19907335359283596	34.9403200404839	0.0004997653221388656	-1.610664461561981e-18	60.57880965002113	241.9465405110721
106.0	17.214443515946595	13.380244210796485	-24.361694571162364	0.19862739274488087	34.775987416883346	0.0005062332740216952	-1.5825930032916316e-18	60.92845908743524	240.55808472142888
107.0	17.353970519913958	13.503660056168009	-24.52152855926919	0.1981873651896768	34.61397004334081	0.0005127294976293806	-1.5552764865399403e-18	61.27544486997188	239.1958712695363
108.0	17.493534164985103	13.627194638489334	-24.68194943107479	0.19775316500383566	34.45421401863815	0.00051925385176017	-1.5286880071037191e-18	61.61918366336094	237.86153194068334
109.0	17.633133080210865	13.750845287090211	-24.84295157922471	0.19732468805621078	34.29666717533978	0.0005258061973412829	-1.5028018394525637e-18	61.959661772720466	236.5544453238842
110.0	17.772765944281335	13.874609414888662	-25.004529558015342	0.19690183201663003	34.141279009265155	0.0005323863973769843	2.7561187346818814e-17	62.295577644228935	235.27887495974076
111.0	17.912431483404653	13.998484515078273	-25.166678076285258	0.1964844963603036	33.98800061242035	0.0005389943168955774	-1.453039070192642e-18	62.62936421289482	234.02494352774625
112.0	18.052128469453535	14.122468158133438	-25.32939199068501	0.19607258236684255	33.836784609129516	0.000545629822903862	3.2536382140163546e-19	62.95963555698638	232.7973040732596
113.0	18.19185571795958	14.246557988710494	-25.492666299304794	0.19566599311693736	33.68758509529062	0.0005522927843349795	3.200562787624344e-19	63.182943473445	231.9745269427254
114.0	18.331612086406505	14.370751722893168	-25.656496135637017	0.19526463348431924	33.540357580468665	0.0005589830720049937	2.7496223884403106e-17	63.589280024521216	230.49220587887476
115.0	18.471396472615737	14.495047145578505	-25.820876762854088	0.19486841012456568	33.395058932755326	0.0005657005585708041	3.0983921833704027e-19	63.93140483000185	229.25874164778523
116.0	18.611207812944283	14.619442107707922	-25.98580356838252	0.1944772314630451	33.251647326210005	0.0005724451184814626	3.0492086677121474e-19	64.25012576569313	228.12147444740876
117.0	18.751045080910853	14.743934523976508	-26.151272058757577	0.19409100767816498	33.110082190738794	0.0005792166279416729	2.6207420435503563e-17	64.56574665781154	227.00633357158108
118.0	18.890907285604865	14.86852237035316	-26.31727785473728	0.19370965068452334	32.970324164279994	0.0005860149648679856	-3.239143566985585e-16	64.85732165077262	225.98579543604637
119.0	19.03079347038577	14.993203681936699	-26.483816686667698	0.1933330741127518	32.832335047197944	0.0005928400088527307	-2.937986558577349e-16	65.18829820066779	224.8384116115984
120.0	19.170702711457814	15.117976550713449	-26.65088439007797	0.1929611932891084	32.69607775873087	0.0005996916411237212	-3.140215237864135e-16	65.4970726393017	223.77845043270665
121.0	19.310634116557818	15.242839123462483	-26.81847690149803	0.19259392521338267	32.56151629540342	0.0006065697445066858	-1.5527507254860753e-15	65.8023276555223	222.74034894070078
122.0	19.45058682389456	15.367789599951188	-26.986590254478877	0.19223118853445711	32.42861569131173	0.0006134742033946614	-3.511035419359661e-16	66.10174697986885	221.73140790915966
123.0	19.59056000085247	15.492826230913883	-27.155220575813466	0.19187290352678155	32.29734198015561	0.0006204049037097742	-1.5065332587951014e-15	66.38347932335645	220.79037695067726
124.0	19.730552842821478	15.617947316189264	-27.324364081938732	0.1915189920655161	32.167662158956915	0.0006273617328680681	-3.4074102336491903e-16	66.68110995113634	219.8048807802065
125.0	19.870564572267252	15.743151203130157	-27.4940170755118	0.19116937759992975	32.03954415335908	0.0006343445797514577	-1.4624411185004324e-15	66.9952138121583	218.77433609207228
126.0	20.010594437648994	15.868436284880003	-27.664175942151402	0.19082398512750276	31.91295678442743	0.0006413533346745278	-1.4411511872386982e-15	67.28795954978288	217.82252755424292
127.0	20.150641712380445	15.993800998719527	-27.83483714733435	0.19048274116755615	31.78786973689475	0.0006483878893518794	-1.4203448026679016e-15	67.55938718845232	216.9474003992535
128.0	20.29070569398254	16.119243824629233	-28.00599723343831	0.1901455737338267	31.664253528739867	0.0006554481368716268	-1.4000072845663457e-15	67.84763818086257	216.02569840427458
129.0	20.43078570315799	16.244763283797436	-28.17765281692341	0.18981241230741763	31.542079482087928	0.000662533971665396	-1.3801245047206439e-15	68.13292672323236	215.12114814383267
130.0	20.57088108291341	16.370357937193464	-28.3498005856457	0.18948318780967063	31.42131969530871	0.0006696452894800244	-1.3606828623657013e-15	68.41593822986262	214.23127128444256
131.0	20.710991197752367	16.49602638423749	-28.522437296293994	0.18915783257470484	31.301947016310105	0.0006767819873505792	-1.3416692608759282e-15	68.69750423817808	213.35321545722104
132.0	20.85111543289628	16.62176726151405	-28.69555977194455	0.18883628032210767	31.183935016916802	0.0006839439635744515	-1.1086522049111878e-15	68.99422639887223	212.43565133068788
133.0	20.991253193502477	16.747579241501306	-28.86916489972689	0.188518466129877	31.067257968310575	0.0006911311176849312	-1.288070404331365e-15	69.27054100392557	211.58826263924743
134.0	21.13140390395145	16.873461031390974	-29.043249628595632	0.18820432640723833	30.951890817491986	0.0006983433504263668	-1.0141017524908393e-15	69.52908058319998	210.80148479113973
135.0	21.27156700723805	16.999411372028426	-29.217810967201267	0.18789379886734242	30.837809164679783	0.0007055805637328896	-1.3490525292407697e-15	69.80274332274685	209.97503429532247
136.0	21.41174196412251	17.125429036623512	-29.392845981856073	0.18758682250151193	30.724989241633907	0.0007128426606987444	-1.1279347215652348e-15	70.07454047261402	209.1606070371511
137.0	21.55192825266672	17.251512829871597	-29.568351794590427	0.18728333755192833	30.613407890843817	0.0007201295455610822	-1.0196918256572914e-15	70.3428018024936	208.3629461370387
138.0	21.69212536755623	17.377661586868204	-29.74432558129281	0.1869832854858502	30.503042545541376	0.0007274411236756063	-9.233071499539932e-16	70.61005266781035	207.57431653613688
139.0	21.832332819482236	17.503874172101696	-29.920764569932288	0.18668660896989522	30.393871210519904	0.0007347773014935654	-9.340341779617717e-16	70.8774703175406	206.79114755982087
140.0	21.972550134642802	17.63014947857733	-30.09766603885661	0.18639325184428798	30.28587244368022	0.0007421379865431417	-9.218673676501275e-16	71.14096734474805	206.02521964699426
141.0	22.112776854133198	17.756486426844013	-30.2750273151633	0.18610315909802663	30.17902533831991	0.0007495230874063859	-1.0558221940934892e-15	71.40010486216644	205.27747755266589
142.0	22.253012533474077	17.882883964173008	-30.45284577314116	0.18581627684389904	30.073309506098344	0.0007569325137008219	-7.760152045062304e-16	71.66181172311173	204.52781014988452
143.0	22.39325674216483	18.009341063773977	-30.631118832774398	0.18553255229388343	29.968705060656372	0.0007643661760617804	-6.118438690542691e-16	71.92004286453114	203.79344671288683
144.0	22.533509063031417	18.135856723812818	-30.809843958313763	0.18525193373595095	29.865192601870426	0.0007718239861174149	-5.700266628222695e-16	72.17683764262006	203.06837902311443
145.0	22.67376909196327	18.262429966834315	-30.989018656903326	0.1849743705096732	29.762753200674304	0.0007793058564774844	-5.628726113363608e-16	72.43209449534754	202.3527488086486
146.0	22.814036437344846	18.389059838892727	-31.168640477265537	0.1846998129835108	29.661368384517893	0.0007868117007100043	-5.558596928680726e-16	72.6851915422606	201.64813646504035
147.0	22.954310719683214	18.51574540888012	-31.34870700843945	0.18442821253197525	29.561020123292355	0.0007943414333264645	-7.98947360638656e-16	72.93673971892437	200.95268145497403
148.0	23.094591571153956	18.642485767789477	-31.529215878571243	0.18415952151347015	29.461690815832178	0.000801894969762745	-7.354446541892271e-16	73.18628156265676	200.26749699741544
149.0	23.234878635315294	18.76928002815604	-31.710164753751684	0.18389369324796567	29.363363276897097	0.0008094722263662127	-6.476144532659748e-16	73.435672992626	199.5873779841729
150.0	23.37517156652435	18.896127323203398	-31.891551336901493	0.18363068199642557	29.26602072463907	0.0008170731203722725	-5.420903008940613e-16	73.6821290541979	198.91978708053247
151.0	23.515473140503868	19.02302991776043	-32.073373366700295	0.18337043147032095	29.169646331764575	0.0008246976904125174	-4.2627572384998805e-16	73.92683132003985	198.26135060016074
152.0	23.65577370040534	19.149977651060084	-32.25562861655787	0.18311293215396954	29.074225397649336	0.0008323454939169551	-4.723340200137649e-16	74.17098049409404	197.6087322220101
153.0	23.796082263406454	19.27697904912402	-32.438314893625666	0.1828581065995263	28.97974096961597	0.0008400168122549842	-5.282157161233725e-16	74.413971369756	196.9634620127038
154.0	23.936395413429928	19.404030211221237	-32.62143003784636	0.18260592409217893	28.8861781996176	0.0008477114455637012	-4.1129485239173115e-16	74.65362188782467	196.3311766055353
155.0	24.076712854354692	19.531130365866737	-32.804971921040064	0.18235634328822992	28.793522150037983	0.0008554293153139542	-5.107100684175337e-16	74.89455762832965	195.69957934509864
156.0	24.21703429898012	19.658278758966688	-32.98893844602594	0.18210932366480861	28.70175822039048	0.000863170343778813	-5.047798722711435e-16	75.13157574273983	195.08220449532757
157.0	24.357359468805353	19.78547465338728	-33.17332754577567	0.1818648255011416	28.610872137599166	0.0008709344540224907	-5.471840118071204e-16	75.36706015080561	194.4726700732892
158.0	24.497688093662518	19.912717328381632	-33.358137182600686	0.1816228098608289	28.520849946626118	0.0008787215698838612	-4.932426356954273e-16	75.60241301482903	193.8672700860288
159.0	24.63801991150656	20.04000607918278	-33.54336534736825	0.1813832385739528	28.431678001421478	0.0008865316159655284	-4.876303140309368e-16	75.83611548624985	193.2698336290557
160.0	24.778354668065447	20.16734021645953	-33.72901005874634	0.1811460742201634	28.343342956184728	0.0008943645176179236	-4.821188039832759e-16	76.0690040036235	192.67812974655476
161.0	24.91869211680215	20.29471906609906	-33.91506936247815	0.18091128011097404	28.255831756936384	0.0009022202009341478	-3.8830029639619487e-16	76.30004425044635	192.0946909937817
162.0	25.05903201837041	20.422141968474087	-34.101541330680675	0.18067882027444324	28.169131633360433	0.0009100985927272162	-3.839692218113111e-16	76.5303042189359	191.5167275589481
163.0	25.199374140616477	20.549608278275862	-34.28842406117074	0.18044865943817304	28.08323009093343	0.0009179996205264462	-3.797144718755157e-16	76.7588501867467	190.94649525680407
164.0	25.339718258309873	20.677117364074533	-34.47571567681309	0.18022076301375048	27.99811490331584	0.0009259232125642499	-1.1875465170872561e-15	76.9857779497188	190.3836502460764
165.0	25.480064152856045	20.80466860786575	-34.663414324893296	0.17999509708164108	27.913774104996694	0.0009338692977622496	-4.606194092079222e-16	77.21360815238441	189.8218950495807
166.0	25.62041161212175	20.932261404738377	-34.85151817651275	0.17977162837603652	27.83019598418871	0.00094183780572124	-4.556136569387628e-16	77.43806654408885	189.2716860997116
167.0	25.760760430294702	21.059895162579625	-35.04002542600364	0.17955032427000683	27.74736907594652	0.0009498286667127993	-4.8928781056449e-16	77.66161186948565	188.7268763843445
168.0	25.901110407626668	21.187569301667814	-35.228934290365814	0.17933115276139652	27.665282155523894	0.0009578418116662216	-1.2187710095926552e-15	77.88371641084494	188.1886753552565
169.0	26.041461350188822	21.31528325428163	-35.4182430087216	0.17911408245903476	27.58392423194585	0.0009658771721559124	-1.2057769282396808e-15	78.10462963377702	187.65639747381746
170.0	26.181813069848747	21.443036464536686	-35.607949841790074	0.17889908256859224	27.50328454177243	0.0009739346803975096	-1.1973879992321266e-15	78.32420262200733	187.13032412005845
171.0	26.32216538389902	21.570828387875476	-35.798053071380394	0.17868612287989202	27.423352543092328	0.0009820142692302158	-1.101162058860173e-15	78.5434794533068	186.607895717361
172.0	26.4625181151726	21.69865849105482	-35.98855099989842	0.17847517375296718	27.344117909689807	0.0009901158721177374	-6.305608301364404e-16	78.76831879559978	186.07523490675456
173.0	26.602871091469613	21.82652625143366	-36.17944194987464	0.17826620610676253	27.265570525399053	0.0009982394231237617	-6.980879437638033e-16	78.98570187597103	185.56312186877273
174.0	26.743224145909135	21.954431157211765	-36.37072426350416	0.17805919140503154	27.187700478649496	0.0010063848569212234	-1.143997697707183e-15	79.19443627385573	185.0740293474377
175.0	26.883577116204187	22.08237270656819	-36.56239630220389	0.17785410164617524	27.110498057164516	0.0010145521087623357	-1.0562042754108732e-15	79.40803599029864	184.57619862166092
176.0	27.023929845051597	22.210350407946393	-36.75445644618281	0.17765090934964944	27.033953742849338	0.0010227411144892026	-1.1248076558741177e-15	79.62211794871314	184.07992402993153
177.0	27.16428217965475	22.338363779453267	-36.94690309402688	0.17744958754557047	26.95805820682037	0.0010309518105128563	-6.658501241553307e-16	79.8410354654508	183.5751921008557
178.0	27.304633971618966	22.46641234864241	-37.1397346622976	0.177250109763376	26.882802304591152	0.0010391841338060473	-1.008054853461971e-15	80.04555788485472	183.10614368114182
179.0	27.44498507700505	22.594495652463834	-37.33294958514262	0.1770524500202575	26.808177071416775	0.0010474380219016686	-9.979476596090216e-16	80.25654566052815	182.6247728764372
180.0	27.585335355982973	22.72261323680869	-37.52654631391879	0.1768565828111239	26.734173717783158	0.0010557134128760495	-9.190228059503999e-16	80.46745988531934	182.14609289258036
181.0	27.725684672915968	22.85076465648996	-37.72052331682799	0.17666248309758947	26.660783625002928	0.0010640102453497204	-9.099171184829027e-16	80.67632731992983	181.67452473360945
182.0	27.866032895981338	22.978949474763066	-37.914879078562784	0.1764701262984972	26.587998340994755	0.0010723284584686803	-9.009546167323282e-16	80.88390974545405	181.20827083195155
183.0	28.006379897298785	23.107167263356832	-38.10961209996461	0.1762794882793041	26.51580957613971	0.0010806679919069307	-8.921322505243471e-16	81.08966576686989	180.74847496892235
184.0	28.146725552733887	23.235417602185763	-38.30472089769087	0.17609054534255794	26.444209199312418	0.0010890287858546783	-8.834470510957107e-16	81.29539545532423	180.29106496143444
185.0	28.287069741681314	23.36370007903263	-38.50020400389374	0.17590327421884128	26.37318923397496	0.0010974107810080148	-9.405625696362485e-16	81.50000753415313	179.83843028430786
186.0	28.42741234715817	23.492014289560892	-38.69605996590718	0.1757176520568687	26.30274185443991	0.0011058139185682859	-9.31511177004141e-16	81.70394105917418	179.38955248787977
187.0	28.56775325551392	23.620359836931204	-38.892287345944396	0.17553365641505747	26.23285938221015	0.0011142381402281974	-8.581859331501241e-16	81.90737652569119	178.9439980232315
188.0	28.70809235649826	23.74873633178704	-39.08888472080443	0.17535126525224978	26.1635342824343	0.0011226833881713427	-8.500212525042169e-16	82.10985413902117	178.50273364614318
189.0	28.848429543003988	23.87714339191323	-39.285850681585615	0.17517045691956437	26.094759160476823	0.0011311496050587574	-8.419800283436083e-16	82.31114699457875	178.06620316038973
190.0	28.988764711072932	24.005580642160805	-39.48318383341013	0.17499121015176447	26.02652675856825	0.0011396367340264781	-8.340597290394393e-16	82.51223948544101	177.632233890434
191.0	29.12909775986823	24.134047714344074	-39.68088279515338	0.17481350405887677	25.958829952573765	0.001148144718680932	-8.262578880685503e-16	82.71169380259794	177.20388435136846
192.0	29.269428591451717	24.26254424693694	-39.87894619918483	0.17463731811861666	25.891661748836228	0.0011566735030875714	-8.800110717396893e-16	82.9100730615327	176.7798879181257
193.0	29.409757110665176	24.391069884878462	-40.07737269111304	0.17446263216868896	25.825015281115945	0.001165223031763238	-4.985933249110407e-16	83.11435003782557	176.34540144308409
194.0	29.55008322533659	24.519624279714126	-40.27616092953967	0.17428942639836562	25.75888380762945	0.0011737932496807767	-4.905470412236621e-16	83.31136061415975	175.928388578139
195.0	29.690406845805587	24.648207089041122	-40.47530958581967	0.17411768134216551	25.69326070815515	0.0011823841022477624	-4.89487029647585e-16	83.50639038635379	175.5175065679346
196.0	29.83072788519384	24.776817976716103	-40.674817343828416	0.17394737787166997	25.62813948122647	0.0011909955353141938	-4.850332544249808e-16	83.70144078202374	175.10849617596023
197.0	29.971046259121238	24.905456612499812	-40.87468289973571	0.1737784971890187	25.563513741404584	0.0011996274951584143	-4.806439822316047e-16	83.89556345192344	174.70331946099267
198.0	30.111361885731206	25.034122672020164	-41.0749049617847	0.17361102081972288	25.499377216634905	0.001208279928484845	-4.763179447174291e-16	84.0892001565586	174.30102077095557
199.0	30.251674685477568	25.162815836489823	-41.275482250078824	0.17344493060633348	25.435723745658592	0.0012169527824131706	-4.720539048425186e-16	84.28233795789596	173.90160000572504
200.0	30.39198458131119	25.291535792837713	-41.47641349637242	0.17328020870116342	25.37254727551824	0.0012256460044823404	-4.678506559484248e-16	84.47349742911011	173.50806902959513
201.0	30.53229415922455	25.42028489817136	-41.67769744386806	0.17311683143829082	25.309841653578097	0.001234359659162703	-5.404059863408797e-16	84.66454744545892	173.11653892136286
202.0	30.67259536418297	25.549054855725227	-41.879332847019704	0.17295479993780405	25.247601652815018	0.0012430933452274087	-5.356451417842484e-16	84.85573973244848	172.72648225464292
203.0	30.81289610819526	25.677853362726097	-42.08131847133962	0.17279407887827386	25.18582091420667	0.0012518473609977082	-4.555940257597964e-16	85.0457395329911	172.34059582038975
204.0	30.953193662111264	25.806677462279342	-42.28365309321192	0.1726346577122257	25.1244939997868	0.0012606215390872024	-4.516224512183883e-16	85.23462048705936	171.9586869671886
205.0	31.09348795966772	25.935526867288164	-42.48633549970961	0.17247652004948374	25.063615362816453	0.0012694158290232338	-4.4770605987147755e-16	85.42250207294761	171.58047431793767
206.0	31.233778936556	26.06440129547995	-42.689364488417425	0.17231964977377773	25.00317955118604	0.0012782301807145486	-4.438438096155376e-16	85.61002552658695	171.2046379258414
207.0	31.374066530414247	26.19330046934811	-42.892738867258856	0.17216403103703778	24.943181205354502	0.0012870645444479601	-4.4003468307388735e-16	85.79682663897917	170.8318826846036
208.0	31.514350680825974	26.322224116097413	-43.09645745432644	0.17200964825387027	24.88361505632465	0.0012959188708862785	-4.362776868930226e-16	85.98291698938212	170.4621561619189
209.0	31.65463132908393	26.451171967356576	-43.30051907771851	0.17185648609665974	24.824475923693953	0.0013047931110555836	-5.041209637081579e-16	86.16769956170843	170.0966080985482
210.0	31.79490841838696	26.580143759329747	-43.50492257537835	0.17170452948979878	24.765758713743402	0.0013136872163508043	-4.998606862883841e-16	86.35251057502951	169.73256857849444
211.0	31.935181893577255	26.709139232482393	-43.70966679493763	0.17155376360512697	24.707458417581478	0.0013226011385223577	-4.956578490141151e-16	86.53657354128241	169.37154804389496
212.0	32.0754517012588	26.838158131614332	-43.91475059356403	0.17140417385660933	24.649570109328078	0.0013315348296787989	-4.915113985463874e-16	86.72211556387415	169.00917750681538
213.0	32.215717789640564	26.967200205657228	-44.120172837813	0.17125574589573642	24.59208894436085	0.0013404882422774296	-4.874203058320165e-16	86.90484780609138	168.65380692921516
214.0	32.3559801084764	27.096265207568496	-44.32593240348127	0.17110846560684576	24.535010157593856	0.0013494613291195568	-4.833835654321898e-16	87.08691495817747	168.3012129909544
215.0	32.496238609241324	27.225352894467733	-44.53202817546642	0.17096231910200682	24.47832906180467	0.0013584540433553146	-4.79400194870345e-16	87.26760149311997	167.95274732349418
216.0	32.63649324472219	27.35446302717802	-44.73845904762795	0.17081729271735174	24.42204104600354	0.0013674663384643918	-4.754692340065341e-16	87.44786691255662	167.60652878768835
217.0	32.77674396933367	27.483595370507384	-44.94522392265198	0.17067337300784724	24.366141573848886	0.0013764981682664495	-4.715897444247869e-16	87.62735782689701	167.26321307159716
218.0	32.91699073876992	27.612749692853708	-45.152321711919946	0.17053054674368973	24.310626182096915	0.0013855494869044224	-4.67760808846205e-16	87.80662514367556	166.92172599867934
219.0	33.05723351037148	27.741925766538223	-45.35975133537925	0.17038880090520583	24.255490479089833	0.0013946202488575676	-4.639815305540472e-16	87.98583433882507	166.58174049539943
220.0	33.19747224254437	27.871123367176533	-45.56751172141831	0.17024812267993625	24.200730143286457	0.0014037104089148426	-4.602510328453872e-16	88.16396712885923	166.24516682284883
221.0	33.33770689526738	28.000342274158427	-45.77560180674185	0.17010849945740678	24.1463409218329	0.0014128199221934462	-4.565684584901907e-16	88.34190208484985	165.91032202390093
222.0	33.47793742962988	28.129582270139093	-45.9840205362526	0.16996991882615703	24.09231862915589	0.0014219487441176873	-4.529329692159524e-16	88.51830592037777	165.57968739579343
223.0	33.618163808076616	28.258843141253728	-46.19276686293266	0.1698323685692766	24.038659145604957	0.0014310968304265942	-4.493437452020036e-16	88.6945260770191	165.25071017769352
224.0	33.75838599427211	28.388124676942564	-46.4018397477293	0.16969583666089894	23.98535841611412	0.0014402641371664751	-4.457999845928878e-16	88.87010219439638	164.92423279812022
225.0	33.89860395299351	28.517426669810774	-46.61123815944235	0.16956031126264925	23.932412448917546	0.0014494506206833803	-4.423009030261866e-16	89.04522450989104	164.599881731707
226.0	34.03881765024232	28.646748915704656	-46.82096107461454	0.169425780719801	23.879817314267914	0.0014586562376265508	-4.3884573317332444e-16	89.21991219370129	164.27760421104853
227.0	34.17902705319963	28.776091213637073	-47.03100747742395	0.16929223355775674	23.8275691432173	0.0014678809449434182	-4.354337242953385e-16	89.39400623591338	163.95767501930223
228.0	34.3192321300186	28.905453365540822	-47.24137635957928	0.16915965847902736	23.77566412639796	0.0014771246998694994	-4.320641418137253e-16	89.56722195849618	163.64059421082717
229.0	34.45943284999213	29.034835176408542	-47.452066720216784	0.1690280443594598	23.724098512850144	0.001486387459933143	-4.2873626689109244e-16	89.72834951690187	163.3467404896431
230.0	34.59962918343427	29.16423645414346	-47.66307756579976	0.16889738024511985	23.672868608883267	0.001495669182947829	-4.254493960266353e-16	89.90989864895909	163.01690518334323
231.0	34.73982110176871	29.293657009616542	-47.87440791002011	0.16876765534888402	23.62197077694493	0.0015049698270145316	-4.2220284066236407e-16	90.08148474965483	162.70639259370694
232.0	34.880008577262515	29.42309665636692	-48.08605677370212	0.16863885904777737	23.571401434530156	0.0015142893505080935	-4.189959268035954e-16	90.25267175113952	162.39777879945484
233.0	35.02019158329376	29.552555210845796	-48.298023184707475	0.1685109808793093	23.521157053117033	0.0015236277120864307	-4.1582799464673656e-16	90.4234339974843	162.09109492025192
234.0	35.16037009405055	29.682032492080847	-48.51030617784372	0.16838401053903798	23.47123415711894	0.0015329848706759418	-4.126983982223688e-16	90.59419567998167	161.7855681933058
235.0	35.30054408465579	29.811528321775594	-48.722904794773186	0.16825793787733365	23.421629322868093	0.0015423607854747551	-4.096065050456559e-16	90.7645105328118	161.4819860434641
236.0	35.440713531227075	29.941042524344784	-48.935818083924936	0.16813275289632873	23.372339177628245	0.0015517554159529088	-4.0655169577746207e-16	90.93424842345436	161.1805637282968
237.0	35.58087841063186	30.07057492663577	-49.14904510040674	0.16800844574757626	23.323360398611374	0.0015611687218406358	-4.035333638977034e-16	91.1024768744997	160.8829301457107
238.0	35.721038700674264	30.20012535809503	-49.36258490592128	0.16788500672886542	23.274689712040406	0.0015706006631337661	-4.005509153849408e-16	91.27056209720276	160.58664575213086
239.0	35.86119437993387	30.32969365057798	-49.576436568682	0.16776242628181112	23.22632389221955	0.0015800512000850404	-3.9760376840781645e-16	91.43843894256112	160.29181592118326
240.0	36.001345427803614	30.459279638360353	-49.790599163331606	0.1676406949891322	23.17825976062142	0.001589520293204374	-3.946913530240687e-16	91.60528921665204	159.99985970719516
241.0	36.14149182447981	30.588883158106338	-50.005071770862344	0.16751980357202664	23.130494185013678	0.0015990079032558143	-3.9181311088834655e-16	91.77178217696132	159.7095869277001
242.0	36.28163355087309	30.71850404875277	-50.219853478536415	0.16739974288779513	23.08302407859001	0.001608513991252111	-3.8896849496904817e-16	91.93780138885485	159.42118695127004
243.0	36.421770588650325	30.8481421515272	-50.43494337980975	0.16728050392726998	23.035846399122285	0.00161803851845494	-3.861569692723674e-16	92.10204745424248	159.13689031053377
244.0	36.561902920253075	30.97779730994574	-50.65034057425656	0.16716207781231068	22.988958148143716	0.0016275814463733108	-3.833780085742201e-16	92.26789313856189	158.85085184605535
245.0	36.7020305288308	31.107469369720356	-50.86604416749467	0.16704445579355634	22.942356370133876	0.0016371427367594161	-3.8684347044103444e-16	92.43230212689488	158.56830443300933
246.0	36.84215339814457	31.237158178639213	-51.08205327111311	0.16692762924825033	22.896038151731425	0.0016467223516025086	5.485403082471707e-17	92.59610158568994	158.2878023167929
247.0	36.98227151267424	31.36686358665493	-51.2983670026007	0.16681158967773757	22.850000620967883	0.0016563202531315149	5.4464405873511335e-17	92.7597137329003	158.00860991556544
248.0	37.12238485752099	31.496585445762427	-51.51498448527704	0.16669632870541362	22.80424094650698	0.001665936403809477	5.4079217644677905e-17	92.92253588937695	157.73174163638978
249.0	37.26249341849038	31.626323610063995	-51.731904848221546	0.1665818380743608	22.758756336914097	0.0016755707663350396	5.369839717313228e-17	93.08428926744523	157.457649818758
250.0	37.40259718196415	31.75607793561773	-51.94912722620841	0.16646810964543304	22.713544039932295	0.0016852233036352895	-3.6735998979177456e-16	93.24632003137488	157.18404134522123
251.0	37.54269846094106	31.885850610915814	-52.16665075963964	0.16635513169155317	22.66860122836801	0.0016948940912041878	-3.6479511747779807e-16	93.4076144889779	156.91261899029516
252.0	37.6827902649637	32.0156345045021	-52.384474594479144	0.16624290741342632	22.623925566436526	0.001704582755406934	-3.622589907163502e-16	93.56845233201696	156.64289680771103
253.0	37.822879560253014	32.14543646966835	-52.60259788219021	0.16613141790196473	22.579514075026758	0.0017142895968650497	5.221746021373145e-17	93.72910433425689	156.37441035211577
254.0	37.96296400954804	32.27525403969275	-52.82101977967262	0.16602065917191852	22.535364265100043	0.0017240144670670277	-3.631022367401369e-16	93.88880694356877	156.10842122970797
255.0	38.103043602014395	32.40508708001745	-53.0397394492005	0.16591062364243467	22.49147357001255	0.0017337573300530804	-3.6060963092998933e-16	94.0483734924716	155.8435609125618
256.0	38.243118327518594	32.534935458052104	-53.258756058362174	0.1658013038382134	22.447839458294872	0.0017435181500873905	-3.5814448058440967e-16	94.20756178918012	155.58022248681868
257.0	38.38318817634498	32.66479904286705	-53.478068780001415	0.1656926923881466	22.404459433028716	0.0017532968916442319	-3.5570637262614125e-16	94.36634009513992	155.31844732268283
258.0	38.523253139415445	32.79467770540057	-53.69767679215805	0.16558478202311155	22.36133103124906	0.0017630935194157583	-3.532949018192473e-16	94.52511625728937	155.05755510743518
259.0	38.66331320794118	32.924571318085185	-53.91757927801142	0.16547756557479767	22.318451823341846	0.0017729079982955406	-3.509096705918497e-16	94.68342703129122	154.79829873772456
260.0	38.803368373813676	33.05447975523061	-54.13777542582388	0.16537103597328173	22.275819412476064	0.001782740293393818	-3.48550288859498e-16	94.84110488711039	154.5409391903166
261.0	38.94341862919537	33.18440289258833	-54.35826442888507	0.16526518624602513	22.23343143402501	0.0017925903700183575	-3.4361121616678494e-16	94.99510212402349	154.29041177265887
262.0	39.083463966859924	33.314340607683626	-54.57904548545795	0.16516000951561047	22.19128555502244	0.0018024581936874962	-3.4390754997426805e-16	95.15529562383463	154.03066457848402
263.0	39.223504380049725	33.444292779653246	-54.80011779872498	0.1650554989983531	22.149379473613447	0.0018123437301226606	4.878993536751912e-17	95.3125564910209	153.7765218214678
264.0	39.363539862299284	33.57425928905034	-55.021480576735755	0.16495164800297604	22.10771091852221	0.0018222469452388403	4.8467204004672945e-17	95.46910136706495	153.52436770875164
265.0	39.50357040762838	33.70424001802462	-55.24313303235493	0.16484844992872622	22.066277648530065	0.0018321678051520145	4.814790107299901e-17	95.62486141834596	153.27429714098804
266.0	39.64359601054643	33.834234850312434	-55.465074383211665	0.16474589826381833	22.02507745196866	0.0018421062761776645	4.783197679111383e-17	95.7792763458299	153.02718899420356
267.0	39.78361666584468	33.96424367101112	-55.687303851649574	0.16464398658424892	21.98410814622089	0.0018520623248197703	4.7519382290307755e-17	95.93417248872332	152.7801099740993
268.0	39.923632368810964	34.09426636677979	-55.90982066467706	0.16454270855199896	21.943367577223455	0.0018620359177799342	4.721006959425829e-17	96.08411476308528	152.5416918211791
269.0	40.06364311504404	34.2243028256401	-56.1326240539195	0.16444205791383776	21.902853618999885	0.0018720270219464202	4.690399159951182e-17	96.2382679682214	152.2973525244777
270.0	40.20364890054378	34.3543529370502	-56.35571325557112	0.16434202849979002	21.862564173179685	0.0018820356043978794	4.6601102056309726e-17	96.3919055083808	152.05460817274766
271.0	40.34364972168545	34.48441659186722	-56.57908751034846	0.16424261422175654	21.822497168547308	0.0018920616324000475	4.6301355549957996e-17	96.54522999536354	151.81312866316892
272.0	40.48364557514142	34.61449368225244	-56.802746063443884	0.16414380907228213	21.78265056058539	0.001902105073401292	4.6004707482721855e-17	96.69794377456827	151.57337220397167
273.0	40.623636457971884	34.74458410174905	-57.026688164480596	0.1640456071230827	21.74302233103109	0.0019121658950356723	4.5711114056067435e-17	96.84982428226803	151.33567388190752
274.0	40.76362236763404	34.874687745282834	-57.25091306746748	0.1639480025236759	21.70361048745902	0.0019222440651207027	4.542053225338469e-17	97.00026313610311	151.1009655977536
275.0	40.9036033018349	35.004804508994056	-57.47542003075527	0.16385098950036817	21.66441306283762	0.0019323395516509185	4.513291982328326e-17	97.1517844302207	150.86530328867644
276.0	41.04357925856284	35.13493429025933	-57.7002083169938	0.16375456235491614	21.625428115122787	0.0019424523227972433	4.4848235263161355e-17	97.30289535356528	150.63101020625817
277.0	41.183550236258455	35.26507698785352	-57.925277193088235	0.16365871546302432	21.586653726855072	0.0019525823469132982	4.4566437803109994e-17	97.45361947856539	150.39804064255495
278.0	41.32351623350686	35.395232501622566	-58.15062593015795	0.1635634432736105	21.54808800475092	0.001962729592520621	4.4287487390520636e-17	97.60396834458692	150.16636794270494
279.0	41.46347724932884	35.52540073276898	-58.376253803495366	0.16346874030716385	21.509729079319897	0.0019728940283202817	4.4011344674697974e-17	97.75395329469859	149.9359660566918
280.0	41.603433282881774	35.655581583534605	-58.602160092524066	0.16337460115503133	21.47157510447427	0.0019830756231782355	4.373797099221788e-17	97.90361755952948	149.70676046969763
281.0	41.7433843338283	35.78577495756581	-58.82834408075965	0.16328102047770984	21.433624257163743	0.0019932743461404576	4.3467328352239464e-17	98.05292306992826	149.47880149017658
282.0	41.88333040191377	35.91598075946859	-59.0548050557701	0.16318799300437706	21.395874736990354	0.002003490166413363	4.319937942266258e-17	98.2018720566274	149.25207754338538
283.0	42.02327148713977	36.04619889497775	-59.28154230913691	0.16309551353149407	21.35832476586239	0.002013723053369329	4.2934087516247e-17	98.35048058100169	149.02655621524855
284.0	42.16320758988925	36.17642927107122	-59.50855513641628	0.1630035769215603	21.320972587635712	0.00202397297655183	4.2671416577122784e-17	98.5026909248543	148.79627435033996
285.0	42.303138710754595	36.30667179578205	-59.735842837101345	0.1629121781023229	21.283816467756992	0.002034239905667015	4.2411331167798336e-17	98.650392375231	148.57349342668584
286.0	42.443064850627806	36.436926378284845	-59.963404714585465	0.16282131206555578	21.246854692942435	0.0020445238105849636	4.2153796456307624e-17	98.79991976156384	148.34863690651815
287.0	42.5829860104317	36.56719292860624	-60.19124007612535	0.1627309738664701	21.210085570821978	0.00205482466132778	4.18987782039041e-17	98.94282419092376	148.13437500853007
288.0	42.72290219161566	36.697471358120985	-60.4193482328047	0.16264115862198794	21.173507429625225	0.002065142428090744	4.164624275260541e-17	99.08981100660056	147.91463697639958
289.0	42.86281339561809	36.82776157899599	-60.64772849949846	0.16255186151051143	21.137118617856657	0.0020754770812158687	4.139615701360275e-17	99.23648053995484	147.69602210147096
290.0	43.00271962434514	36.95806350466546	-60.87638019483816	0.1624630777702996	21.100917503980757	0.0020858285912135773	4.1148488455409e-17	99.38726026347308	147.4719534902811
291.0	43.14262087958892	37.08837704922967	-61.10530264117679	0.16237480269932977	21.064902476106777	0.0020961969287343154	4.090320509284509e-17	99.53298707433369	147.25603896681284
292.0	43.28251716369808	37.21870212812767	-61.334495164554674	0.1622870316534326	21.029071941694934	0.0021065820645986217	4.06602754756294e-17	99.67869884213384	147.04077795311238
293.0	43.42240847893323	37.3490386574713	-61.56395709466626	0.16219976004627937	20.99342432724808	0.002116983969766141	4.041966867792596e-17	99.71127844676629	146.9927339355731
294.0	43.56229482802397	37.47938655460586	-61.79368776482637	0.16211298334768962	20.957958078037755	0.0021274026153594748	4.0181354287505166e-17	99.96545394111766	146.61898531201223
295.0	43.702176213701335	37.60974573761437	-62.02368651193762	0.16202669708348796	20.92267165777691	0.002137837972644704	3.994530239572849e-17	100.07456707592641	146.45912394486052
296.0	43.842052638982075	37.740116125615494	-62.25395267645841	0.1619408968340981	20.88756354839923	0.0021482900130378635	3.971148358729426e-17	100.25455979492335	146.19617754127876
297.0	43.98192410696919	37.870497638534665	-62.4844856023706	0.1618555782341133	20.85263224972615	0.002158758708100007	3.9479868930576216e-17	100.39869692072214	145.9862913825948
298.0	44.12179062107971	38.00089019733755	-62.715284637148315	0.1617707369710679	20.817876279232742	0.0021692440295434344	3.9250429967888597e-17	100.5421089431861	145.7780583395519
299.0	44.26165218480012	38.13129372376562	-62.94634913172695	0.16168636878500853	20.78329417175648	0.0021797459492213928	3.90231387062619e-17	100.68551584481393	145.5704258961325
300.0	44.40150880181841	38.26170814046774	-63.177678440473045	0.16160246946746698	20.748884479256102	0.0021902644391313744	3.879796760820971e-17	100.82856274904762	145.3639030795349
301.0	44.54136254304204	38.39213544223792	-63.409271921152964	0.16151903242398355	20.714645701220437	0.0022007995797175737	3.8574888709873227e-17	100.9712877062037	145.15842826277873
302.0	44.68120721159055	38.52256933984103	-63.64112893490389	0.16143606085684287	20.68057663103379	0.00221135101836255	3.8353877976888624e-17	101.11369193167144	144.95399330296297
303.0	44.821049012491095	38.653015972015915	-63.873248846204845	0.16135354339768496	20.64667566250285	0.0022219190523844715	3.813490656678574e-17	101.25569796832757	144.75070259933392
304.0	44.96088588315707	38.78347319363119	-64.10563102284674	0.16127147847317952	20.61294148283626	0.0022325035460467857	3.79179495496368e-17	101.39741578379676	144.54839218341812
305.0	45.10071782808835	38.91394093153779	-64.33827483590457	0.16118986212113243	20.57937272580654	0.002243104472047755	3.770298153542703e-17	101.53881916422462	144.34709349333693
306.0	45.240544851940406	39.04441911339151	-64.57117965970873	0.16110869042644582	20.545968040815012	0.0022537218032241233	3.748997753899913e-17	101.67989477831249	144.14681933982044
307.0	45.380366959341806	39.174907667465604	-64.80434487181736	0.1610279595205949	20.51272609267774	0.0022643555125394744	3.727891297232852e-17	101.8192302496791	143.94956028601044
308.0	45.52018415544477	39.305406523203644	-65.03776985298845	0.16094766558023316	20.479645561409107	0.002275005573109391	3.706976363666651e-17	101.96001916905816	143.75079116843943
309.0	45.65999644527369	39.435915610545784	-65.27145398715334	0.16086780482737092	20.446725141979726	0.0022856719581706843	3.6862505715397686e-17	102.1001980090189	143.5534279943969
310.0	45.799803833783194	39.56643485998225	-65.50539666138943	0.16078837352861117	20.413963544105222	0.002296354641082552	3.6657115766728176e-17	102.23942788458058	143.35793662350744
311.0	45.93960632655199	39.69696420325223	-65.73959726589361	0.16070936799362398	20.38135949204336	0.002307053595358787	3.6453570716273756e-17	102.37904537098709	143.1624349493585
312.0	46.07940392888762	39.82750357242523	-65.97405519395679	0.16063078457562877	20.348911724368556	0.0023177687946242943	3.6251847850490454e-17	102.51830194409033	142.9679690860921
313.0	46.21919664630434	39.9580529003809	-66.20876984193754	0.1605526196701558	20.31661899377473	0.002328500212636802	3.6051924809664134e-17	102.65751690662222	142.77408868590976
314.0	46.358984484572275	40.08861212085143	-66.44374060923602	0.16047486971437222	20.28448006687117	0.0023392478232886105	3.585377958124162e-17	102.79641617958787	142.5811712880682
315.0	46.498767449489755	40.219181168183965	-66.67896689827052	0.16039753118674477	20.25249372398264	0.002350011600594481	3.565739049341721e-17	102.93514494450991	142.38901039098494
316.0	46.638545546834365	40.349759977283924	-66.91444811445078	0.1603206006064969	20.22065875895235	0.002360791518688437	3.5462736208786955e-17	103.07349446975823	142.19788994736837
317.0	46.77831878277841	40.4803484840304	-67.1501836661545	0.16024407453251954	20.18897397895412	0.0023715875518431385	3.526979571795789e-17	103.21105507056575	142.00836735057536
318.0	46.91808716335971	40.610946624730744	-67.3861729647029	0.16016794956343747	20.157438204293772	0.002382399674443722	3.5078548333673515e-17	103.34852250812123	141.81947711879107
319.0	47.057850694736516	40.74155433637588	-67.62241542433709	0.16009222233670917	20.126050268234525	0.0023932278609983745	3.488897368474614e-17	103.4863140182171	141.6306451935399
320.0	47.197609383331	40.87217155677786	-67.858910462193	0.16001688952791343	20.094809016810622	0.0024040720861451714	3.4701051710178617e-17	103.62369934555417	141.44286988080967
321.0	47.33736323539993	41.00279822412774	-68.09565749827982	0.1599419478507033	20.063713308643763	0.0024149323246301676	3.451476265362609e-17	103.76426510943156	141.25126224952314
322.0	47.47711225762156	41.13343427758464	-68.33265595545582	0.15986739405558262	20.03276201477065	0.0024258085513356614	3.433008705759353e-17	103.8974908472661	141.07013849494746
323.0	47.61685645650547	41.26407965667376	-68.56990525940594	0.15979322493003792	20.00195401847366	0.0024367007412491727	3.4147005758190234e-17	104.03362358867803	140.88554178455496
324.0	47.75659583877886	41.39473430166788	-68.80740483861878	0.15971943729760243	19.97128821510023	0.0024476088694833542	3.396549987965146e-17	104.16960935955774	140.70162606169526
325.0	47.89633041111206	41.525398153307655	-69.04515412436496	0.15964602801762068	19.94076351190714	0.0024585329112598872	3.3785550829197264e-17	104.30547714017887	140.51834884378758
326.0	48.03606018042409	41.65607115310108	-69.28315255067467	0.15957299398443076	19.910378827884404	0.0024694728419255656	3.3607140291813185e-17	104.44107742414502	140.33590790698747
327.0	48.175785153595115	41.78675324302922	-69.52139955431586	0.1595003321271711	19.880133093600428	0.0024804286369361013	-1.7613411019336884e-18	104.57660677609664	140.15403516086846
328.0	48.315505337728794	41.917444365807114	-69.75989457477313	0.1594280394089921	19.850025251046187	0.002491400271868238	-1.752100459655924e-18	104.71479406215863	139.96908034218237
329.0	48.455220739870136	42.04814446458952	-69.99863705422594	0.1593561128269132	19.820054253469255	0.0025023877224058405	3.3080960670997036e-17	104.84953896708578	139.78920238936306
330.0	48.59493136714778	42.17885348311092	-70.23762643752822	0.15928454941118023	19.79021906522464	0.002513390964345767	3.290852641921485e-17	104.9816340549543	139.6133100331531
331.0	48.73463722679006	42.30957136569857	-70.47686217218694	0.15921334622476782	19.760518661629657	0.0025244099735971643	3.2737543101125336e-17	105.11589952034656	139.43498072110717
332.0	48.874338326085045	42.440298057221405	-70.71634370834207	0.15914250036300687	19.730952028799965	0.002535444726180608	3.2567993967052936e-17	105.24989479766978	139.25746387944002
333.0	49.014034672478495	42.57103350319067	-70.95607049874607	0.15907200895297957	19.701518163522636	0.00254649519822992	3.239986251216218e-17	105.38366503365451	139.08069546092054
334.0	49.15372627339624	42.70177764956915	-71.19604199874392	0.15900186915331374	19.672216073095473	0.0025575613659844913	3.223313247220781e-17	105.5182391347569	138.90331703112656
335.0	49.293413136230726	42.83253044275557	-71.436257666253	0.15893207815373717	19.643044775194394	0.0025686432057866813	3.206778781929661e-17	105.6514411895487	138.7281920443055
336.0	49.43309526860931	42.96329182985005	-71.67671696174405	0.1588626331743724	19.614003297731607	0.0025797406940952406	3.190381275765671e-17	105.7843741322034	138.5538605615237
337.0	49.5727726781064	43.09406175835807	-71.91741934822102	0.15879353146562214	19.585090678719066	0.0025908538074697492	3.174119171966898e-17	105.9170538110036	138.38029756053015
338.0	49.71244537238472	43.224840176328854	-72.15836429120263	0.15872477030760312	19.556305966134893	0.002601982522577023	3.157990936184224e-17	106.04825383029086	138.20909721490284
339.0	49.85211335927199	43.35562703242973	-72.3995512587028	0.15865634700964898	19.52764821779548	0.002613126816193784	3.1419950560889413e-17	106.18165654272205	138.03545640865195
340.0	49.991776646458725	43.486422275627014	-72.6409797212122	0.1585882589102893	19.499116501200767	0.0026242866651935925	3.126130041002241e-17	106.3135876123976	137.86415972093653
341.0	50.13143524181441	43.61722585551606	-72.88264915167963	0.15852050337641693	19.47070989344797	0.002635462046556897	3.110394421508069e-17	106.44527706003916	137.69360020392784
342.0	50.271089153148054	43.748037722061355	-73.12455902549414	0.1584530778032454	19.442427481068638	0.0026466529373628672	3.0947867490968323e-17	106.57522346620492	137.5257113840259
343.0	50.410738388505685	43.87885782590008	-73.36670882046563	0.15838597961356954	19.414268359924975	0.002657859314801424	3.0793055957957445e-17	106.70928594950318	137.35293318368983
344.0	50.5503829557573	44.00968611791505	-73.60909801680813	0.1583192062578492	19.38623163507418	0.0026690811561529263	3.063949553830383e-17	106.83969662452277	137.18527744056885
345.0	50.69002286293114	44.14052254957241	-73.85172609712174	0.15825275521346932	19.358316420659552	0.00268031843880335	3.0487172352689243e-17	106.9704510023128	137.0175902388639
346.0	50.82965811819846	44.27136707290029	-74.09459254637453	0.15818662398440625	19.330521839788062	0.0026915711402434334	3.03360727168513e-17	107.1011457024931	136.85038873267794
347.0	50.969288729595824	44.4022196402019	-74.33769685188601	0.15812081010116336	19.302847024409022	0.0027028392380542034	3.018618313835556e-17	107.23143619491377	136.6841100259046
348.0	51.10891470521286	44.53308020424464	-74.58103850330923	0.1580553111202044	19.27529111520927	0.0027141227099147618	3.0037490313286315e-17	107.36162770655821	136.51836076071382
349.0	51.2485360532925	44.66394871835392	-74.82461699261412	0.157990124623533	19.24785326149123	0.002725421533608191	2.988998112304344e-17	107.4914665830243	136.35346031659833
350.0	51.38815278199776	44.794825136176705	-75.06843181407046	0.15792524821856002	19.220532621071587	0.0027367356870073396	2.974364263128225e-17	107.62108708580715	136.18923409884673
351.0	51.52776675925001	44.92571127535966	-75.31248246423165	0.15786067783610996	19.19332831465788	0.0027480652525612693	-1.5594554817229595e-18	107.7509629323247	136.02508065108339
352.0	51.6673724146431	45.05660150023287	-75.55676844191761	0.1577964162374263	19.16623965326112	0.0027594098949244726	-1.551866718362966e-18	107.87997385847521	135.86241170515356
353.0	51.80697533512977	45.187501355944846	-75.80128924819894	0.15773245599961952	19.139265683063794	0.002770769905669059	-1.5443376217100204e-18	108.00894029130227	135.7001872583102
354.0	51.94657366949193	45.31840893447762	-76.04604438638079	0.15766879652942356	19.112405640340903	0.002782145158579692	-1.5368675722216701e-18	108.13500609064926	135.5419854585719
355.0	52.08616742620457	45.44932419173317	-76.29103336198645	0.1576054355557518	19.085658723843867	0.002793535632010584	-1.5294559339688832e-18	108.26373097301091	135.38082690642878
356.0	52.22575661350162	45.58024708374569	-76.53625568274227	0.15754237083116537	19.05902414020089	0.0028049413043944476	-1.5221020797069347e-18	108.39206478927404	135.22053899052332
357.0	52.365341240118795	45.711177567430816	-76.78171085856123	0.1574796001308424	19.03250110382308	0.00281636215428044	-1.5148053907216886e-18	108.52018412487782	135.06089711601717
358.0	52.504921314292574	45.84211559956596	-77.02739840152799	0.15741712125326382	19.006088836795886	0.0028277981602820787	-1.507565256703487e-18	108.6481886967004	134.90177423957815
359.0	52.644496844655436	45.97306113769697	-77.27331782588337	0.15735493201902706	18.97978656879701	0.002839249301122022	-1.5003810755965353e-18	108.77600864252574	134.74325456515515
360.0	52.78406783955514	46.104014139440416	-77.51946864801002	0.15729303027124295	18.95359353698558	0.002850715555597685	-1.4932522534737557e-18	108.90349041938387	134.58552491438397
361.0	52.92363430771107	46.23497456314871	-77.76585038641521	0.15723141387459474	18.92750898592284	0.002862196902613495	-1.4861782043949113e-18	109.03075378011877	134.42843340017305
362.0	53.06319625767833	46.36594236736352	-78.01246256171852	0.1571700807155715	18.901532167476326	0.0028736933211523396	-1.4791583502840427e-18	109.15779494223621	134.27198150033556
363.0	53.20275369795119	46.49691751091227	-78.25930469663535	0.15710902870212232	18.875662340717344	0.0028852047902822755	-1.4721921208009723e-18	109.28487154581995	134.11584984986857
364.0	53.342306637232426	46.62789995318418	-78.50637631596386	0.1570482557630845	18.849898771850825	0.0028967312891674843	-1.4652789532120325e-18	109.41145646014618	133.96068288735566
365.0	53.4818550840369	46.758889653720374	-78.75367694656926	0.15698775984832194	18.824240734112077	0.0029082727970488184	-1.4584182922731086e-18	109.53781258286809	133.80615403482796
366.0	53.6213990471452	46.889886572672694	-79.00120611736966	0.15692753892801725	18.798687507689937	0.0029198292932660873	-1.4516095901030507e-18	109.66394723811608	133.65225119315295
367.0	53.76093853514897	47.02089067033906	-79.2489633593225	0.15686759099284178	18.77323837963667	0.0029314007572338453	-1.444852306071587e-18	109.78969766340421	133.49916918467724
368.0	53.900473556647334	47.15190190735753	-79.49694820541137	0.1568079140535244	18.74789264378114	0.0029429871684518074	-1.4381459066809675e-18	109.91539610637197	133.3465005113299
369.0	54.04000412050846	47.282920244971436	-79.74516019062943	0.15674850614033747	18.722649600656297	0.0029545885065168347	-1.4314898654486555e-18	110.0410445249792	133.1942411703869
370.0	54.17953023536105	47.413945644507955	-79.99359885196856	0.15668936530333666	18.697508557406568	0.0029662047510967235	-1.4248836628024622e-18	110.16565764545236	133.04357942719
371.0	54.31905190993745	47.54497806772374	-80.24226372840477	0.15663048961179168	18.672468827712827	0.002977835881947341	-1.4183267859665505e-18	110.29071900582024	132.89271803847697
372.0	54.45856915296065	47.67601747668768	-80.49115436088371	0.1565718771540462	18.64752973171346	0.002989481878905967	-1.4118187288553384e-18	110.41605153695556	132.74187239158624
373.0	54.59808197316987	47.8070638338027	-80.74027029230896	0.15651352603726387	18.622690595923867	0.00300114272189256	-1.40535899196777e-18	110.54126549491421	132.59151102965882
374.0	54.73759037935158	47.93811710183547	-80.98961106752824	0.15645543438715737	18.597950753163367	0.0030128183909103393	-1.3989470822832685e-18	110.66569397085972	132.44242996353296
375.0	54.87709438031355	48.06917724388603	-81.23917623331971	0.1563976003477889	18.573309542476487	0.003024508866044348	-1.3925825131605196e-18	110.7899305642156	132.29391288954756
376.0	55.016593984705864	48.200244223203455	-81.48896533837993	0.1563400220815023	18.548766309057168	0.0030362141274514094	-1.3862648042398051e-18	110.91290155507633	132.14723641345887
377.0	55.1560892015044	48.33131800367421	-81.73897793331086	0.1562826977682586	18.52432040418225	0.0030479341553848	-1.3799934813391768e-18	111.03674001997804	131.99985356616435
378.0	55.29558003929001	48.46239854908602	-81.98921357060667	0.15622562560607586	18.49997118512669	0.003059668930156509	-1.3737680763670743e-18	111.16165143513297	131.85152643809164
379.0	55.43506650703408	48.59348582392549	-82.23967180464166	0.1561688038100852	18.47571801510924	0.0030714184321767733	-1.3675881272182674e-18	111.28509545041857	131.70526892014482
380.0	55.574548613481	48.72457979274402	-82.49035219165752	0.15611223061289967	18.451560263203667	0.0030831826419229456	-1.361453177688883e-18	111.40835030057822	131.55955889803076
381.0	55.71402636746102	48.855680420476666	-82.7412542897518	0.15605590426409643	18.427497304283506	0.003094961539953749	-1.355362777381318e-18	111.53038095676668	131.4156133724935
382.0	55.853499777768704	48.986787672313774	-82.99237765886399	0.15599982303013196	18.403528518946565	0.00310675510690335	-1.3493164816164845e-18	111.65323457833502	131.27101492808296
383.0	55.99296885325009	49.117901513787324	-83.24372186076543	0.15594398519405592	18.379653293450307	0.0031185633234852026	-1.3433138513449871e-18	111.77594716787527	131.12689978898948
384.0	56.132433602738935	49.24902191070369	-83.49528645904581	0.15588838905536498	18.35587101964501	0.003130386170488156	-1.3373544530616548e-18	111.89848417570089	130.9833062625538
385.0	56.27189403511986	49.38014882920385	-83.74707101910208	0.15583303292975645	18.33218109490618	0.00314222362877984	-1.331437858720291e-18	112.02093061129044	130.84013267092178
386.0	56.41135015899622	49.51128223542733	-83.99907510812619	0.15577791514919712	18.308582922075118	0.0031540756792870087	-1.325563645653924e-18	112.14301732907654	130.69769096805928
387.0	56.55080198343604	49.642422096260496	-84.25129829509422	0.15572303406112217	18.285075909389	0.0031659423030373068	-1.3197313964853768e-18	112.26596675074929	130.55455582226605
388.0	56.690249517260455	49.773568378617725	-84.50374015075356	0.1556683880288255	18.26165947042432	0.00317782348111854	0.0	112.38776621374224	130.4130682268974
389.0	56.82969276932191	49.90472104971832	-84.7564002476128	0.1556139754310485	18.238333024031373	0.003189719194694192	0.0	112.50938528446113	130.2720958437735
390.0	56.96913174827115	50.03588007684742	-85.00927815992975	0.15555979466199432	18.21509599427028	0.0032016294249906	0.0	112.63081985450144	130.13164107333435
391.0	57.108566463104175	50.167045427909834	-85.2623734637	0.15550584413067187	18.191947810360357	0.003213554153325177	-1.2968138721614522e-18	112.7520717950882	129.99169939633745
392.0	57.247996922682	50.29821707093979	-85.51568573664616	0.15545212226112937	18.168887906614327	0.003225493361080527	-1.2911853616419288e-18	112.86625810745888	129.8601873479914
393.0	57.38742313565824	50.42939497402428	-85.76921455820673	0.15539862749234043	18.14591572237712	0.0032374470297004253	-1.2855964175688195e-18	112.99189692984068	129.71579220589715
394.0	57.52684511104871	50.560579105879626	-86.02295950952548	0.15534535827754414	18.123030701977463	0.0032494151407194607	-1.2800466574603656e-18	113.1038248805274	129.5874249927755
395.0	57.666262857724206	50.691769435334116	-86.27692017343927	0.15529231308450356	18.100232294664277	0.00326139767573562	-1.2745357035277123e-18	113.23485195066553	129.43747592381797
396.0	57.805676384233045	50.82296593114531	-86.53109613447013	0.15523949039548154	18.07751995454815	0.0032733946164003524	-1.2690631826070639e-18	113.35553959771721	129.29966612232974
397.0	57.94508569966949	50.95416856287839	-86.78548697881064	0.15518688870635602	18.054893140554757	0.0032854059444651037	-1.263628726082481e-18	113.47567876046425	129.1627737608908
398.0	58.084490812742	51.08537729996074	-87.04009229431733	0.155134506527215	18.032351316365407	0.003297431641729766	-1.2582319698280334e-18	113.5953800080379	129.02666835626817
399.0	58.223891732243814	51.21659211215575	-87.29491167049764	0.15508234238181198	18.009893950365097	0.00330947169006821	-1.2528725541370624e-18	113.71514573913188	128.8907764030383
400.0	58.363288467150745	51.347812969657966	-87.54994469850055	0.15503039480733835	17.987520515586503	0.0033215260714339685	-1.2475501236564904e-18	113.83501539280505	128.75505285017732
