Ω(THz2π)|N|Reσ(μS)	1|-25.818452838782992meV	2|-25.849418626574153meV	3|-25.851938605446147meV	4|-25.852241573425026meV	5|-25.85228294343826meV	6|-25.852289552669724meV	7|-25.85229079473999meV	8|-25.852290889344008meV
0.01	-0.0010051114292496414	-0.016018336170859515	-0.013516616348350805	-0.018716654368629473	-0.022410061422124844	-0.01210362333835892	-0.028564597394156042	-0.02905312990802886
0.02	-0.017814439053230255	-0.017438499549980595	-0.007384709136716227	-0.014077412489777112	-0.007266397989442218	-0.001692059489079435	-0.00501736333235945	-0.006840252865467777
0.03	-0.006560368119994948	0.002465238794849404	-0.0007702697779178383	-0.0007357116218565067	-0.0014149991349251792	-0.00043297212588321114	0.0019662779926002444	0.0021052705582750137
0.04	0.010299148126786142	0.015332516357598067	0.016814207594863385	0.012035701071756163	0.008037183253504594	0.005216539767309894	0.006429844286231192	0.006270140007679883
0.05	-0.005738040477002171	-0.003203410841235454	-0.009590624962532445	-0.013458755550438009	-0.01646336547760263	-0.016700296111149773	-0.013300691053729611	-0.013249241293249664
0.06	0.006544704363903467	0.004699730139141564	0.0013267110424341594	-0.004429304425812998	-0.007188206899160386	-0.006692310508818488	-0.006712897144960809	-0.006586959930941865
0.07	0.00860536958821311	0.010159852022836788	0.008572377390702022	0.00914108321087919	0.011352151455473587	0.008970339760861033	0.008534748716265483	0.008124967198988463
0.08	-0.002349529931588588	-0.0002382683825615954	0.0007573688734933648	0.0030793799137098835	0.003971075657809322	0.002284583236817485	0.002435512897826085	0.0017389573510162165
0.09	0.004098157963775452	0.0041829599859926	0.004153502911154047	0.0061016955242719105	0.005195259872875335	0.006750227605454019	0.006910888984343634	0.005759839109608114
0.1	-0.004099501729308122	-0.00225067433943894	-0.004516289173050078	-0.007937337266211129	-0.007312113627639245	-0.005267796251067498	-0.00527586944829757	-0.0054337249367729335
0.11	0.0007039649729949628	-0.0005584661729739116	-0.0014043623441338518	-0.0014185965027450646	-0.0002645644227474336	-0.002314942421424631	-0.003380300653839367	-0.0031098739215269853
0.12	0.00292116177263157	0.0062332071526725215	0.006370927963885012	0.006044845321063098	0.005340288379966234	0.0050152527489547875	0.005297255875160688	0.005420846876143271
0.13	-0.00029905032245536024	-0.0054432316238208515	-0.0017836439353473691	-0.0032318993707144503	-0.003032853155214255	-0.0027209582944469385	-0.002478939239403636	-0.003095009115701181
0.14	-0.0080501344095847	-0.007200343091167836	-0.008877218847717411	-0.008064263277949882	-0.008393191878666086	-0.007544100704117815	-0.006596744386970563	-0.006563185755746956
0.15	-0.0015489707407374163	-0.0036031959163534987	-0.0020124150901795076	-0.006512830373487551	-0.006501804436605327	-0.007063621698078948	-0.005831689162397664	-0.006064184909227004
0.16	-0.001690534296755762	-0.00025387525593497284	-0.0022380276257817503	-0.005707228371939499	-0.004027479059294536	-0.004002273058681925	-0.004004529903237629	-0.004182841069196711
0.17	0.0009310522695780006	0.0015490633620084517	0.0022138249384970996	0.002236855685140314	0.0023145950562709996	0.00033462341740272614	0.0002708240453482313	0.0010051770269597405
0.18	0.003977209586911289	-9.335909164935874e-5	0.0017366739361869572	-0.00030063429798211645	0.00016845950955037128	-0.0008611081784068128	-0.001036103953122001	-0.0011852374288159702
0.19	-0.001037206441965666	-0.004231336722490205	-0.00323565770386331	0.0042794952251402054	0.00228477765266213	-1.518694019297241e-5	0.0010058113919477613	0.0010072960842687083
0.2	0.00629758206441802	0.007035399080282435	0.006410748841139891	0.007692594169015567	0.007886566123277015	0.00796653823276337	0.00660034905853487	0.00694237038335063
0.21	-0.00015912481015245846	-0.0005964016295383413	-0.00037201554664446565	2.7437003505960782e-5	-0.0007345537107028738	-0.00041178587208394256	5.566895846244794e-5	-0.0005037177778051654
0.22	-0.006141127792004695	-0.0069494241385073055	-0.005410270937523372	-0.005872705276563728	-0.0032129135328589175	-0.00401277059949615	-0.0036677974291868176	-0.003456023859039337
0.23	-0.0025571948017339185	-0.0024222871061105084	-0.0036939424416715925	-0.0033481146704200464	-0.003021889521291574	-0.00309888799935612	-0.0029740535051845122	-0.0033298559449490947
0.24	-0.0035496001730756514	-0.002400844980218204	-0.002521886794487398	-0.0001633680793679483	0.0022921616773584333	0.002443670719804746	0.002352884924827822	0.002536456574085386
0.25	0.00025266827601590284	-0.0011414674706609544	-0.0016341480379630144	-0.0025875289784839193	-0.00217391756491208	-0.002463598732674966	-0.0025031382970875627	-0.001677288769695865
0.26	0.0019490184261837771	0.0028682874357956224	0.0035388806627613544	0.004438092881995097	0.004349017262739479	0.003876616301926612	0.004018314927414714	0.0039950647437896735
0.27	0.000823456539785086	0.0013138459740391544	0.004224533190056808	0.005733427959833706	0.006079170032268658	0.006484426118051976	0.006433110372322713	0.00632907047484549
0.28	-0.001320345402546618	-0.0026231199843450258	-0.000724008262270336	-8.602206564287437e-5	-0.0021141512654126735	-0.002422630876860759	-0.0023471901994310254	-0.002421221652426926
0.29	0.0011678212411297764	0.0003995885492254339	0.002422372654266976	0.0014908346907839072	0.0014445220700914543	0.0014488640270327448	0.0009796362543867596	0.0011019540738644658
0.3	-0.001626122594147302	-0.002595949229907131	-0.001862796366750556	-0.0016308556209400139	-0.002792873678393972	-0.0017215614569466348	-0.0014475955029299027	-0.0021562150836947503
0.31	-0.0015296531315479999	-0.0015528649543889955	-0.0015979140851293144	-0.0020620102786691606	-0.0018202415600528838	-0.002282082331386288	-0.002770202731968632	-0.0023516218966884057
0.32	0.001051717544968286	0.000613212266922542	0.0016854809904250454	0.001106170928264153	0.0008074445000581195	0.0005682836356926623	0.00023486106423512883	0.0005199639899670529
0.33	-0.00019489962608776825	-0.0007231052059713645	-0.0003623226346061303	9.26609777546207e-5	-0.0005112429305275383	-0.0007887284097422247	-0.0006311042458210589	-0.0007276223694306491
0.34	-0.0006485910088578365	-0.0004308464165162525	-0.0024905626014581454	-0.0036853415030254507	-0.0032637145538107946	-0.0028792255987841434	-0.0024280674102389044	-0.002516089114316148
0.35	0.0012680698008514367	0.00011237625918428902	0.00031637964757317573	-0.0008437339164483356	-0.0018848849571505566	-0.0020408366640849284	-0.0015586045106043766	-0.0016102851489926246
0.36	-0.0016086096246561113	-0.0015601134581360093	-0.001107238349185551	-0.0016964594054848022	-0.00124766171528531	-0.0031858116723661907	-0.0030500628840696414	-0.003282800978272115
0.37	0.000958581706777912	0.0016928207388570227	0.0015500683830663678	0.002252183867791554	0.00043452784893930653	0.00022694064932400862	0.00043499126410074406	0.00035903684177501354
0.38	0.0006143051803337941	0.0002157103340353466	-0.00028334174379838963	0.00016300388137132106	0.000723069903418347	0.0007535921870300559	0.0005578019018559285	0.0005040213839852398
0.39	-0.0026681565563065417	-0.0018421455669060973	-0.0016933034054279078	-0.0021015787284084366	-0.00209098485724612	-0.002007129280817305	-0.001659516063433733	-0.0018571514917521455
0.4	0.0006830791878819632	-0.0005777794938346482	-0.0032924769402782584	-0.0026067954053538723	-0.0027815756072873425	-0.0032102785042382276	-0.003521906701299601	-0.003500362058230056
0.41	-0.0012243657663635465	-0.001893318029434614	-0.0023708759572107687	-0.0036274941301088605	-0.0035524132806521703	-0.00370805082661145	-0.0038205858934547573	-0.003607667434223637
0.42	-0.0006510706398875901	-0.00047825182524079417	0.0003830802519669475	0.0010312515070030625	0.0009506688197097739	0.0007461189865306417	0.0007540359238460405	0.0007860333928924493
0.43	0.0002890953055463653	-4.986470580603965e-5	0.0017122501850609752	0.002453765673484352	0.002269954397792673	0.0020156171521317043	0.0021818157805008234	0.0019838497283648625
0.44	-0.0013040654397064692	-0.0003135840375944494	0.0009591787029969475	0.000301363658619069	0.00041956281266712614	7.867016626344059e-5	-4.989270673342228e-6	-0.00015281093689805704
0.45	0.001163911426513707	0.001134904146424557	0.0016852022653908673	0.002746022434021861	0.002338572192537953	0.003014678456280567	0.0026723602916600593	0.0026383092490179314
0.46	0.0014391751711854844	0.00010832521233664785	0.001331084577594427	7.633245311505542e-5	0.0007502326155345605	0.0005659414595170755	0.0007610509687026113	0.0007027158896475165
0.47	0.00848801273666573	0.008044089488001198	0.008112005494806925	0.007040811168673011	0.0066432312562936646	0.006398185659167376	0.006358823956035002	0.006279597610116506
0.48	0.01791699364669695	0.02006070978285253	0.018377214892207512	0.0167652525366777	0.015818588330705815	0.015312132432864466	0.014825380068132157	0.0148068425240713
0.49	0.042304707942067935	0.046238019559823665	0.04306356041878702	0.03996139659487456	0.03754257457852732	0.03622786601829371	0.03644634219250398	0.03627351789521543
0.5	0.10062004604455833	0.10834649484304308	0.10289350662052171	0.09310231533140545	0.08769742457396708	0.08459533672850514	0.08255265873459948	0.08233189961059639
0.51	0.2541261215252095	0.27379237263612277	0.2588289295673466	0.2401982380050856	0.22640462969652728	0.21795850982931672	0.21230725040370227	0.21194250019386904
0.52	0.5960964288551316	0.64293990113082	0.6115826979513965	0.5606285627974639	0.5303185537470108	0.5114835340513082	0.49929501021371353	0.4982511730381276
0.53	1.3923333614448303	1.5034169458141518	1.4336115814118324	1.3170085155078495	1.245566270216413	1.2032954095979504	1.1741696101729762	1.171681311970192
0.54	3.19155822677723	3.4500016278272883	3.3004531916956656	3.0384502001803257	2.877664502400713	2.780885492495513	2.713340921822314	2.707200935201516
0.55	7.1259275115093335	7.712233750301658	7.405237928299933	6.836327344450156	6.482298560828852	6.2671501489993195	6.116365513254202	6.10302309486798
0.56	15.256134882469475	16.52709373433635	15.937968309550923	14.752075850400443	14.005608172143175	13.550594374200413	13.230309766257365	13.201607362878118
0.57	30.300554834577003	32.85008515562059	31.778194018520576	29.4903960583576	28.025381375714534	27.12889202829459	26.495538887331602	26.438526974497464
0.58	45.62896977246531	49.47660069766949	47.81374999427925	44.33048278574817	42.10911206124805	40.75048873087319	39.79193968413409	39.70689764275083
0.59	54.27813802981211	58.83669962496102	56.764622111845306	52.563171385627456	49.901182610471395	48.27891883825479	47.13623359259089	47.033699538733174
0.6	60.35703617298145	65.4008594775063	62.994648638367096	58.267332342274166	55.28956341445563	53.47953689248682	52.207386713340966	52.09316406233454
0.61	64.87344094228496	70.26275204478651	67.57540142081517	62.439146015979134	59.22245945848275	57.27222212392811	55.90420781941607	55.78158043471481
0.62	68.28451166277586	73.92017353175584	70.99017220885457	65.53052284629486	62.13045107281856	60.074657683348136	58.63451729367109	58.505581357335956
0.63	70.85934364662533	76.66783768234336	73.52492278240013	67.81181368335069	64.27105704585189	62.13447661787665	60.641811851846334	60.50778122702584
0.64	72.77817836921285	78.70067251904355	75.37980657839815	69.46574483015223	65.81786610290612	63.62321979884309	62.090997758147296	61.95403958400565
0.65	74.16841174579551	80.16157903830906	76.68544578427705	70.6179342897123	66.89212297172189	64.65558646123954	63.09613666634424	62.95726148931623
0.66	75.12124733136396	81.14756647202348	77.5409751869085	71.36004578599973	67.58068405082531	65.31606996438589	63.74038228972156	63.599759715683405
0.67	75.71422175043226	81.73927928102223	78.02532101935822	71.76389420963375	67.9501652166482	65.66944636176328	64.08479677140808	63.943293894074436
0.68	75.99800964037578	81.99804872966438	78.19664569421441	71.88553406838815	68.0550698185433	65.76923816841068	64.18262767415246	64.04124213178866
0.69	76.02455608492241	81.97653506052998	78.10944657730244	71.77351849067536	67.94150541650862	65.65840803585478	64.07611548272862	63.935222584803874
0.7	75.82286893749797	81.70551052787637	77.79037490913302	71.45554114575313	67.6355061645053	65.36354179921568	63.79201087366826	63.65204043368931
0.71	75.43080609908029	81.23592215644226	77.28942675779055	70.97486806474738	67.17735608256758	64.92248794635863	63.36423398335814	63.22545404709843
0.72	74.87560037421854	80.58795741429047	76.62602502901208	70.35127418313921	66.58733055559306	64.3558994936492	62.8155290881799	62.67850300672561
0.73	74.17644291935618	79.78531618774494	75.82444848613613	69.60707467837362	65.88575168903105	63.68222886435743	62.16289201105169	62.02793222315515
0.74	73.34844907898731	78.84516020340116	74.90041009269555	68.75558474146933	65.08446683365024	62.913842459394175	61.4186517065113	61.28608097792361
0.75	72.42661819717303	77.8033789792642	73.89120078815675	67.83252662426099	64.21824218183289	62.08416310350815	60.61534345085618	60.485242957039176
0.76	71.43127061385027	76.68503646730706	72.81829473799029	66.85809557793871	63.30790729517609	61.213389068539705	59.77311678401604	59.645507481591444
0.77	70.42815811500162	75.5590851925256	71.74849178154577	65.89486957993144	62.41063233548797	60.35671874841019	58.94651542794417	58.82172374327629
0.78	69.53161540142817	74.5532330104622	70.8081002185483	65.05682962237721	61.63372123428719	59.61701989250904	58.23384825039191	58.11125997452381
0.79	68.97408079537678	73.92127310272659	70.23247082117376	64.55791413491309	61.17993965512778	59.19059706811895	57.82581217443965	57.70506962681157
0.8	69.04663321915301	73.98031857817821	70.30523218577999	64.64586618659325	61.27559110572426	59.290783576656516	57.92919503830044	57.80866717430294
0.81	68.84789619912772	73.73957833856902	70.07116108951853	64.43590031324595	61.083164163144914	59.11001548665163	57.757690545906605	57.63810256749911
0.82	68.2455642632277	73.05960704347552	69.42478765444186	63.85411318537358	60.54172542450307	58.5934479454609	57.25952145965831	57.14183611741779
0.83	67.43806295317731	72.15732173343345	68.57373341891989	63.08971950215198	59.83071768478592	57.914777371153036	56.60430349865843	56.48841436243418
0.84	66.4801316382523	71.09316751730779	67.57753924489303	62.198794895047264	59.003236940367316	57.12534290683843	55.84203178195768	55.728600677951725
0.85	65.40375612401954	69.902410714823	66.47120538144382	61.21388253429525	58.088637228107594	56.253309246793506	54.999464739839375	54.88874390035376
0.86	64.2360156644256	68.61489602241639	65.28334548771952	60.1616899169242	57.11481512268832	55.327480503854346	54.105634726945986	53.99773771842926
0.87	63.01171382834382	67.26918939569273	64.05486736029569	59.08150968821466	56.11857358190545	54.37921776456246	53.19183146701597	53.08712716665849
0.88	61.80941379918435	65.95148942647107	62.8706237246726	58.053651941674886	55.18084386822594	53.49031839449437	52.337072500443625	52.235196623664
0.89	60.802202524503016	64.85046081373896	61.916905277949205	57.252166051767624	54.45528666399128	52.810201118014696	51.68744261160289	51.58836757370122
0.9	60.39005890749617	64.40492156659097	61.61694191710671	57.06824854722807	54.324517148197806	52.70755841111078	51.60276797896454	51.50523917926726
0.91	61.36622597139416	65.47994997972742	62.79605000341408	58.2574897122288	55.497511095607585	53.8654013602916	52.74824061944646	52.64956489318118
0.92	64.66618527404165	69.09418765798044	66.37562096430833	61.626798898164445	58.718724963149874	56.992811668333104	55.80841270313761	55.70338340302861
0.93	67.01007941771105	71.64659809912317	68.84118226970159	63.90609553121615	60.88008446725819	59.08280041313589	57.848066208365296	57.73869320427609
0.94	68.15815472692304	72.89121671182558	70.05658143154635	65.04380600085759	61.96668852518629	60.138199900492786	58.882065912105055	58.77089585762129
0.95	68.73196554806616	73.50905269823075	70.69147023039164	65.66010665089885	62.56669332649202	60.727569857773794	59.46401752890735	59.35212988396604
0.96	68.98108043899909	73.7742532037499	71.0133377614157	66.00962535892228	62.92399953119284	61.08757736200274	59.825477334389404	59.713758564797885
0.97	69.20525290652252	74.01510661755349	71.3513148086641	66.40181741135214	63.33400678273034	61.505198183571856	60.24747814972857	60.13660455966699
0.98	69.95094304740984	74.83314611587973	72.30180685672124	67.39590733779164	64.33187404394397	62.49915986095736	61.237439793591506	61.12512072247394
0.99	72.28907719830238	77.40007452480978	74.99350962752271	70.03619384879104	66.90455587769061	65.02302659368466	63.723059963048215	63.60783644647167
1.0	77.18999501055632	82.76922973090987	80.36863566730281	75.13276493777478	71.7932844792391	69.77730751445016	68.38011379519433	68.25631097267434
1.01	82.24721653556371	88.2972493042159	85.80830565400674	80.22461795618732	76.64789703302263	74.4839768871773	72.98085495298241	72.84722049371837
1.02	87.92407985837811	94.49730435998869	91.83838178780981	85.81222466550314	81.94733310856225	79.60693979647581	77.98003777969463	77.83515497263032
1.03	92.39634241076467	99.36464994902607	96.44297034861634	89.99367246061792	85.87671005616711	83.38682680900723	81.65702365664232	81.50305348011514
1.04	95.85483724290737	103.11757578840562	99.9470895310405	93.14152192592685	88.81856908302687	86.20979839357163	84.39917676446441	84.23800622558761
1.05	98.69936659821101	106.19398549651726	102.78007351570035	95.65913891280911	91.15925594030921	88.45004664724931	86.57162757590098	86.40460165539928
1.06	101.08984070670016	108.77109296114425	105.11905261052706	97.714029826671	93.06081725307563	90.2651660792879	88.32973893366906	88.15775264695293
1.07	103.12533960342621	110.95671609272581	107.07088378943682	99.40764527929116	94.6176828662409	91.74708143091051	89.7625784903094	89.58634496871849
1.08	104.8657283267079	112.81652992418067	108.70077822357824	100.7989021188567	95.88802625525224	92.9514156536249	90.9248226954087	90.7448669883136
1.09	106.35264031344046	114.39739619610259	110.05835644693414	101.93969319527707	96.92067034344942	93.92719637175767	91.86429156945835	91.68129392351288
1.1	107.62052850002875	115.73755985009504	111.18008231911391	102.8600231947675	97.74424154219075	94.70110033814946	92.60721076905544	92.42166048136218
1.11	108.69898158287755	116.8681336380569	112.09606052410979	103.59341906149899	98.39270582312648	95.30637795322201	93.18581692520242	92.99809325966828
1.12	109.60344602778467	117.80591755975388	112.82858445395858	104.15698614120735	98.88051632115405	95.75683165350225	93.6142115161278	93.42458647188812
1.13	110.3565737149849	118.57692974052978	113.39938100828942	104.5731363214052	99.22974474415592	96.07456691549464	93.91290071582914	93.72179436014011
1.14	110.96974245401366	119.19537184609523	113.82305410014551	104.85663704603553	99.45535677126067	96.2727672632627	94.09660504018703	93.90429400342737
1.15	111.45668215740244	119.67294581420657	114.11320970920437	105.0183654194703	99.5666628936043	96.36185318637139	94.17391422484071	93.98052199322088
1.16	111.82350729063867	120.01898108490566	114.27995642054036	105.06965713369979	99.57510591580659	96.3526660240685	94.15650509757076	93.96248699882432
1.17	112.08767854277721	120.25177285310372	114.34019210236308	105.02600949579005	99.49483454972089	96.25882156488406	94.05674488104715	93.86271440317459
1.18	112.25248194123039	120.3746598457411	114.29705269103526	104.89008630218035	99.32973573496385	96.08356107394611	93.87847937276197	93.68427138161377
1.19	112.3272799530817	120.39867625502518	114.16307602414486	104.67390814456986	99.08926000901455	95.83687311175012	93.63094896729228	93.43682452418727
1.2	112.31665725944619	120.32921562087407	113.94415747065254	104.38399259557434	98.78277173559938	95.52737326898611	93.32281424839289	93.12890865171326
1.21	112.22590774572939	120.17161902076968	113.6429142680407	104.02144930966227	98.40789013978436	95.15266647586837	92.95268838170239	92.75936188821882
1.22	112.06221152194344	119.93401901441811	113.27168862601673	103.59879460587814	97.97888908082469	94.72705360048523	92.53188853319402	92.3394554862831
1.23	111.83124251822665	119.62256038566703	112.8334953493279	103.11914295377285	97.495966229116	94.24976626798802	92.06238681609707	91.8705182394394
1.24	111.53659063320418	119.24171939948158	112.33313207925289	102.58528886524157	96.96678174783949	93.72958477434865	91.55157946385056	91.36070979745197
1.25	111.18521205324052	118.79746763138098	111.7780683948004	102.00587737581793	96.395063145266	93.16892477616274	91.00173282161128	90.8119171682982
1.26	110.77347302010719	118.28961240658953	111.16683445168661	101.37875770874419	95.78297070974207	92.57007570911688	90.4148473433309	90.22628367705586
1.27	110.30858719061608	117.72361862003581	110.50450710213941	100.70838535218199	95.12556973483771	91.92919979485346	89.7881477194445	89.60092474549583
1.28	109.79651186024574	117.10643038122048	109.80034622395516	100.0055348470489	94.44338820621994	91.26436779469655	89.1386196134628	88.95285088270928
1.29	109.23728351468763	116.43733575905135	109.05462261533974	99.26914762944129	93.73080438147151	90.5713792446959	88.46150700628883	88.27729432775462
1.3	108.63588341765055	115.72280257717583	108.26868154496879	98.49781185882549	92.98669665287842	89.84875468693134	87.75718172909455	87.57468061845728
1.31	107.99261243445987	114.96330880165979	107.44635084550332	97.69833692233644	92.21768803416948	89.10334271844725	87.02971103031344	86.8493226811253
1.32	107.30929016472761	114.1610090937713	106.58857870375817	96.87055169765792	91.42472680410935	88.33549330317703	86.28179270685567	86.10295081220893
1.33	106.58746405432954	113.3175558068432	105.6977939355448	96.01535359218438	90.60681951983898	87.54477497637457	85.51157911883224	85.33472110771515
1.34	105.83491501314161	112.44160447853713	104.78159291551168	95.14289291272712	89.77503501352678	86.7409634292611	84.73009007764176	84.555251619682
1.35	105.04695871618046	111.52796971225166	103.83652745040187	94.24676630907051	88.92188154227215	85.9172470327758	83.92905309053502	83.75632298149176
1.36	104.2271550800104	110.57991146397876	102.8645757917822	93.3306003426924	88.05154973213335	85.07790973204976	83.11301805481969	82.9424379167245
1.37	103.37907846694885	109.60245164122985	101.8712442687396	92.39899957379549	87.16831735811745	84.22724474091946	82.28639166619442	82.11821725146694
1.38	102.50157286533957	108.59451865206921	100.85359485434017	91.44858999837842	86.2687542897665	83.36119652353369	81.44510550061698	81.27908146673062
1.39	101.59739305456233	107.55863188522882	99.81674559417134	90.48489530294727	85.35860274579493	82.48547172775967	80.59510295097837	80.43141531212797
1.4	100.66477933288024	106.49313520305208	98.75797856807802	89.50496330427168	84.43484533382673	81.59759970825358	79.73368123776615	79.5723969286735
1.41	99.70665668487388	105.40192730874153	97.6811728050763	88.51304816670067	83.50079034012477	80.70033782324965	78.86322377620475	78.70446036205918
1.42	98.72830843858856	104.28976307980852	96.59035259692624	87.51088830177957	82.55879021689547	79.7961998065219	77.98634146569592	77.83000090537183
1.43	97.71774972184099	103.14420889508882	95.47447787014056	86.49018296755715	81.60085656958633	78.87755214418135	77.09606718041496	76.94231129920631
1.44	96.68669469478736	101.97773926520016	94.34595100066622	85.46195892446731	80.6373960914616	77.95413609422927	76.20040087003947	76.04912724756639
1.45	95.6299276590625	100.78579262323017	93.20048349456755	84.42267739278238	79.66495327321422	77.02220401569035	75.29810359032342	75.14954823330585
1.46	94.54768262548305	99.56752649013387	92.03628147414152	83.37036847719563	78.68187369817969	76.08184707630508	74.38793411462876	74.24184266380189
1.47	93.43610419568333	98.32020179107815	90.85143713015812	82.30368909106085	77.68721225153412	75.13030422328383	73.46661683147896	73.32345472908169
1.48	92.29495904376023	97.04238325982105	89.64706355763457	81.2238989283315	76.6820208001836	74.16972986841382	72.53689115223166	72.39658590314656
1.49	91.12049964647166	95.73138560030021	88.42009070843835	80.12832652263445	75.66400052814969	73.19770417702996	71.59708593734723	71.45952333473517
1.5	89.90906928041139	94.3829159075026	87.16800197873839	79.01710483371028	74.63382258889924	72.21480156033594	70.64657885572854	70.51191793161445
1.51	88.65593963173394	92.99318633339702	85.88981979368121	77.88948297703357	73.5908107215787	71.22133652111869	69.68732671062875	69.55575115071268
1.52	87.36446174768207	91.56605933575946	84.59295317117338	76.75401061220148	72.54412305749499	70.22601544459486	68.72687842537428	68.59841634677473
1.53	86.06040189414192	90.13262278583188	83.31074107751935	75.64415899154172	71.5269022609772	69.26114382260032	67.79709971426587	67.67216213176147
1.54	84.8248765778537	88.784291866668	82.1370839062195	74.64763492145062	70.62167005285693	68.40648997642225	66.97656632684331	66.85492771125381
1.55	83.88673124465971	87.77813308821501	81.31594329450948	73.98511236750142	70.03525927941051	67.86049241139764	66.4570173336209	66.33851765211759
1.56	83.76941297860562	87.69001621976153	81.37472528718096	74.12112499344043	70.19605524877981	68.03052461929363	66.63326935441357	66.51637153132141
1.57	84.957813662606	89.02547222951574	82.68176329231291	75.32083342875151	71.32430433639877	69.11482927877539	67.68932644611901	67.57082142753397
1.58	85.67453577474295	89.81322608494241	83.39069113321109	75.93462932627662	71.88687429905079	69.64759105221175	68.20658970512558	68.08756409383037
1.59	86.03175762634578	90.198781312704	83.71494356029228	76.20051953641587	72.12342931149993	69.86838567376566	68.42237165610898	68.30285797447493
1.6	86.18677795223685	90.35836101918434	83.824134585465	76.27218664355378	72.17904835028479	69.91624108987291	68.47141076617551	68.35212470066433
1.61	86.19826117435453	90.35858715524108	83.78441214101086	76.21141244551481	72.1119763481847	69.84613889900977	68.407571297573	68.28872410344273
1.62	86.10830460754316	90.24537001849627	83.63743293871767	76.05399047529545	71.95461835190407	69.6902915283693	68.26100118137093	68.14286130788591
1.63	85.93427672390283	90.03822201617834	83.40515968025286	75.82190803705056	71.72785081065376	69.46801120856085	68.05067678378613	67.93340120630813
1.64	85.68399675622894	89.74770175816295	83.0948084127153	75.52119894482814	71.4383332645999	69.18629526368296	67.78353390142186	67.6671798837642
1.65	85.37355871335721	89.39060538527619	82.72557782582105	75.16859580335952	71.10124536362443	68.8595178192543	67.47284566064086	67.35760846584263
1.66	85.01191151960634	88.97712292206867	82.30416615774229	74.77177805432488	70.72259824475712	68.49384204667108	67.12410062041826	67.00990792864187
1.67	84.5991676451015	88.50706848473821	81.8340667997975	74.33270919381573	70.3061368574321	68.09333410100763	66.74188075227576	66.62885748203773
1.68	84.1455051808986	87.99272773848003	81.32372144903948	73.8588241940495	69.85774564823349	67.66396515121487	66.3302628848144	66.21856902843112
1.69	83.65148781465368	87.43457949985628	80.77572642811933	73.3536479145925	69.38066637671939	67.2085738790827	65.89251097898503	65.78216731202441
1.7	83.12097874836886	86.83647015460232	80.19304602293498	72.81846576292844	68.87689770872925	66.72966748215707	65.4314187238104	65.32239527347544
1.71	82.5600251615528	86.20608692932421	79.5839701372557	72.26182889426147	68.35316442492233	66.2321885736568	64.95258687462896	64.84505664809895
1.72	81.96648346074089	85.53999295008818	78.94345667851007	71.6793140534826	67.80635755804396	65.71330092144447	64.45251730453847	64.34652739247629
1.73	81.34559718874338	84.8456187959061	78.28019207360568	71.07769025023187	67.24263397112831	65.17917525818085	63.937305439787195	63.83284531539093
1.74	80.69623280502655	84.12028284621262	77.59054366673661	70.45409488925642	66.65924248826539	64.62693564261698	63.40443273446546	63.301544806157835
1.75	80.02461517857353	83.37145476199188	76.8830143709688	69.81746819431523	66.06381655814754	64.06404180844243	62.860966125802264	62.75979239098626
1.76	79.32741266934666	82.59586550437359	76.15386471184202	69.1628930494692	65.45300859555822	63.48733941255525	62.30447688656776	62.204931359684515
1.77	78.60685263752443	81.79585749364638	75.40413883600104	68.49110504829945	64.82583565137021	62.895380381083456	61.732486439834666	61.634641310545575
1.78	77.86541094550925	80.97396909342648	74.63884681862261	67.80772370530347	64.18919880100115	62.29498520396463	61.15288013084303	61.05675851695648
1.79	77.10316288611268	80.1307249217915	73.85556788954274	67.11066977637813	63.54059921075705	61.683658469566176	60.56240847795496	60.468514884557685
1.8	76.32246394276322	79.26827833790675	73.05875546845805	66.40261664482611	62.88244488922811	61.063784163178774	59.96386087038202	59.87170541370812
1.81	75.5210521721842	78.3848059292598	72.2452010403692	65.68184108557557	62.21308193497553	60.43326968217723	59.35488038895036	59.26461526791772
1.82	74.70130518130146	77.48323150535454	71.4178213522153	64.95031858830504	61.53481600494042	59.79479650785915	58.73855456546357	58.65016284261363
1.83	73.86518952568001	76.56462118198779	70.57891879560245	64.21012744218434	60.849783878078156	59.14909332557094	58.115147076446746	58.028736583809064
1.84	73.00961997670032	75.62663505008288	69.72497448063095	63.45894561523481	60.15592381284889	58.494414011911275	57.4828706907853	57.39823835370548
1.85	72.1348595205343	74.6691979145544	68.85657230288673	62.69655456334259	59.454108806949186	57.83109769583689	56.842593101356115	56.759947310512345
1.86	71.24361960811353	73.69571361864489	67.97688075355863	61.926146238492414	58.7466293294386	57.16167721660856	56.196247562332225	56.115538764888576
1.87	70.33570532029562	72.7058930399582	67.08528383146856	61.14703509065799	58.03182773997237	56.484931158560904	55.543144265465386	55.464389567300515
1.88	69.4087132147404	71.69666182840406	66.17992201015453	60.35671933463116	57.30826510580765	55.79970216039221	54.881396496385456	54.804764875868784
1.89	68.46068090902462	70.66684795987643	65.25859699442546	59.554600300129366	56.574773894958675	55.10481972501236	54.21068752116627	54.13637807494277
1.9	67.49641275925005	69.62144806901838	64.32698343496747	58.74536720945083	55.83493711147406	54.40357816277123	53.53388617418705	53.462158255410074
1.91	66.51202424170324	68.55657573132379	63.3812379359656	57.926023957670566	55.0883587926379	53.69606043425314	52.85182584353699	52.78296606660287
1.92	65.50459033735207	67.4687283754212	62.418423785740714	57.093385325300616	54.329932328215435	52.977333036370865	52.159309596435634	52.09305251219961
1.93	64.47380687138492	66.35813719191174	61.43901236616908	56.24787134051663	53.5607502204227	52.24869554834922	51.458188287006976	51.3944574823727
1.94	63.41805446131366	65.22312973832597	60.441374625889864	55.38806872532725	52.77879016650896	51.5076820227203	50.745242360356116	50.684045303244204
1.95	62.33393949770914	64.0600543192844	59.42337924619602	54.51426402687884	51.98552787634986	50.755926213368795	50.02226981308946	49.96361519866848
1.96	61.21682544800338	62.86467661114271	58.38093836614664	53.62019703802643	51.17427938833099	49.987445528660004	49.284123560878214	49.22822347716808
1.97	60.06202777182936	61.631788902573454	57.3106450316059	52.7065240801941	50.34681776339357	49.203642375384185	48.53174876814051	48.478880923502444
1.98	58.86862174304824	60.362570590785765	56.214365335885695	51.7742560652758	49.5037368364374	48.40484977187432	47.76576070450195	47.716471807761096
1.99	57.6360542075926	59.0559882867266	55.09523845708578	50.82722739943822	48.64857996254049	47.59623747851989	46.99173478929946	46.94621438211384
2.0	56.3854414955659	57.73829555702336	53.979644503506286	49.89187079572002	47.80813690089082	46.802489069410505	46.234010108363904	46.192316503358455
2.01	55.17971545127815	56.48172333288876	52.940522598334226	49.03523937960668	47.044842152482396	46.085078375103684	45.55213834718589	45.51395948114389
2.02	54.188378894480934	55.47591693133665	52.15930492758694	48.42230013908108	46.51393625770974	45.59237635261921	45.08984828424538	45.054205401911744
2.03	53.75032542355732	55.09168667476126	51.975999152184286	48.356722798841695	46.49620459298345	45.593165526033715	45.10671140727383	45.07248903668404
2.04	53.67649000534834	55.096855772052976	52.1287379048613	48.57452503894692	46.73611773021839	45.83848467617086	45.35921773006518	45.32528289925621
2.05	53.32512944774781	54.799609634503575	52.013879912774364	48.56373203039293	46.767867864949366	45.88643586256696	45.422431137288115	45.389355474420185
2.06	53.21147544844221	54.78365595836356	52.21148471649469	48.86457655719648	47.1029267155997	46.231320433368424	45.77669601447661	45.743866674001275
2.07	54.09071125294919	55.884742495312246	53.520801061676444	50.20557697083533	48.42593205594277	47.53081793375199	47.06129147612665	47.026459872585775
2.08	57.06040860359347	59.28204017128638	56.990310762114675	53.489323263895116	51.56220334740852	50.56636379918494	50.03047300314601	49.98909908996732
2.09	59.72966892720043	62.27725231530859	59.90990542536061	56.16966879525887	54.090301293868386	53.002877530698235	52.40777647352416	52.36062727916255
2.1	61.61926192270057	64.39720034786215	61.969093924313505	58.05397815864836	55.86746366159301	54.71522576530416	54.07993668505129	54.02875883988593
2.11	63.11259184713809	66.07309584382519	63.59406097536736	59.53714259659916	57.26570602216499	56.06446864036214	55.39832130237657	55.3440247301262
2.12	64.33625665191758	67.44688350696515	64.92410931197959	60.74936532659887	58.408960191516236	57.16962017068503	56.47841764071718	56.42149364860431
2.13	65.34838695693254	68.58267145319685	66.02389924332104	61.75103561832338	59.354189697277945	58.08565547590178	57.37415921313545	57.315129577069015
2.14	66.18323421909577	69.52281198197602	66.93535142625946	62.58098720875009	60.138541884023006	58.84853805623818	58.12069149449529	58.05992227543756
2.15	66.86311991601586	70.28934346455263	67.68105614331193	63.26146275439645	60.78212382132472	59.47727003719599	58.73642566989881	58.67441008329145
2.16	67.39876423725009	70.89581950565459	68.27567269319209	63.808737586504236	61.301596001000526	59.98824925815571	59.238006361246995	59.17478955793263
2.17	67.7958644338726	71.34885578902767	68.72849231460344	64.23031503315485	61.70423508568401	60.38850209468456	59.63186810055895	59.567886701348506
2.18	68.05575610013052	71.6503403671855	69.04355861013605	64.53198123966071	61.99661478459915	60.68419575207841	59.92451057319067	59.8598855877932
2.19	68.17118511637644	71.7943260325866	69.21752772053776	64.71383887140122	62.18038199059968	60.87689197724857	60.1177340597065	60.0531313558572
2.2	68.1403506908039	71.77974366620545	69.25742905321398	64.78519960432816	62.26564262578562	60.977750617142085	60.222705130609896	60.1582851230566
2.21	67.96969240582595	71.61714132040045	69.1808652144081	64.7697925728857	62.277191442753626	61.01181036401497	60.26467208440259	60.20077763002328
2.22	67.72391719680984	71.38238372273456	69.07725356235744	64.75722859556568	62.3031300487632	61.06457873847076	60.327624856270454	60.26444574542828
2.23	67.60784110198307	71.31001275000555	69.19317353428515	64.98588280278297	62.571845013830085	61.357820373029284	60.62852770346086	60.56582090308129
2.24	68.16834455833659	72.01386656843248	70.13407504926222	66.01521076914312	63.612162044054784	62.401608353037595	61.66409178236469	61.600432304835756
2.25	70.41997548975358	74.60023460764148	72.88251575354104	68.6825422939186	66.18299491222523	64.91183867704731	64.12320347199487	64.0548009920433
2.26	72.69163924623605	77.15958211629702	75.4284052527081	71.04521267013457	68.41779123194169	67.07593595630938	66.2324965986221	66.15908589773422
2.27	74.48204139551116	79.17127034919646	77.40768252836016	72.8668020430532	70.1361199950229	68.73910932955769	67.85203589663902	67.77468177334013
2.28	76.01449508493808	80.89029040204915	79.08454875636062	74.40032233862361	71.57967743229469	70.13493205986876	69.21076981236723	69.1300898536717
2.29	77.36986146447288	82.4089442800313	80.55579817257555	75.73859678086738	72.83550927310688	71.3493783451675	70.39189400436888	70.30815290495097
2.3	78.5808032774128	83.76331499430701	81.86076377207522	76.91863088376799	73.94710633290751	72.42328316420696	71.43636219276313	71.35005761721682
2.31	79.67626957903649	84.98736001857736	83.03285625065739	77.97562995236314	74.93955017546753	73.38165463556476	72.36755690087007	72.27873012565469
2.32	80.66520627499317	86.09115167931326	84.08380897916042	78.91732523059059	75.8240359237306	74.23473025480604	73.19661164310395	73.10558873435693
2.33	81.5597112587615	87.08864564566422	85.02887501560393	79.76113001747396	76.61645407401556	74.9990146234432	73.93899063339545	73.84595162430085
2.34	82.35871869387874	87.9781805687157	85.8674802731121	80.50745721916965	77.31770080062002	75.67540777766392	74.59620419673838	74.5014017934395
2.35	83.06898245294275	88.76818896506518	86.60881885473509	81.16474030926771	77.93638584155936	76.27216022087981	75.17560858490369	75.07923428091992
2.36	83.68646837194875	89.45376957937229	87.250395334864	81.73215121773524	78.47207109508985	76.78930880859394	75.67759307439658	75.57987089863151
2.37	84.2049142754441	90.02925777148903	87.78741919387318	82.20716132298213	78.92324699103581	77.2259860178481	76.10246137744207	76.00354443918191
2.38	84.61236617986803	90.48101396635523	88.21248817491647	82.58607313417122	79.28720901049718	77.57981242524895	76.44674086500096	76.3470962207396
2.39	84.89741244854729	90.79708244017331	88.51777618580833	82.86475750286114	79.56243506900584	77.84980299198732	76.71159950589926	76.61146466504229
2.4	85.05042567320457	90.96950714791997	88.70670708609576	83.05369405699192	79.75799187906169	78.04647847588397	76.90686664207966	76.80656940277304
2.41	85.08204212268885	91.01396254750784	88.80999674503379	83.19080141120902	79.92005216327439	78.21606222238876	77.07908431334594	76.97899059905279
2.42	85.10275644532909	91.0608837437657	88.98010949853807	83.43121301110868	80.19477704412338	78.50127977060889	77.36839084588514	77.26847927762255
2.43	85.48141247161632	91.53206558456513	89.64880923280576	84.18018960184762	80.96752507698096	79.27419326507759	78.13707683933397	78.03690324737997
2.44	87.02930458905702	93.3254732039699	91.60475509888792	86.08830560678314	82.816291112982	81.0758082077033	79.90203709744003	79.79831285633233
2.45	88.71703205530241	95.2440122259015	93.52736839827273	87.86053748470712	84.4943612445638	82.69213909240771	81.47434010853996	81.36662428792765
2.46	90.17830764939642	96.89749222621312	95.15289528158998	89.33655913651091	85.88594104249384	84.02887913686386	82.77146824757973	82.66023744418231
2.47	91.51081629957322	98.40186569241376	96.61181167585099	90.6469975921671	87.11750436446177	85.20952796136476	83.9162191987305	83.80176991890163
2.48	92.75887688786113	99.8078054698767	97.96028735462853	91.84607785082662	88.24141812594704	86.28482308817652	84.95722722615655	84.83972557373957
2.49	93.93453372637742	101.12990048291337	99.21677453735683	92.95528518472818	89.2781551116564	87.27491672704241	85.91476313191725	85.79435173073243
2.5	95.05351297882679	102.38636128420569	100.40128583970989	93.99246781763725	90.24553098245062	88.1970255936066	86.80538262953232	86.68217324829429
2.51	96.12107487711029	103.58340225178087	101.51822531397151	94.96299992031383	91.14861853163092	89.05680506722756	87.63495212381025	87.50902339260507
2.52	97.14759184683011	104.73319439053685	102.58272432526712	95.8812842384263	92.00124424090666	89.86700562929107	88.41587365135901	88.28738983648135
2.53	98.1343774613575	105.83675773610719	103.59599274565313	96.74881160821384	92.8046559181875	90.62917832495688	89.14937550567224	89.01844540116019
2.54	99.08674208086154	106.90069153837939	104.565261989676	97.5718554499058	93.5657654335913	91.34993066308571	89.84241301644344	89.7092605585292
2.55	100.00606302185948	107.9261585025537	105.4924214341783	98.35356193610345	94.28702778792982	92.03168529882596	90.49746652686612	90.36234739482572
2.56	100.89637991908299	108.91805395693831	106.38032046488566	99.09679583500672	94.97096947516195	92.67706630589845	91.11696870485495	90.98019746555258
2.57	101.75953536556051	109.87847951369946	107.23381546007235	99.80550987797339	95.62211291037593	93.28992820188957	91.70559074452758	91.56692307080877
2.58	102.59650999789937	110.80810378456074	108.05364366229102	100.48236749346044	96.24164870362043	93.87268952106508	92.26486205321488	92.12482106333692
2.59	103.41061812101502	111.711731107344	108.84238370026326	101.12801701812377	96.83057355306815	94.42490635117349	92.7952131173038	92.65341053095374
2.6	104.201757916592	112.58791416531659	109.60140727855133	101.7452893721278	97.39084613351838	94.94910739539573	93.29822779141905	93.15478581744922
2.61	104.97062936983887	113.4388544317885	110.33126881459135	102.33587167205297	97.92540574474177	95.44833322413575	93.7772835098682	93.63221865311436
2.62	105.71651027900909	114.26234218076591	111.03115670431328	102.89801021303244	98.4316284146869	95.91985874490723	94.2299300823911	94.08329289884377
2.63	106.44558487662262	115.06612840009335	111.7078661249569	103.43800544589342	98.91631611540336	96.36990237665101	94.66174029538544	94.51365210525763
2.64	107.15206083665102	115.84380711089293	112.35608106030274	103.94975921110819	99.37364511069353	96.79350867461756	95.06829119205796	94.91866778641074
2.65	107.84342468317938	116.60343823192888	112.98343389341622	104.44360399229174	99.81232372655079	97.1987592849432	95.45710377293041	95.30595418344437
2.66	108.51126254234339	117.33558676590621	113.58082493830861	104.90848785687278	100.22352632321169	97.57767869740739	95.82186158750696	95.6692689272328
2.67	109.16334459718954	118.04909401021794	114.15772385148593	105.35344932248528	100.6151791381681	97.93820045064864	96.16564461640849	96.01168941423335
2.68	109.79540317419523	118.7387875706169	114.70787220574631	105.77459132111174	100.98373738569073	98.27696845834386	96.48922845827127	96.33392757296988
2.69	110.41025808072007	119.40850789748983	115.23537335659135	106.17448239394835	101.33177302789176	98.5965426295888	96.79400094456943	96.63733298060122
2.7	111.00295896597846	120.05209707453419	115.73687781695159	106.55074649384363	101.65769421405184	98.89467184476118	97.07788900926718	96.91998404877295
2.71	111.575056263502	120.67175492733038	116.2127268417875	106.90418695574552	101.96163775789512	99.17285061069893	97.34235804583412	97.18332800066469
2.72	112.12188429241623	121.26210739450588	116.66023798078828	107.23372905337197	102.24296258072587	99.42968235907716	97.58621690222964	97.42605623815194
2.73	112.64338368753721	121.8242404731182	117.08181949452819	107.54173888686752	102.50554902445647	99.6696474376688	97.81358159165949	97.65236690851864
2.74	113.14637217076454	122.36503098368719	117.48914100609275	107.84201875888637	102.76191729789147	99.90435138416237	98.03602362379158	97.87382193329307
2.75	113.65944878070599	122.9208948100593	117.9207480823404	108.17027056094386	103.04488530081416	100.16604561435575	98.28563702705551	98.12232296643522
2.76	114.25473909901592	123.57149274524777	118.4374149822931	108.56876645132004	103.39076712351056	100.4864553446282	98.59053703308685	98.4260368233991
2.77	114.85182947081543	124.22025191201817	118.93475607500473	108.94093630452839	103.70787980234861	100.77819939247595	98.8667344553153	98.70082444604805
2.78	115.42970101985752	124.84541550173489	119.40373500215318	109.28506889544268	103.99760223289917	101.04335573792231	99.11691498859625	98.94968111586282
2.79	116.0002252588328	125.46038009581915	119.85668276386558	109.6123787155182	104.26981913581581	101.29207437685803	99.35069540400495	99.18227561828829
2.8	116.55491693810595	126.0567531034174	120.28746827354027	109.91976875093486	104.52309168620205	101.52270089142807	99.56693012561513	99.39730603496237
2.81	117.09769487279456	126.63704380312886	120.69996298404679	110.20896482243741	104.75834148502112	101.73620666984516	99.7662945362075	99.59550821639117
2.82	117.62947318939595	127.20483076060982	121.09571060574672	110.48349473330813	104.97928254126656	101.93616173663207	99.95222381096033	99.78032865613353
2.83	118.15082044210025	127.75934076750951	121.47636792604833	110.74239899954355	105.1863004360326	102.12266026553765	100.12545999360637	99.95235030622752
2.84	118.66323728752238	128.30258359052698	121.8431238667419	110.98797035384945	105.37911892676446	102.29494730473618	100.2841457335669	100.10993211112803
2.85	119.16361761802175	128.8309820339132	122.19281493145432	111.21744590072616	105.55793972258597	102.45349821431475	100.42992993929171	100.25474923528785
2.86	119.65460803688008	129.34740810870562	122.52956795158687	111.43411650320056	105.72494803685551	102.60028907630462	100.56367840130699	100.38743417818982
2.87	120.13810890701862	129.85415742553693	122.85386155584898	111.63932465548487	105.88087613712182	102.73636099433126	100.68726900837449	100.50999923320136
2.88	120.61032358735731	130.34708658816638	123.16249883252641	111.8300796061236	106.02476680665048	102.86026853813462	100.79871851431845	100.62045198111834
2.89	121.07550990220454	130.83115789467868	123.45976690083936	112.00959005393959	106.15737104778334	102.9733290992906	100.8996507998447	100.7204020390334
2.9	121.53221117754994	131.30408201640859	123.74368111031308	112.1762357806495	106.27769049246206	103.07421668022178	100.9890630746977	100.80885812793866
2.91	121.97924894487473	131.76530485026322	124.01520945630965	112.3322409366559	106.38882294065068	103.16612688916348	101.06904411155011	100.8878641582162
2.92	122.41991656511536	132.2173940931845	124.27544340794206	112.4769485727817	106.4891416508689	103.24696158738541	101.13832930089717	100.9562003985195
2.93	122.85173983141426	132.65857700211922	124.52297558410866	112.60953071369725	106.5782375883696	103.31800016292027	101.19797629343628	101.01489789854503
2.94	123.27715149747172	133.0912974933037	124.75974866892496	112.7336759464431	106.65928285748171	103.37993183873357	101.24835860970553	101.0643138222716
2.95	123.69138840201995	133.51015521144805	124.98193022206073	112.84323667447246	106.7274536185976	103.43038097925107	101.28807726905058	101.10309650372012
2.96	124.10056261699027	133.92099043755934	125.19444601738384	112.94523543928527	106.788484015774	103.47297837700374	101.31912734299462	101.13318970665034
2.97	124.500369842179	134.32195841790085	125.39486969010466	113.0361210752917	106.83965960467734	103.50643379417589	101.34163740356495	101.15470883529105
2.98	124.8940605957139	134.71413151293154	125.58459788272293	113.11741130258429	106.88106793136473	103.53006730232178	101.35419018350635	101.1662930059428
2.99	125.28117258562635	135.09615495228593	125.76319698163253	113.18701711174202	106.912085839311	103.54401043049518	101.35710674340196	101.16805601025133
3.0	125.66017396345941	135.469044809383	125.9312117571526	113.24855685359151	106.93627882307025	103.55038756013893	101.35182322049633	101.16191485058314
3.01	126.03306690436973	135.8331044551086	126.08866909085664	113.30028188474343	106.95100874369587	103.54878198670711	101.33896798099948	101.14822744412305
3.02	126.39895542446537	136.18804131949685	126.23599261561641	113.34312243034978	106.95725869443869	103.53750891143292	101.31659020113437	101.1252854322834
3.03	126.75866756696216	136.53451203413724	126.37295004701303	113.3769645370946	106.95634853171155	103.51946073196338	101.28756966094734	101.09581886468617
3.04	127.10948347790577	136.87036312751917	126.49700238071944	113.3995046192644	106.94437848899823	103.49107368405902	101.24838806224007	101.05624773428515
3.05	127.45461775458566	137.19716719394592	126.61250239302564	113.41380166628801	106.9256167813671	103.45583538286569	101.20315875451853	101.01098508899994
3.06	127.79492898414951	137.51754737728612	126.71949210610885	113.42004853188553	106.89870344317121	103.41223120326079	101.15066278240316	100.9592519460908
3.07	128.1256943432352	137.8257269024464	126.81340106416101	113.41671594151987	106.86312656356385	103.36006830719647	101.09127682148211	100.90143091206656
3.08	128.4513166155126	138.12698543321847	126.89890887538495	113.4049357277897	106.82175300367344	103.30227795384296	101.02933152432007	100.8411387988187
3.09	128.77154341800218	138.42069711900376	126.97568069891125	113.38610019085881	106.77276381427207	103.23651080653293	100.96216802722489	100.77529393108468
3.1	129.08530783659	138.705711592851	127.04228029550872	113.35784059590713	106.71565047100529	103.16243262466048	100.8888992588765	100.7032084111571
3.11	129.391672983744	138.98032333682414	127.098017438193	113.32021931849675	106.64989618157765	103.079497394916	100.80974373649633	100.62511424793261
3.12	129.69388130912884	139.24931329383278	127.14625061083528	113.27644184653148	106.57924854528183	102.99123597228214	100.72678868744853	100.54304256180365
3.13	129.98740533897197	139.5069066000779	127.18252394300539	113.22235948690303	106.49932767000548	102.89462014704264	100.63848847032375	100.45565591278675
3.14	130.27900603097768	139.76105438509498	127.21337943733548	113.16424871699563	106.41437754869338	102.79236638178755	100.54598190072508	100.36393905999758
3.15	130.5592546026164	140.00088151908037	127.22955566210254	113.09498180565205	106.31949816722813	102.68130977912709	100.44620679433204	100.26490449320539
3.16	130.83532552891398	140.23301203713135	127.23751418910331	113.0194637236953	106.21767122550965	102.56314622215655	100.3393387753554	100.1586652309531
3.17	131.10658277319394	140.46041655149241	127.23851407886559	112.93918573682753	106.11243418623258	102.44251619486265	100.23274358492972	100.05263391333968
3.18	131.37378016766485	140.68076014297213	127.2324241019664	112.85299047623924	105.99962578437378	102.31733233937045	100.12017840321948	99.94050875028375
3.19	131.6302754398874	140.88701026212334	127.21293650786274	112.75606052371013	105.8777455734908	102.18506656794864	99.99914993878994	99.81991927306139
3.2	131.88229661757094	141.08741488212397	127.18595610780793	112.65446973352138	105.75027815515557	102.0509752094923	99.87458389363819	99.69572118786823
3.21	132.1306226643535	141.28166545106876	127.15300491465035	112.54704695289065	105.61745239427161	101.91386919476899	99.74638450821595	99.56803769918264
3.22	132.37223388622448	141.46638619675105	127.10981936522472	112.43232942865755	105.47737153297179	101.7717719148617	99.61232679309053	99.43470149835214
3.23	132.60654949152905	141.64120029450584	127.05604921544284	112.31013373160417	105.3296358846135	101.62428682170214	99.47261452310626	99.29677294964253
3.24	132.83684175447425	141.81130181061394	126.99637776699646	112.18263661260171	105.17610294035116	101.47336415273143	99.33020069173784	99.15678652536737
3.25	133.06021729471544	141.97080141327308	126.92733739404285	112.04854054264538	105.01635930707587	101.31901409488293	99.18584259742526	99.01478023763806
3.26	133.2790028166139	142.12353403727448	126.85208614620228	111.90929083235861	104.85078663399585	101.16034767869445	99.0391350397327	98.87017018051853
3.27	133.49101870231024	142.26756153616205	126.76848651135883	111.7617114227834	104.67712652150361	100.99583104306068	98.88902365797013	98.72199217453993
3.28	133.6965742680266	142.4021770296306	126.67706392797375	111.60796984078887	104.4970272197483	100.827518738632	98.73500980966101	98.56979542550071
3.29	133.8972947274012	142.5306685779273	126.58053615988894	111.44935146080769	104.31155398613576	100.65569449398338	98.57985414320761	98.41633986139337
3.3	134.0919314612854	142.6498678989704	126.47538969587526	111.28501186584809	104.12069665541127	100.47942733364724	98.42171289988447	98.2598211214485
3.31	134.2813136641765	142.76164779058314	126.36485497899147	111.11310197863554	103.92285425180337	100.29743278590024	98.25930462847789	98.0989368071228
3.32	134.46393809821822	142.86365652017906	126.2453300434203	110.93509442722836	103.7185676109866	100.11066821357392	98.09321671586918	97.93435672197037
3.33	134.64103468175693	142.95889696361982	126.12020190774126	110.75207272849858	103.51007053947599	99.92026311742723	97.925256337762	97.76780351565208
3.34	134.80929465469777	143.04216493088137	125.98491788776201	110.5607232833969	103.29579690752506	99.72549359244029	97.75311725159658	97.59699879304448
3.35	134.97350955993682	143.1187031163309	125.84378838277492	110.36462996118975	103.07976864153143	99.52884579225116	97.57850426179728	97.42364603031552
3.36	135.12960089328033	143.18455081544354	125.6944982958135	110.16157892040171	102.85967400869684	99.32906516053757	97.39930467471336	97.2456418650248
3.37	135.27994722535075	143.24297346513944	125.53798131853205	109.95246165266556	102.63734433798791	99.12838433425415	97.21791383876202	97.06536873446233
3.38	135.4247628498238	143.29344398965574	125.37566135127474	109.7384401109051	102.41082911363704	98.92455084374132	97.03266274426262	96.88116537092647
3.39	135.560275170929	143.33044901743352	125.20244790709842	109.51589100260576	102.1799899074913	98.71708223747444	96.8423182119217	96.69182658664263
3.4	135.68994882742942	143.36129266841706	125.02421466621438	109.28902442625477	101.94673973919825	98.50842938725916	96.65002784528465	96.50068859740566
3.41	135.81239737380398	143.37984759155205	124.8361244836775	109.05527453707384	101.70901137066464	98.29656870667037	96.45403208530114	96.30618345701043
3.42	135.927919368091	143.3907780062689	124.64121624636854	108.81476669602517	101.46667793945163	98.08072673477024	96.25479668748993	96.10900919911346
3.43	136.03253788802343	143.38655129839265	124.43489815820061	108.56572004006514	101.21852484827264	97.86069244542163	96.050997019913	95.90757189544898
3.44	136.12838914358392	143.3717165189321	124.22040404962087	108.30993090111784	100.9662817587569	97.63742189095643	95.84438777800226	95.70346348994973
3.45	136.21262976509485	143.34143926779623	123.99392165854076	108.04715371004401	100.7084525224302	97.41012895724724	95.63539107018102	95.49671119614074
3.46	136.28380536813734	143.29535105212508	123.75515250704063	107.7704897991266	100.44001418482338	97.17386110186158	95.41964047946769	95.28307165530524
3.47	136.34376043347223	143.23474060088355	123.50600286851542	107.488295076497	100.16768869491342	96.9351239770607	95.20191859980035	95.06741976146573
3.48	136.38209845272917	143.147898366006	123.23776862143487	107.19162107803879	99.88411575544758	96.68708501355685	94.97627022068379	94.84383034251834
3.49	136.39733567305015	143.03429673220396	122.95091060812595	106.88171304819448	99.59043896639095	96.43021345937237	94.74317254792388	94.61271347341798
3.5	136.38431861368818	142.8886055636009	122.64494878043605	106.56011687015764	99.28915857061749	96.16787963962467	94.50577499928436	94.37716275054116
3.51	136.33745846842154	142.70904126831738	122.32481070173546	106.23347412793335	98.98798897591907	95.90516195955306	94.26932057542953	94.14258552060646
3.52	136.26974028568193	142.51673965595154	122.01815085997865	105.92679604766994	98.71095190655527	95.66400089128408	94.05483792392789	93.92990371205502
3.53	136.27338063531536	142.42471256780894	121.8242249979621	105.71818947150663	98.52639535485217	95.50835216617953	93.92169727364208	93.79804235537863
3.54	136.42573410284203	142.49883144145767	121.74198306783718	105.5836860694437	98.4046568581988	95.4098644689406	93.84119564306117	93.71869688344171
3.55	136.5731347307456	142.5551621984107	121.62498183151263	105.41264371612222	98.2508783702867	95.28048807925262	93.73006940981969	93.60866258353768
3.56	136.7141165077044	142.597394591416	121.49112621033342	105.22550583842492	98.08685122004252	95.14197015584486	93.60882188641105	93.4885428834138
3.57	136.84963436272517	142.6319035714504	121.34497123280237	105.02462841815519	97.91258721630213	94.99349504141084	93.4775416401085	93.35831541670984
3.58	136.97990948930226	142.65542095489855	121.18738213272152	104.81398833322203	97.73227907937418	94.83974219916104	93.34012788745068	93.22201628486573
3.59	137.10501580353974	142.67155132694032	121.02115781829019	104.59302499793922	97.54534069601891	94.6809786035735	93.19735047053997	93.08058192469868
3.6	137.2266723113669	142.68057691488812	120.84762637140268	104.36579172643623	97.35556589394851	94.51884690859049	93.05122935656942	92.93520644069788
3.61	137.34128250215335	142.68000847480687	120.66505356418679	104.12974096689199	97.16048672374998	94.35267192689632	92.90021322217966	92.78516640843985
3.62	137.45039773723738	142.67016654790393	120.47375678765663	103.88604396232454	96.96119127318637	94.18298844094399	92.74496257880284	92.63094616284395
3.63	137.5564041540048	142.65475857013325	120.27727950384262	103.63831083747176	96.7589124109784	94.01122263661549	92.5878153716474	92.4747819157401
3.64	137.65830810623163	142.63303562632632	120.07504597216523	103.38552805850357	96.55501733614659	93.83783777014952	92.42852644729474	92.31644975150319
3.65	137.75185926708343	142.60067340066965	119.86314914796532	103.12585629237151	96.34526520289502	93.65983881833029	92.26422076635164	92.15325032832855
3.66	137.84409106303977	142.56328329880802	119.64744882932595	102.86612988255163	96.13456346856306	93.48187564493907	92.09927920431825	91.9890649492043
3.67	137.9317787346964	142.5194961771742	119.42582229569132	102.60446160829846	95.92028168219817	93.30073808278489	91.93179530327345	91.82246949287993
3.68	138.01175987085728	142.4652138323974	119.19553863930385	102.33833701543168	95.70228731889429	93.11675867797959	91.76049179951617	91.65201712577199
3.69	138.08996458371564	142.40837952135902	118.9629360030654	102.07217031220533	95.48381337596877	92.93256713696819	91.58872863441151	91.48120932141326
3.7	138.16194362847594	142.341050818321	118.72213318274214	101.80210753977262	95.26169165839757	92.7442370360489	91.41243198142884	91.30569779631018
3.71	138.2267762896721	142.2648507134222	118.47357224263568	101.5284091610348	95.03906184257113	92.5548738662043	91.23554048336037	91.12965546707221
3.72	138.2895118728185	142.18311543006567	118.22226272846545	101.25357228119276	94.81752773831343	92.36460217748979	91.05677275496619	90.95182532876295
3.73	138.34727026507736	142.096546742356	117.9656855180933	100.97693311532511	94.59541295351708	92.17322084231947	90.87683490827794	90.77259614559101
3.74	138.40036182682843	142.00306605423745	117.70364632085781	100.69769738001472	94.37196117505655	91.97844183431513	90.69314932207065	90.58980680741247
3.75	138.4486393471792	141.90012423374574	117.43460644787353	100.41354315340534	94.14763808771859	91.7827065996005	90.50865062371845	90.40600041431696
3.76	138.489756266503	141.79025264964653	117.15966318838748	100.1269477197895	93.92248026853714	91.58532728991572	90.32236420615729	90.22074501426098
3.77	138.52861932278566	141.67406569074134	116.88100013807262	99.83887829008445	93.69737130213029	91.387411087619	90.13566029621538	90.03485147360549
3.78	138.56007274156505	141.5489545994341	116.59514294268095	99.5458991833853	93.47066499490819	91.18639351561738	89.94527314503006	89.84529760640432
3.79	138.5862339525132	141.41576074605692	116.30317885216009	99.25018785365573	93.24252944860608	90.98415541915749	89.75374449985532	89.6546564610831
3.8	138.6064497747398	141.27476463201535	116.00490144422852	98.95015023380346	93.0123365080023	90.77861077443121	89.55872491140654	89.46036622808157
3.81	138.62156324610214	141.12706269695366	115.7027656899534	98.6484638113518	92.78227249603242	90.57310790834335	89.3641294127755	89.26659403575299
3.82	138.6303615438159	140.9703820919637	115.39431462096348	98.3444470559784	92.54997706535751	90.36464807899814	89.1662742437509	89.0695038440375
3.83	138.6318895442219	140.8043917517291	115.08035199758505	98.04036947090093	92.31683440594118	90.1548043790126	88.9670297336184	88.87095749076259
3.84	138.62743961777878	140.63041480702353	114.76230977928277	97.73618149670624	92.08259655072433	89.94341097220456	88.76587631957176	88.67054874753165
3.85	138.61317473470208	140.444138276117	114.43611681090616	97.4296170569045	91.84522196002327	89.72836328235279	88.56147902065919	88.46690609314454
3.86	138.5924199779017	140.2490360758309	114.10548463456921	97.12259204167975	91.60653731020248	89.5121894169606	88.35550758196207	88.26165441159664
3.87	138.5614412338732	140.0431650333992	113.76982415939727	96.81528600944212	91.36812475902427	89.29553406813628	88.14907564569131	88.05592726772703
3.88	138.5232879853516	139.82989010242892	113.43235541500364	96.51066483560618	91.13146469728379	89.0805308150333	87.94377295155185	87.85153732135825
3.89	138.4911079381079	139.62420581842144	113.10303748030397	96.21487305180104	90.90138924513505	88.87071543420561	87.74291768182582	87.65116292604337
3.9	138.4661942744571	139.42210276269373	112.776915047344	95.92259366858507	90.67441559043927	88.66397307170956	87.54518495922852	87.45405582140677
3.91	138.4287657581918	139.20653476123564	112.4381821953279	95.62305281638778	90.44040684502316	88.44946715212677	87.33973010614129	87.24943948965827
3.92	138.3824834138759	138.97728994230457	112.09105592411105	95.31932557912077	90.20253959696349	88.23189233624845	87.1308037483506	87.04098034001734
3.93	138.32293975582584	138.73374588562652	111.73506239306163	95.01093837966292	89.96083787176619	88.01021855299807	86.91829339396627	86.82913737356579
3.94	138.25643870293447	138.4798475280591	111.37304818686326	94.70037118040787	89.71696915565434	87.7858815908701	86.7028700244262	86.61431565173278
3.95	138.1734113842622	138.2065430012679	110.99767832892775	94.3824788019973	89.4667655228424	87.55556288148384	86.4814479057827	86.39360117040347
3.96	138.07166107109362	137.91208638721076	110.6099533659257	94.05732979802094	89.21066566824605	87.32028392725465	86.25535845033666	86.1682309421694
3.97	137.94883578112402	137.5938885624536	110.20850103359379	93.72484711675598	88.94851920238759	87.07797133109072	86.02259197578876	85.93613493003835
3.98	137.79461800534497	137.24277632853622	109.7893157074185	93.38289097800671	88.67899327448116	86.82950577277326	85.78381935105237	85.69799162755646
3.99	137.60093996979603	136.85361311258757	109.35430579813219	93.0347737986479	88.40540035752377	86.57726921837127	85.54128754680833	85.45627148850751
4.0	137.37707145784458	136.4444425992164	108.92524959478226	92.70019770206416	88.14507067204308	86.33769594847384	85.31082090228008	85.22647642186806
4.01	137.16695676196014	136.0815750102271	108.5635928237499	92.42819806124815	87.93817071687398	86.1472712664139	85.1277944621503	85.04400862641614
4.02	137.14617713126282	135.94898056666617	108.38097496220864	92.29284641699921	87.84865225546591	86.0659696206566	85.04828977050771	84.96464410042891
4.03	137.19176163588017	135.86349490601043	108.19706424933638	92.14610552828626	87.74393496578313	85.9691339733067	84.95295235001134	84.86930041406168
4.04	137.22867487053747	135.75567030834617	107.98479856269088	91.97833050907093	87.61924599549147	85.85297292360748	84.83943531865188	84.75592040824036
4.05	137.26116942966271	135.63641865063875	107.75834755794017	91.80030955505349	87.4840304277686	85.72629859426354	84.71521513149757	84.6318506527019
4.06	137.28940681488672	135.5073452690726	107.521175656405	91.6161418992208	87.34220748176837	85.59379613783533	84.58574752704018	84.50261764124281
4.07	137.31259916057473	135.36942415362242	107.27496949851133	91.42660597371588	87.19333115490839	85.45390248706424	84.44871658395742	84.36569899415805
4.08	137.33194363681844	135.22250398639244	107.01986734339984	91.23277526675058	87.03992351635799	85.3091524619087	84.30691288558863	84.2240674576741
4.09	137.3486368245395	135.07053611659504	106.76027312044388	91.03764754160393	86.88452795693229	85.16301510393633	84.16353567727253	84.08121302199791
4.1	137.3592863113734	134.90895388373468	106.49231746610381	90.83870042687144	86.724376122859	85.01151871301772	84.0156573401701	83.93332861681311
4.11	137.36646126785257	134.74149927317794	106.21960451998763	90.63799296466597	86.56278567968427	84.85835844678111	83.86559805024815	83.78347006389838
4.12	137.37102981128263	134.56789794768045	105.94244676030807	90.43631402449792	86.39780305856745	84.70155185138313	83.71186435205699	83.63004168585859
4.13	137.37164810047466	134.38850406513467	105.65951508265421	90.23212536413263	86.23092414201659	84.54347746031634	83.55711829755602	83.47541798035918
4.14	137.36906862282038	134.2028563212854	105.37214574284464	90.02768124868054	86.06212822571891	84.38346575204386	83.39994460168927	83.31852346722636
4.15	137.36434319961018	134.01413350880864	105.0820453509753	89.82271503988508	85.8921097925185	84.2215850894871	83.24125263577719	83.16006571441902
4.16	137.35519788220242	133.8172989067924	104.7854548912453	89.6164439081451	85.7203674083223	84.05788712969117	83.0807751293591	82.99982195482508
4.17	137.33916407390666	133.6136148610603	104.48343266183161	89.40686338198428	85.54495840773762	83.89053808434157	82.91678705103156	82.83607391852469
4.18	137.32336435729815	133.40850269586443	104.18024153942817	89.19923820173202	85.37068302073325	83.72413761967081	82.75344069596956	82.67296124528409
4.19	137.30305234631405	133.1976539925705	103.87226389375336	88.99014728891163	85.19418005300525	83.55551123583153	82.58776594774908	82.50760743700958
4.2	137.27988820067878	132.98171649639792	103.56051312130302	88.7807861284601	85.01716627558245	83.38645655239665	82.42209571338519	82.34212436959939
4.21	137.2532453144216	132.76052535494017	103.24456927522712	88.57087910030747	84.83846134626873	83.21400496920222	82.25270312914027	82.17298327329466
4.22	137.22354505499715	132.53485211161833	102.92449487380027	88.35952286848604	84.65795997612888	83.04179111535788	82.08347790208767	82.00402682801027
4.23	137.1931752243924	132.30763814408812	102.60315260159058	88.15040876869172	84.47876179016927	82.86985541287729	81.91467020193643	81.83535234201851
4.24	137.15465461754064	132.07070010022886	102.27450499063212	87.93846744407196	84.29605139836887	82.69406090636873	81.74203203720415	81.66309110459076
4.25	137.11391695292207	131.830641294878	101.94236368083229	87.724866604493	84.11292272946926	82.51801824542275	81.56920562958369	81.49050386392409
4.26	137.07394144424288	131.58959352667972	101.609333202074	87.51461916553464	83.93083639620886	82.34268828539393	81.396963899761	81.3184935753485
4.27	137.02757481003974	131.33998705621514	101.26952286077268	87.30176364617213	83.74645279220611	82.1652313424181	81.2225071170927	81.14417247954887
4.28	136.97561278223338	131.08424646354004	100.92583717433793	87.08783005538858	83.56035659694136	81.98551546399199	81.04621954130548	80.96831802703538
4.29	136.92570904491464	130.83024326516514	100.58258245065889	86.8762492931199	83.37599632304409	81.80740713824174	80.87100098578331	80.79335919935575
4.3	136.86931779062564	130.56847763184305	100.23406669869115	86.66249037399987	83.18907992259021	81.62743291771723	80.69376242855402	80.61642457341411
4.31	136.81289453048086	130.30344551384073	99.88405807600348	86.45075436247798	83.00304118611514	81.44739014000106	80.51711423419094	80.44002144044259
4.32	136.7500688547682	130.0322391754501	99.53056172001514	86.23627869119636	82.81461165393478	81.26534725455282	80.33833379377353	80.26147061379181
4.33	136.68529422353276	129.75859860090537	99.17816024848166	86.02184515772026	82.62563522861849	81.0824815570813	80.15885935158836	80.08229180430551
4.34	136.61668951920598	129.47957667631658	98.82673904944748	85.80833618543198	82.43664743464063	80.8998007649786	79.97906064940172	79.90276176771879
4.35	136.54570609521235	129.19652197745953	98.47526316629656	85.59459265152775	82.24728969536936	80.71589033199538	79.79826404436464	79.72221727248676
4.36	136.4703741750923	128.90960494067804	98.12492114437896	85.38036099192	82.05670404133583	80.53113842477556	79.61667402304342	79.54088829170779
4.37	136.39696986673474	128.62161688921938	97.77715893196138	85.16847697378772	81.86751895411916	80.34795556776244	79.43662452726768	79.3611324704478
4.38	136.3147837972625	128.32572707370298	97.42662436949037	84.95426282964071	81.67636927318675	80.16269067323282	79.2546813387063	79.17951733575316
4.39	136.23458383064263	128.03078168257517	97.07859824353584	84.74163993332986	81.48519839058955	79.97698929099393	79.0719122997551	78.9969627461702
4.4	136.14858843459183	127.72664040013008	96.72801805565744	84.52841323449026	81.29369884858743	79.79050224717776	78.88837434579776	78.81370100496545
4.41	136.05789754012926	127.41998098584604	96.37806042558037	84.31437389794779	81.10058424939257	79.60347818565018	78.70464915912518	78.63021477001004
4.42	135.96609480224527	127.10853718775212	96.02620824188126	84.10016801468461	80.907521493054	79.41532340988564	78.51963981593363	78.44553939630067
4.43	135.8716006425424	126.79666923422215	95.67701844064578	83.88718686296592	80.71469659383649	79.2279224773406	78.33539860414159	78.2615347301267
4.44	135.77156370991722	126.4781180367081	95.32533251107452	83.67292023594757	80.5206121462487	79.0383654082812	78.14912377482874	78.07550150136778
4.45	135.6715353290771	126.15681583652042	94.97334196726226	83.46057880646923	80.32706502178333	78.85075734331483	77.96441278658588	77.89103303939844
4.46	135.5678236587463	125.83111337708496	94.62060643119358	83.24721953498033	80.13292083846552	78.66174727014872	77.77851912675219	77.70549295326293
4.47	135.46120832835328	125.50263075128228	94.26680376840366	83.03407129248983	79.93864547566876	78.47234851564991	77.59223553849415	77.51944025325963
4.48	135.35247635347153	125.17105744111969	93.91323575080173	82.82148420012146	79.74388741030708	78.28306336649918	77.40621707596225	77.33373852953936
4.49	135.23980579301403	124.83481907479131	93.55959855710381	82.60804763288455	79.548540411227	78.09185567502091	77.21821205280953	77.14595159949228
4.5	135.12463845429724	124.49525082895595	93.20788825455315	82.39535978578313	79.35323548976253	77.90176920057978	77.03103599933175	76.959089494447
4.51	135.00582110380938	124.15214406780689	92.85958003203369	82.18245147399644	79.15741781445435	77.71099379429602	76.84335296727637	76.77177275153231
4.52	134.8852346265684	123.80775760372265	92.51434103527723	81.970261868686	78.96182368100862	77.52015996068668	76.65587022682817	76.58473259607167
4.53	134.7617262200105	123.45955577322299	92.17135017006053	81.75733815436466	78.76541893301133	77.32848311204394	76.46745150673246	76.39672493123872
4.54	134.63622796322014	123.10726355643011	91.8299038368795	81.54517656523392	78.56882028732757	77.1354043453589	76.27801249526307	76.20771683106268
4.55	134.50559742420805	122.75067626520156	91.48978074017634	81.33222728503013	78.37195380284814	76.94471557558137	76.09131507438192	76.021351902926
4.56	134.37248823757122	122.3918447532773	91.15201625762937	81.11968235971503	78.1751240221514	76.75221107171639	75.90249159146629	75.83291685745607
4.57	134.23811162669068	122.03071185967364	90.8155941727525	80.90723970496862	77.97710610588621	76.55915134015693	75.71326063374929	75.64403722394351
4.58	134.10090637985732	121.66814522651651	90.48231921730125	80.69654306497718	77.78143977684472	76.36799381159452	75.52570504489381	75.4568597917363
4.59	133.95875455701392	121.3024662296157	90.14909263273204	80.48335095842549	77.58264709990466	76.17405794034369	75.33630493047468	75.26783455618894
4.6	133.81685268061935	120.93567260088805	89.81788093046488	80.27238718572343	77.38539237413397	75.98102608172063	75.14764694117234	75.07947434191114
4.61	133.67161922351028	120.56701958635938	89.48754937930634	80.06093009477685	77.1879729963634	75.78848168506478	74.95950568259883	74.89175451783574
4.62	133.52309170817756	120.19655264975054	89.15901348858908	79.84948144653578	76.99029534466098	75.59526903065009	74.77063691497062	74.7031853955718
4.63	133.37094662446162	119.82540338546718	88.83112359249301	79.63796535844274	76.79210357958144	75.40163275106042	74.58137682467878	74.51432445876401
4.64	133.2170421088226	119.45048056140884	88.50385401719132	79.42672736892982	76.59361244399567	75.20792186832848	74.39199738544036	74.3253428089172
4.65	133.0618810969072	119.07538338090049	88.17781015363589	79.21640179152226	76.3962221379988	75.01557032608511	74.20399708701521	74.13774144988972
4.66	132.9019200747669	118.69666765181317	87.85187970003201	79.00539924634708	76.19766485915129	74.82217731671373	74.01488968793916	73.94882275703587
4.67	132.7399377303289	118.31730942947424	87.5277342781562	78.79480184300608	75.99903946142923	74.6287147383074	73.82565862325384	73.75999497052041
4.68	132.57641779124523	117.93715924865057	87.20561300569942	78.58450108071962	75.80058940089764	74.43548831923052	73.63645521701555	73.57114743080717
4.69	132.41042954442457	117.55513341923604	86.88651130245316	78.37487027515607	75.60290275677771	74.24336810903809	73.44873795133697	73.38372641623018
4.7	132.24204371031541	117.17200591079241	86.57157240429842	78.16464640766154	75.40376570713192	74.04981537403623	73.25908235248728	73.19445428687114
4.71	132.06887616065646	116.78468910151565	86.25806725876733	77.95414911755101	75.2039465404794	73.85578123172664	73.06904988948857	73.00469499573587
4.72	131.89512043301622	116.39717840904737	85.94813958622464	77.74399628660565	75.0054841213631	73.66294732878312	72.88042608231068	72.81642680816809
4.73	131.71951896369964	116.01027924809277	85.64297240559134	77.535521336516	74.80758128715951	73.47071620557978	72.69214778181205	72.62845996340245
4.74	131.53753781113554	115.61738661451814	85.33732156547487	77.32488805409531	74.6077168005479	73.27717029666648	72.50279022100241	72.43946464944291
4.75	131.35576940125458	115.22596153483788	85.03583390963529	77.1155558330173	74.40853270650327	73.08438347470198	72.31407956066198	72.25108056121064
4.76	131.17076097294225	114.83223165358137	84.73693158315909	76.90681896512633	74.210003458695	72.89176097299406	72.12544207170549	72.06276696999734
4.77	130.98442388876222	114.43777317952431	84.44032431907637	76.69732664883716	74.01020570563601	72.69840779277526	71.93584681560178	71.87348946801883
4.78	130.79615218722003	114.04267553857105	84.14632059890481	76.48920595256483	73.81195259653066	72.50684906978256	71.74804192856254	71.68601048648493
4.79	130.60481422061764	113.64542800111707	83.85460732017631	76.28126214602685	73.61338967209512	72.31472878134217	71.55996802598753	71.49822556812778
4.8	130.40908823122814	113.24511066017625	83.56349821724626	76.07200212116462	73.41366558022757	72.12150089048686	71.37059897544	71.30916490062465
4.81	130.21365722732443	112.8457834754238	83.27613084784404	75.86440470600552	73.21565883360803	71.93004718476365	71.18293327887845	71.12185901674425
4.82	130.01339136755934	112.44318992849198	82.98949317469283	75.65588792681656	73.01708489661233	71.73766997240773	70.99423331151218	70.93347242691453
4.83	129.81189813420468	112.04069161042635	82.70569220421483	75.44822317003624	72.81895740288059	71.54564568102987	70.80614721545389	70.74571919220642
4.84	129.60932882458562	111.63732178936137	82.42410148452586	75.24142172856105	72.62163438673308	71.3543124690344	70.61867498473096	70.55858225284345
4.85	129.4034333027246	111.23236309000808	82.14414233372771	75.0338666125645	72.42276931910827	71.16166653955325	70.42977426036335	70.36998834991198
4.86	129.19536606636643	110.82633629020496	81.86604059131406	74.82673768493169	72.22601637816898	70.97077678058184	70.24245786402663	70.1829455718783
4.87	128.98487809188515	110.4189106531138	81.58969018731783	74.62047668876426	72.0292595918937	70.78027375321265	70.05582705175847	69.99660496128635
4.88	128.7713210195427	110.01011087549593	81.31453592477979	74.41304133263445	71.83135656844235	70.58850567412703	69.86768702438066	69.80877645814155
4.89	128.55715762315154	109.59977594612003	81.04100797438308	74.20734818357786	71.63495158121658	70.3980389449589	69.68131148870161	69.6227122089651
4.9	128.33986877598934	109.18974924652696	80.77086802134043	74.00092793629881	71.43801301030324	70.20694554848204	69.49344383526154	69.43514735614318
4.91	128.12000446207753	108.7795533238543	80.50115256905994	73.79448636079394	71.2407679207476	70.01574318003475	69.30599640917742	69.24801656062286
4.92	127.89937684826664	108.36718716066694	80.23354561787218	73.58863873958762	71.04491044046017	69.82545969465392	69.11926805372978	69.0615701823372
4.93	127.67509165124915	107.95409053207253	79.96725852351851	73.38311072169579	70.84860929086969	69.63524732503218	68.93240205876785	68.87499080144713
4.94	127.44940691447539	107.54018079533205	79.70228578083743	73.1778490036339	70.65251977614342	69.44517770771742	68.7459223373905	68.68880602625512
4.95	127.22079583902428	107.1243750440202	79.43885946248687	72.97263937348318	70.45712009248771	69.25553209283068	68.56006417025476	68.50327476691541
4.96	126.9916118786627	106.70851968043611	79.17693129422017	72.76812617001019	70.26203113153436	69.06622687135315	68.37438781174201	68.31782269434038
4.97	126.76068900368317	106.29265730716423	78.91729309765145	72.56409023976907	70.06723333071261	68.8771124335292	68.18880591539863	68.13251843028345
4.98	126.52600281439777	105.87489752594564	78.65839766882775	72.35965532554778	69.87226733001293	68.68802369405999	68.00312839987788	67.94713651404055
4.99	126.2889709409668	105.45627397092066	78.4006741465034	72.15547256896961	69.67744215086749	68.49898967809723	67.81745965710006	67.76179071709394
5.0	126.0513548691282	105.03749162019754	78.14466110132092	71.95153163938005	69.48301042766379	68.31027892151855	67.63221088924942	67.57707164615363
