T(K)	v(ω₀)	w(ω₀)	E(meV)	Reχ(m₀/ω₀)	Imχ(m₀/ω₀)	μ(cm²V⁻¹s⁻¹)
0   7.4447414404575865  5.992348540860376   -23.033490239389106 0.0  0.0    Inf
1	7.3890456721736415	5.921836941746762	-23.09624373611027	-1.4599646363563077e-13	3.813378582866684e-6	6.117167332511446e8
2	7.333069830723399	5.850490299955551	-23.160468931726076	-5.232492068323879e-14	9.38915225776329e-7	2.48447082901688e9
3	7.276886919630693	5.7783400409346894	-23.22625672812614	-2.888632717893633e-14	7.552987354120578e-7	3.088456765505458e9
4	7.220600578503777	5.70544245757581	-23.293709793152694	-1.9042979052893004e-14	4.961372986990476e-7	4.701737796125838e9
5	7.164356112778519	5.631888574596742	-23.36294580638772	-1.3838389839959253e-14	4.7333581567393233e-7	4.928229413698167e9
6	7.108364428369509	5.55782570829523	-23.43410310698902	-1.0698888056509962e-14	3.6846614772713046e-6	6.330859710587541e8
7	7.052951345932435	5.48350262493831	-23.507352612932866	-8.635006539302154e-15	3.874764125566462e-5	6.020256753099939e7
8	6.998649712626955	5.409355595261401	-23.582920237771475	-7.193536153674768e-15	0.00023409682404613194	9.964712246166121e6
9	6.9463120941445275	5.336116892118567	-23.661114463196135	-6.141575481036076e-15	0.0009399999197690968	2.4816039238961823e6
10	6.897172489337322	5.264880410091946	-23.74234237844821	-5.344455988697202e-15	0.002832212750687481	823634.2728119043
11	6.85279399730878	5.197064299081215	-23.827100364565986	-4.722924097483847e-15	0.006929528952362665	336632.90901840245
12	6.814900293217476	5.134265306181347	-23.915939623988724	-4.228077740437009e-15	0.014512962941839291	160732.6842016626
13	6.785145775350906	5.078052595234543	-24.009418072505447	-3.825094503787818e-15	0.026983861095359978	86448.24701392376
14	6.764898834359007	5.0297683540042595	-24.108052480294386	-3.491568937275142e-15	0.04571100900415129	51031.63417699312
15	6.75509658639081	4.990389185143718	-24.212280707102437	-3.2093000834176916e-15	0.07190420608558444	32441.878109113215
16	6.756194934386615	4.960471655719643	-24.32243812348509	-2.967654917081265e-15	0.10653120760863556	21896.94026496696
17	6.768203739518077	4.94017455964893	-24.438747818540325	-2.7579783974801335e-15	0.15027871814824498	15522.540504104834
18	6.790776289749569	4.929331433392592	-24.561321801767992	-2.573601075060021e-15	0.2035491162714954	11460.17006651949
19	6.823318640818268	4.927543008838035	-24.690169727911687	-2.4100223023850283e-15	0.26648166588470173	8753.72600819141
20	6.865092726843978	4.93426622764658	-24.825211984569588	-2.2635092341211846e-15	0.3389877556972005	6881.391584670594
21	6.915299336607099	4.948887044639774	-24.966294685127316	-2.1312635644629644e-15	0.4207920387488505	5543.611272439882
22	6.973137242641712	4.970773241946375	-25.11320485302046	-2.0111040352377535e-15	0.5114739234919433	4560.7554602885475
23	7.037840845247279	4.999308918966146	-25.26568471395835	-1.9013077771786143e-15	0.6105060583533501	3820.9407710921632
24	7.108701135388397	5.033914583952189	-25.423444490796182	-1.8004959730808327e-15	0.7172880846930269	3252.120785415529
25	7.185074978914054	5.074057046712819	-25.586173432024864	-1.7075508244220197e-15	0.8311750314760821	2806.517762231664
26	7.2663864948899946	5.119252302725026	-25.75354902665452	-1.6215548089970407e-15	0.9515003928910791	2451.609591324802
27	7.352126377010652	5.1690665083220875	-25.925244494346526	-1.5417453941286129e-15	1.0775943813522315	2164.7361286663936
28	7.441842959816561	5.223109485195151	-26.100934714742717	-1.4671965658818793e-15	1.2087977843350122	1929.7747891260105
29	7.535140202568108	5.2810342155451115	-26.28030079370765	-1.3982756005496328e-15	1.34447237650883	1735.035639347527
30	7.631669544740934	5.342530729033397	-26.463033471270546	-1.3332357056113013e-15	1.484008231492648	1571.8965972411074
31	7.731124425971199	5.407322202895482	-26.648835567079622	-1.2726527979413785e-15	1.6268286855231804	1433.8986705357356
32	7.83323487994023	5.475160985111114	-26.837423641406488	-1.2158472980527648e-15	1.7723933950216888	1316.1341584284912
33	7.937762711072985	5.545825008007627	-27.028529028043373	-1.1625086012277759e-15	1.9201999185200624	1214.825324625028
34	8.044497259143963	5.619114612353918	-27.221898372900288	-1.1123614026435255e-15	2.0697841746417796	1127.0293385854163
35	8.153251720541764	5.694849769158069	-27.417293790514847	-1.0651601351905376e-15	2.2207200570318557	1050.4284328745653
36	8.263859975019354	5.772867667485608	-27.614492731051484	-1.0206845133207207e-15	2.3726184353194393	983.1785232027926
37	8.376173859944437	5.8530206291402935	-27.8132876330781	-9.787359322709759e-16	2.5251257213978873	923.798553709128
38	8.490060834061609	5.93517430953318	-28.013485422589984	-9.391345333872326e-16	2.677922141952215	871.0886148693385
39	8.605401976813544	6.019206146230825	-28.214906906256225	-9.017167916539186e-16	2.8307198265408893	824.0686582577237
40	8.722090274616093	6.105004020083786	-28.417386096512843	-8.6633351541466905e-16	2.9832607948962533	781.932137261305
41	8.840029151484558	6.192465097985298	-28.620769497641792	-8.328481736729369e-16	3.135314906999129	744.0105885867033
42	8.959131207312913	6.2814948305217975	-28.824915375088548	-8.01138558008364e-16	3.2866778226238904	709.7463199172928
43	9.079317132207207	6.372006081377614	-29.02969302475636	-7.71080220965671e-16	3.437169005610919	678.671163842429
44	9.200514770376202	6.463918369148267	-29.234982054601968	-7.425761730562349e-16	3.5866297969304237	650.3898147942417
45	9.32265831080249	6.557157204814288	-29.440671687399067	-7.155252706585716e-16	3.734921573426483	624.5666591657559
46	9.445687585800485	6.651653511052603	-29.64666009080147	-6.898368066532747e-16	3.881924003492234	600.9152902690907
47	9.569547461416992	6.747343111598252	-29.852853738731994	-6.6542931430738355e-16	4.027533405495656	579.1901033466432
48	9.694187306067816	6.844166280625384	-30.0591668065099	-6.423087480720867e-16	4.1716612121194645	559.1795140468577
49	9.819560526236634	6.942067343968367	-30.2655206008818	-6.20135795971582e-16	4.3142325404766	540.7004530876281
50	9.945624159453432	7.04099432491382	-30.47184302521318	-5.991175481402265e-16	4.455184866808344	523.5938707594458
51	10.07233803651098	7.140898169352443	-30.678068079410178	-5.790952373028603e-16	4.594466805213924	507.7210453917892
52	10.19966686667669	7.241734760773833	-30.884135393655768	-5.600128647425439e-16	4.732036964362319	492.96053833244696
53	10.327575158172115	7.3434600739645415	-31.089989794704604	-5.418141065454708e-16	4.867862945343969	479.2056628447774
54	10.456031772207922	7.44603454177196	-31.29558090325297	-5.244544836800949e-16	5.001920358578957	466.36238127226153
55	10.585007303201554	7.549420553768646	-31.50086276076724	-5.078804474375346e-16	5.134191978755792	454.347538816885
56	10.714474363552561	7.653582730968418	-31.705793484071513	-4.920498750137568e-16	5.264666948826548	443.0873808420167
57	10.844407409174561	7.75848775855852	-31.910334945991092	-4.769214473376594e-16	5.393340062454874	432.51630016804717
58	10.974782583395958	7.864104234155727	-32.11445248034189	-4.624565144491854e-16	5.520211111364455	422.5757751472119
59	11.105577576954971	7.970402529834251	-32.31811460961288	-4.486189008085555e-16	5.645284293808303	413.2134659576985
60	11.2367715019963	8.077354666251374	-32.521292793740045	-4.3537472669057063e-16	5.7685676792659475	404.3824427588106
61	11.368344778664945	8.18493419784408	-32.723961198442375	-4.226922440829367e-16	5.890072721703882	396.04052438359037
62	11.500279032612458	8.293116107704666	-32.92609648167204	-4.1054168572879433e-16	6.0098138281139155	388.14970913885537
63	11.632557002292746	8.401876711269145	-33.127677596812106	-3.988951260934693e-16	6.127807959155895	380.6756845040583
64	11.765162454930442	8.511193567915045	-33.328685611337356	-3.8772635318097087e-16	6.244074277439129	373.5874023455397
65	11.898080110143196	8.621045399622455	-33.52910353974652	-3.7701075024490635e-16	6.358633828926646	366.85671043820025
66	12.031295570499902	8.73141201613022	-33.728916189644714	-3.6670299197153594e-16	6.471509256915039	360.458031774969
67	12.164795258176692	8.842274245870433	-33.92811001994439	-3.5684791628686106e-16	6.582724546186685	354.3680846728433
68	12.298566357124624	8.953613872193861	-34.12667301022342	-3.4735848534004467e-16	6.692304794304318	348.5656378571409
69	12.432596760219147	9.065413574443825	-34.32459454035327	-3.3821717415560646e-16	6.8002760068452455	343.0312956434347
70	12.566875020777811	9.177656873328127	-34.52186527957729	-3.2944733039360224e-16	6.906664915389676	337.7473090034041
71	12.701390308122255	9.290328080324203	-34.71847708428596	-3.21010859321551e-16	7.0114988153483315	332.6974090410936
72	12.836132366791324	9.403412250771114	-34.91442290378546	-3.129106081854193e-16	7.114805421862867	327.86665987983054
73	12.971091478884182	9.516895140154848	-35.109696693430095	-3.0507459161997035e-16	7.216612742214192	323.24132840268885
74	13.10625842956331	9.630763163661173	-35.30429333451677	-2.9754530884320074e-16	7.316948963030392	318.8087686749384
75	13.241624474990935	9.74500335827368	-35.4982085604106	-2.9029031208287483e-16	7.415842350649014	314.55731919070996
76	13.377185126774041	9.859607096732175	-35.691438888392085	-2.832967627756938e-16	7.513320924207738	310.4762212199881
77	13.5129210555909	9.974551309589543	-35.88398155678138	-2.7655285062852686e-16	7.609413576592847	306.55548760507355
78	13.648836204019858	10.089835944711625	-36.07583446690826	-2.7004694074897647e-16	7.704147612226655	302.7859286676994
79	13.784919625049657	10.205446448523057	-36.26699612954794	-2.624164353596748e-16	7.797551084946445	299.1589877319936
80	13.921164529434648	10.321372484347915	-36.457465615468024	-2.5486348677760706e-16	7.889651542705937	295.6667321407495
81	14.05756445169137	10.43760415833692	-36.647242509757675	-2.380238485602529e-16	7.98047623796628	292.30178999386965
82	14.194113231354372	10.554131996031732	-36.83632686964707	-2.632374702145898e-16	8.070052080089647	289.0573030025816
83	14.330804995476283	10.670946920350916	-37.0247191855358	-3.0635728088166266e-16	8.158405604963061	285.9268835496502
84	14.467634142404444	10.788040231019536	-37.212420344983215	-2.9742590615145316e-16	8.245562949907457	282.90457589524163
85	14.604595326615772	10.905403585234623	-37.399431599427125	-2.6987137509505467e-16	8.33154982830767	279.98482124362613
86	14.741683444514633	11.023028979451702	-37.585754533420136	-2.7990621178120295e-16	8.416391514794752	277.1624258758088
87	14.878893621227116	11.140908732332464	-37.77139103618642	-2.8254956350091407e-16	8.500112839311013	274.4325320686175
88	15.01622119827172	11.259035468726582	-37.95634327532061	-2.7430245491909713e-16	8.582738153947075	271.7905926430144
89	15.153661721932243	11.377402104511729	-38.14061367246442	-2.939460300096611e-16	8.664291353087991	269.23234622410286
90	15.291210932457673	11.496001832400383	-38.32420488080786	-2.8651039607580257e-16	8.744795827229755	266.753796823643
91	15.42886475385393	11.614828108486993	-38.50711976427709	-2.8588735757483325e-16	8.824274496939706	264.3511928567135
92	15.566619284472749	11.73387463973089	-38.68936137827876	-2.843941754639715e-16	8.902749798578418	262.02100947884344
93	15.704470787922	11.853135371887555	-38.87093295188482	-2.8552567977740955e-16	8.98024367971194	259.7599321977322
94	15.842415684774675	11.972604478368781	-39.05183787134703	-2.8344343319342954e-16	9.05677760426745	257.56484163439563
95	15.98045054467293	12.092276349624532	-39.23207966484274	-2.937703713823167e-16	9.13237255089833	255.43279978559613
96	16.11857207880697	12.212145583006128	-39.41166198835826	-2.9019808576697713e-16	9.20704901611486	253.36103731806023
97	16.256777133074895	12.332206973434612	-39.59058861262492	-2.8571767549480207e-16	9.28082702781133	251.34694164332487
98	16.395062681368216	12.452455504292484	-39.76886341103136	-2.814743428215484e-16	9.35372614169144	249.38804643464385
99	16.533425819458643	12.572886339027514	-39.94649034843604	-2.768840912170483e-16	9.425765448418904	247.4820217123459
100	16.671863759132812	12.69349481309609	-40.12347347081739	-2.7120074006897555e-16	9.496963576475943	245.6266648362454
101	16.810377302320934	12.814279881266547	-40.29981689569662	-2.5997829035971046e-16	9.56733842819582	243.8198990104066
102	16.948953437566743	12.935226835759828	-40.47552480327893	-2.5879808220288913e-16	9.636908604103214	242.0597294414377
103	17.087600131804656	13.05634184875063	-40.65060142825794	-2.119199592180042e-16	9.705690558540065	240.34430886615596
104	17.226311528996604	13.177617416532135	-40.82505105223837	-2.0760267826638123e-16	9.773701454921328	238.6718583660548
105	17.36508534411471	13.299049628055103	-40.99887799672797	-2.0924202833120775e-16	9.84095775553479	237.04069739036493
106	17.503919379302804	13.42063470414747	-41.17208661666203	-1.9910294515054272e-16	9.907475518508598	235.44923073524149
107	17.642811519916684	13.542368991941249	-41.34468129441604	-1.9770940959620552e-16	9.973270395874252	233.89594353383646
108	17.781759730852112	13.664248959657655	-41.51666643427836	-1.9359142192941015e-16	10.038357653619324	232.37939609773025
109	17.920762052966705	13.78627119155149	-41.688046457343894	-1.892224884192839e-16	10.10275217002075	230.89821962407848
110	18.05981659975966	13.908432383174775	-41.858825796800986	-1.8180502474441693e-16	10.166468447284213	229.4511119034877
111	18.19892155414645	14.030729336794044	-42.029008893584496	-1.9304797899239353e-16	10.229520630800938	228.03683315690657
112	18.338075165555377	14.153158957187479	-42.19860019236599	-1.9148058565260791e-16	10.291922506579548	226.65420263996398
113	18.477275746947424	14.27571824741886	-42.367604137860425	-1.8795134435742663e-16	10.353687504305501	225.30209535405123
114	18.61652167216637	14.39840430499091	-42.53602517142361	-2.6278121726902353e-16	10.41482872373612	223.9794384755156
115	18.755811373382784	14.521214318146473	-42.70386772792172	-2.526766617289284e-16	10.475358935045808	222.68520857618577
116	18.89514333856283	14.644145562234751	-42.871136232854084	-2.5417550639264226e-16	10.535290579430825	221.41842901945972
117	19.034516109236172	14.767195396429027	-43.03783509970874	-2.504929872533936e-16	10.59463578445972	220.1781672176704
118	19.173928278186715	14.890361260402425	-43.20396872753718	-2.4599603093191716e-16	10.653406379369757	218.96353206598386
119	19.313378487396516	15.013640671302648	-43.369541498730946	-2.4325736041232075e-16	10.71161388591468	217.77367203540624
120	19.45286542603499	15.137031220809767	-43.53455777698666	-2.386861591534213e-16	10.769269547705534	216.60777260961825
121	19.59238782851545	15.260530572296432	-43.69902190544583	-2.1794637999777175e-16	10.826384314779345	215.46505477148585
122	19.731944472686358	15.384136458160478	-43.86293820499766	-2.1247714290690123e-16	10.882968861581421	214.34477292275534
123	19.87153417816225	15.507846677332644	-44.02631097273202	1.1603434184268598e-16	10.939033612123154	213.24621278938847
124	20.01115580453035	15.631659092685883	-44.189144480534026	1.1203535583881428e-16	10.994588711454726	212.16869048778082
125	20.150808249864113	15.755571628789454	-44.35144297380958	1.0952068856721854e-16	11.049644064263148	211.11155036256318
126	20.29049361721347	15.879585428854561	-44.51321067032846	1.0784141748738064e-16	11.104209051750733	210.07416903712772
127	20.430201373258342	16.00368905674531	-44.6744517591864	1.0411467394078853e-16	11.15829390246763	209.05592824053636
128	20.56994002662548	16.127890086491114	-44.83517039986732	1.0091261260869236e-16	11.211906972571821	208.05626509992382
129	20.709705446885508	16.25218350875953	-44.99537072140388	1.0051627093561193e-16	11.265057491715503	207.0746191110517
130	20.849496703235623	16.376567524850874	-45.155056821629806	1.0118865221193725e-16	11.317754196022127	206.11045698279682
131	20.989312895197592	16.50104038559959	-45.31423276651483	1.0057453754600717e-16	11.370005605597383	205.16326642906046
132	21.12915315156788	16.625600389751067	-45.472902589578766	9.136254454928841e-17	11.421820031258026	204.2325551424537
133	21.269016629303707	16.750245882283526	-45.631070291377114	8.853715299318679e-17	11.473205570507485	203.31785001372606
134	21.408902512428057	16.874975252775744	-45.788739839054834	8.5227161497509e-17	11.52417015214879	202.41869553844893
135	21.54881001112359	16.999786933983575	-45.94591516596161	8.94788607833618e-17	11.574721486883535	201.53465394433113
136	21.68873836066131	17.124679400266444	-46.102600171326195	8.88570366133194e-17	11.624867110417664	200.6653037152247
137	21.828686820569935	17.2496511662782	-46.25879871998341	8.749912378770402e-17	11.674614379285783	199.81023900027049
138	21.96865467372076	17.37470078558498	-46.414514642151595	8.911550513482338e-17	11.723970459649802	198.96906917238732
139	22.10864122549524	17.499826849387407	-46.569751733255885	7.77886087487538e-17	11.772942360575417	198.14141766061215
140	22.24864580292696	17.625027985228563	-46.72451375379446	9.861024773366609e-17	11.821536920243387	197.3269216261146
141	22.388667754059462	17.750302855939225	-46.87880442924363	9.952353198325199e-17	11.869760813151336	196.52523130681095
142	22.528706446989517	17.875650158273707	-47.032627450002174	9.816089617357023e-17	11.91762056348951	195.73600929261875
143	22.668761269404616	18.00106862206682	-47.18598647136409	9.698020487325501e-17	11.965122531004774	194.95893028395065
144	22.80883162771589	18.126557008986904	-47.33888511352906	9.283773716131472e-17	12.012272935641162	194.19368023513672
145	22.948916946531064	18.25211411165207	-47.49132696163703	9.189996689465701e-17	12.059077838888232	193.43995623268546
146	23.0890166678992	18.377738752522152	-47.64331556583204	8.995561782450957e-17	12.105543178474026	192.6974655304264
147	23.22913025076666	18.50342978301929	-47.79485444134867	8.92499385742785e-17	12.151674745918772	191.96592553174972
148	23.369257170433826	18.629186082661434	-47.94594706862295	8.645512881758777e-17	12.197478207316848	191.24506309523682
149	23.509396917976147	18.755006558165892	-48.096596893422294	8.440487120422299e-17	12.24295907125265	190.5346146944534
150	23.649548999666877	18.88089014256945	-48.2468073269957	8.415737140831126e-17	12.288122760062933	189.83432497456104
151	23.789715835407396	19.00683869148899	-48.39658174624123	8.12713261521397e-17	12.33297432142857	189.14395088847326
152	23.92988826374695	19.132842497238293	-48.545923493888715	7.931844112314019e-17	12.377519601112434	188.463243407139
153	24.070074530357324	19.258909258264808	-48.694835878697745	7.845811541714895e-17	12.42176294657852	187.7919824579822
154	24.210271298625837	19.385035108240732	-48.843322175669584	7.252949368484419e-17	12.465709527421897	187.12994107793295
155	24.350478143655124	19.511219100422313	-48.99138562626944	7.325331672105791e-17	12.509364167987938	186.4769030651931
156	24.49069465304781	19.63746031006493	-49.13902943866143	7.228019929166996e-17	12.55273156574578	185.832659381217
157	24.630920426332576	19.763757833606384	-49.286256787953036	7.266409216754358e-17	12.595816344129634	185.19700713548917
158	24.771155074741497	19.890110788210123	-49.43307081644824	6.984180789195673e-17	12.638623004305275	184.56975008800114
159	24.91139822080235	20.016518311136466	-49.57947463390889	6.920546540777462e-17	12.681155967421331	183.95069781918588
160	25.05164949784964	20.14297955902892	-49.725471317823434	7.048672401567007e-17	12.723419524662496	183.33966626184676
161	25.19190854978825	20.26949370747022	-49.871063913682875	7.066539046773932e-17	12.765417903900397	182.73647654326632
162	25.332175030775034	20.39605995045849	-50.01625543526002	6.921838591538769e-17	12.807155225191227	182.14095545377106
163	25.472448604785455	20.52267749977245	-50.1610488648971	6.847153836676447e-17	12.84863552724342	181.55293489452353
164	25.612728945470884	20.649345584640816	-50.305447153795456	-7.029839672897628e-16	12.889862765881293	180.9722517399973
165	25.753015735650713	20.776063451041974	-50.44945322230984	-6.954420826083025e-16	12.930840795038666	180.3987479496388
166	25.893308667168228	20.902830361382307	-50.59306996024594	-6.871594139681534e-16	12.971573422289554	179.83226964222445
167	26.03360744059234	21.029645594022895	-50.73630022716105	-6.78946485086935e-16	13.012064337889619	179.27266794773783
168	26.173911764869153	21.156508442756973	-50.879146852666146	-6.713031923899155e-16	13.052317160165044	178.71979823478256
169	26.31422135715706	21.28341821648376	-51.021612636730595	-6.645950170534053e-16	13.092335447019634	178.1735198277485
170	26.45453594256356	21.410374238784318	-51.16370034998811	-6.576785478168214e-16	13.132122669719188	177.6336962447038
171	26.594855253814796	21.537375847432127	-51.30541273404404	-6.482949995643908e-16	13.17168223570172	177.1001947677044
172	26.735179031102078	21.66442239409252	-51.446752501782505	-6.416856352796131e-16	13.211017478123459	176.5728864732706
173	26.87550702186401	21.791513243956317	-51.58772233767491	-6.347636055400771e-16	13.250131660923323	176.0516460557596
174	27.015838980531868	21.918647775343885	-51.72832489808783	-6.24865968909108e-16	13.28902797082987	175.53635182960747
175	27.15617466826593	22.04582537929986	-51.8685628115917	-6.1978641987255835e-16	13.327709532626018	175.02688542623596
176	27.296516522687135	22.17304813052981	-52.00843867926756	-6.134148462839271e-16	13.36617925357821	174.52313373222245
177	27.43685630869583	22.300307431416705	-52.14795507501448	-6.072089368476544e-16	13.4044406981756	174.02497738518684
178	27.577201815973936	22.427610722730847	-52.287114545855275	-6.00773511645561e-16	13.442496232241867	173.5323149108334
179	27.717550161171534	22.554954772361736	-52.425919612241195	-5.947005141964936e-16	13.480348938957432	173.045037626563
180	27.857901136497848	22.68233903045154	-52.56437276835701	-5.887574245203868e-16	13.518001646510136	172.56304225730796
181	27.998254539946444	22.809762958178442	-52.70247648242014	-5.826480179896634e-16	13.555457132359333	172.08622819458384
182	28.13861017491075	22.937226027248787	-52.84023319698394	-5.553402978883077e-16	13.592718105537323	171.61449764861985
183	28.27896785024398	23.064727719857476	-52.977645329235166	-5.49890373475451e-16	13.629787233014795	171.14775524233266
184	28.41932737981103	23.192267528122976	-53.11471527129072	-5.450910520470718e-16	13.66666712744383	170.68590810094526
185	28.559688582716287	23.31984495421832	-53.25144539049322	5.55244184037069e-16	13.703360348776194	170.22886576644788
186	28.70005128284955	23.44745950981153	-53.387838029702166	5.5005414838005e-16	13.73986941221327	169.7765400366586
187	28.84041530886913	23.5751107159516	-53.523895507586445	5.447548571179036e-16	13.776196782070482	169.32884498260591
188	28.980780494055335	23.702798102825835	-53.65962011891044	5.394635726960561e-16	13.812344874636748	168.88569685546858
189	29.121146676215666	23.83052120957117	-53.79501413482087	5.343177519923789e-16	13.848316053991358	168.4470140821746
190	29.261513697449693	23.95827958394924	-53.930079803129644	5.294954351744518e-16	13.884112625664784	168.0127172873171
191	29.401881404158402	24.08607278226524	-54.06481934859472	5.23838993191667e-16	13.919736822958729	167.58272940287208
192	29.54224964686152	24.213900369102326	-54.19923497319789	5.191085581090554e-16	13.955191132219216	167.15697171466326
193	29.682618280057092	24.341761917092462	-54.33332885642056	5.156235506604052e-16	13.990477482210483	166.73537356585783
194	29.822987162115105	24.469657006731136	-54.46710315551619	5.10764956502601e-16	14.02559811677951	166.31786180800052
195	29.96335615528578	24.597585226307505	-54.6005600057803	5.075318396861105e-16	14.060555146191223	165.90436615818683
196	30.103725125413096	24.72554617153701	-54.733701520817995	5.02875171433739e-16	14.095350646509427	165.4948179624576
197	30.24409394195594	24.853539445506982	-54.86652979280797	4.983400319327573e-16	14.129986657440195	165.08915018209103
198	30.38446247781432	24.9815646584309	-54.999046892764476	4.938250462273239e-16	14.164465177846708	164.68729740742015
199	30.524830609295712	25.10962142754186	-55.1312548707959	4.887886717494873e-16	14.198788172618306	164.28919573992965
200	30.66519821612134	25.237709377032367	-55.26315575636045	4.843998324616358e-16	14.232957561340807	163.89478288736885
201	30.80556765465741	25.365830614056723	-55.39475155851958	4.80231223810373e-16	14.266975079089724	163.50399972170703
202	30.945931389928262	25.4939773464412	-55.52604426618771	4.758835324527077e-16	14.300843074144668	163.1167811063199
203	31.0862967318444	25.622156647335615	-55.65703584838033	4.80919729654542e-16	14.334562882556623	162.7330744908658
204	31.226661098645693	25.750365690099333	-55.7877282544574	4.783271372219723e-16	14.368136459885148	162.35282117996627
205	31.367024385194384	25.878604130782115	-55.91812341436465	4.750665593823081e-16	14.401565571633038	161.97596558223177
206	31.507386488996847	26.006871631232347	-56.04822323887346	4.720622560924992e-16	14.434851979519074	161.60245305395958
207	31.647747310441538	26.13516785927862	-56.178029619815476	4.657767621201325e-16	14.467997309933335	161.23223134410685
208	31.788106752451277	26.26349248832342	-56.307544430315964	4.617664369391836e-16	14.501003267429963	160.8652481722057
209	31.928464720601326	26.391845197406003	-56.43676952502358	4.496362568467746e-16	14.533871498700307	160.50145273196404
210	32.068821122920475	26.520225670946633	-56.56570674033765	1.4116110113439469e-16	14.566603606308323	160.14079550780576
211	32.209175869873654	26.648633598676916	-56.69435789463247	1.3996419751294796e-16	14.5992011775478	159.7832279308934
212	32.349528874411	26.777068675639633	-56.82272478847851	1.387834347847575e-16	14.631665775541823	159.42870245576705
213	32.48988005162707	26.90553060178846	-56.95080920486154	1.3732144501004259e-16	14.663998931204192	159.0771726256207
214	32.63022931907969	27.034019082268845	-57.07861290939815	-7.745928063132399e-17	14.696202137618377	158.72859310977867
215	32.77057659636163	27.16253382692926	-57.20613765054915	-7.688198414057448e-17	14.728276878821035	158.3829193702539
216	32.91092180524648	27.291074550426394	-57.333385159829874	-7.610231279778645e-17	14.760224604529153	158.04010791579006
217	33.05126486973511	27.419640972227022	-57.46035715201756	-7.547612771857016e-17	14.792046759820705	157.70011596348965
218	33.19160571562998	27.548232816127324	-57.587055325356935	-7.4858145474357e-17	14.823744732219433	157.36290198595657
219	33.33194427089179	27.67684981057567	-57.71348136176191	-7.424822013713421e-17	14.85531991109275	157.0284250572894
220	33.4722804652719	27.805491688253607	-57.839636927015526	-7.364620903881967e-17	14.886773657729115	156.6966451558804
221	33.61261423057973	27.93415818630865	-57.96552367096645	-7.305197268353064e-17	14.918107300416393	156.367523197529
222	33.7529455003037	28.062849045925883	-58.09114322772433	-7.246537466357295e-17	14.949322161693644	156.04102073192655
223	33.89327420976458	28.191564012444818	-58.216497215850616	-7.188628157722708e-17	14.98041953279346	155.7171001956644
224	34.03360029606893	28.320302835275115	-58.34158723854839	-7.131456294935453e-17	15.011400681317376	155.39572481495927
225	34.17392369797582	28.449065267719206	-58.46641488384893	-7.075009115460221e-17	15.042266870036338	155.07685839610767
226	34.314246660324976	28.577853374912337	-58.59098172479592	-7.019273847793886e-17	15.073019180002067	154.76046713029973
227	34.45456221188544	28.706659993903152	-58.71528931962708	-6.964239136617574e-17	15.103659243928746	154.44651204632885
228	34.59487720949248	28.835491813214475	-58.83933921195396	-6.909892171018249e-17	15.134187832987346	154.1349635080241
229	34.73518929394813	28.964346293248227	-58.96313293093823	-6.856221542435979e-17	15.164606264998772	153.8257867429884
230	34.87549841180823	29.093223205766854	-59.08667199146644	-6.892786907257143e-17	15.194915690718839	153.5189491565209
231	35.01580451123052	29.222122326163884	-59.20995789432242	-6.839745593931034e-17	15.2251172500015	153.2144187172586
232	35.15610754168724	29.351043433137896	-59.33299212635652	-6.787355468428206e-17	15.255212054019305	152.91216412468592
233	35.296407454089966	29.47998630879386	-59.45577616065385	-6.735605656199548e-17	15.285201217876697	152.6121544695719
234	35.43670420070136	29.608950738512075	-59.578311456698565	-6.684485511041602e-17	15.315085815032994	152.31435968000562
235	35.57699773511867	29.73793651091017	-59.70059946053808	-6.633984609336532e-17	15.344866904963013	152.01875023149378
236	35.71728801215064	29.866943417682037	-59.82264160494256	-6.584092744484072e-17	15.374545553285063	151.7252969381368
237	35.85757498795492	29.995971253710238	-59.944439309564224	-6.53479992145934e-17	15.404122784131378	151.43397141472641
238	35.99785861985916	30.125019816855843	-60.06599398109371	-6.486096351567583e-17	15.4335996237506	151.14474563479723
239	36.138138866397426	30.25408890796467	-60.18730701341415	-6.43797244732719e-17	15.462977061401558	150.85759230568576
240	36.2784156872337	30.383178330766423	-60.30837978775346	-6.390418817508741e-17	15.492256099300592	150.57248436955535
241	36.41868904322645	30.512287891907672	-60.429213672834166	-6.343426262306914e-17	15.521437704800963	150.28939546235162
242	36.558958896343306	30.641417400843316	-60.549810025022005	-6.296985768660848e-17	15.550522847722883	150.00829954104557
243	36.699225209554534	30.77056666969948	-60.67017018847118	-6.251088505714553e-17	15.579512444343147	149.7291714162777
244	36.83948794702334	30.89973551344203	-60.79029549526923	-6.205725820371613e-17	15.60840743996902	149.45198594621755
245	36.97974707380769	31.028923749550277	-60.91018726557799	-6.160889233027582e-17	15.637208745706905	149.17671863922112
246	37.1200025559546	31.158131198085485	-61.02984680777477	-6.116570433382769e-17	15.665917287900673	148.9033451723071
247	37.260254360714896	31.287357681887208	-61.14927541859004	-6.072761276357714e-17	15.694533923428844	148.63184219053582
248	37.40050245602435	31.416603026021093	-61.26847438324336	-6.029453778200269e-17	15.723059540498195	148.3621863386503
249	37.54074681095773	31.54586705821893	-61.38744497557829	-5.986640112599248e-17	15.751494996690536	148.0943548438545
250	37.680987395332615	31.67514960845242	-61.5061884581953	-5.944312606993613e-17	15.779841168070542	147.82832504557555
251	37.82122633694422	31.804452669973713	-61.62470608258128	-5.902463545741303e-17	15.808098735235836	147.5640763908909
252	37.96145713672974	31.93376959533537	-61.74299908924024	-5.861086132468056e-17	15.836268903266134	147.30158370068975
253	38.10168623786363	32.063106703705	-61.86106870781917	-5.820172554932827e-17	15.864352132386891	147.04082901683023
254	38.241911456809945	32.192461673656204	-61.97891615723374	-5.779715913376672e-17	15.892349326590764	146.78179049701902
255	38.38213276777314	32.32183434671841	-62.09654264579285	-5.739709251432655e-17	15.92026129920369	146.52444740198865
256	38.522350145632174	32.45122456646616	-62.21394937132014	-5.700145746148603e-17	15.948088818256917	146.26877966033584
257	38.662563566057244	32.580632178615254	-62.33113752127412	-5.661018704901717e-17	15.975832654896955	146.01476741470873
258	38.80277300569928	32.71005703119864	-62.448108272867486	-5.622321562387197e-17	16.00349356278366	145.76239120599453
259	38.94297844157954	32.83949897392367	-62.56486279318454	-5.584047877762052e-17	16.031072301210692	145.51163175684243
260	39.08317985176737	32.96895785884577	-62.68140223929586	-5.546191331746637e-17	16.058569596871568	145.26247031463691
261	39.22337721474315	33.098433539700316	-62.79772775837292	-5.508745723922184e-17	16.085986186117697	145.01488826182305
262	39.36357050990189	33.22792587239754	-62.91384048780053	-5.47170496999852e-17	16.11332277795096	144.76886744632841
263	39.50375971722784	33.35743471467261	-63.029741555287615	-5.435063099226767e-17	16.140580082023238	144.52438992320776
264	39.643944817328816	33.48695992610709	-63.14543207897693	-5.398814251846186e-17	16.167758793153677	144.28143808954425
265	39.78412579142777	33.6165013680987	-63.26091316755253	-5.362952676605589e-17	16.194859591381615	144.03999467846444
266	39.92430262154174	33.74605890402826	-63.376185920346934	-5.327472728331097e-17	16.221883182688245	143.80004239276718
267	40.064475290105285	33.875632398862855	-63.49125142744563	-5.2978320498912183e-17	16.248830211141936	143.56156468183988
268	40.20464378025436	34.00522171942461	-63.6061107697908	-5.26306297846512e-17	16.275701344997056	143.32454497133736
269	40.34480807560188	34.13482673414843	-63.72076501928391	-5.2286595889353537e-17	16.302497231912547	143.08896705682326
270	40.48496816040144	34.264447313233326	-63.835215238886384	-5.194616632158307e-17	16.329218522784103	142.85481488941238
271	40.62512401946668	34.394083328544404	-63.94946248271909	-5.1609289540048117e-17	16.355865846223043	142.6220727959666
272	40.765275638267696	34.52373465369715	-64.06350779616056	-5.127591493282968e-17	16.382439832245677	142.39072526728293
273	40.90542300247289	34.65340116357494	-64.177352215944	-5.0945992797568263e-17	16.408941092534143	142.16075712663985
274	41.04556609854357	34.78308273492001	-64.29099677025256	-5.061947432134723e-17	16.435370238976464	141.93215336452073
275	41.185704913428374	34.91277924600967	-64.4044424788143	-5.0296311561759195e-17	16.46172787790224	141.70489918573176
276	41.325841461406476	35.04249260736398	-64.51769035299424	-4.9976456093124936e-17	16.488014488461197	141.47898104975496
277	41.4659696495557	35.172216607797395	-64.63074139588704	-4.9659865664013543e-17	16.514230959531467	141.2543820585678
278	41.60609554700168	35.30195722246286	-64.74359660240724	-4.934649082787044e-17	16.540377579335253	141.03109062488747
279	41.74621711559535	35.43171230470674	-64.85625695937894	-4.9036288277358574e-17	16.56645501535731	140.80909205974592
280	41.886334344619556	35.561481740168446	-64.96872344562318	-4.872921415160076e-17	16.59246382865555	140.5883727365703
281	42.026447223766496	35.691265415861764	-65.08099703204633	-4.8425225354937366e-17	16.618404573247705	140.36891923526025
282	42.166555743115715	35.821063220139955	-65.19307868172469	-4.8124279540868685e-17	16.64427780155598	140.15071829328727
283	42.30665989326329	35.95087504281608	-65.30496934999019	-4.7826335096284405e-17	16.670084051143853	139.93375691474233
284	42.446759665078744	36.080700774900706	-65.41666998451308	-4.753135112634427e-17	16.695823859717397	139.7180222408367
285	42.58685504995708	36.21054030885055	-65.52818152538542	-4.723928743936773e-17	16.721497771064932	139.5035014983903
286	42.72694603960094	36.34039353833107	-65.63950490520264	-4.695010453243439e-17	16.74710628696782	139.29018239863572
287	42.86703262616066	36.47026035835012	-65.7506410491423	-4.6663763577069737e-17	16.772649929724555	139.0780526115348
288	43.007114802096616	36.60014066510504	-65.86159087504554	-4.63802264054723e-17	16.798129208146594	138.8671000476525
289	43.14719256035468	36.73003435615139	-65.97235529349409	-4.609945549686024e-17	16.823544620471672	138.65731283064687
290	43.28726589409149	36.85994133011019	-66.08293520788791	-4.5821413964441553e-17	16.848896671744217	138.44867915138104
291	43.42733479680287	36.98986148679086	-66.1933315145215	-4.5546065542420526e-17	16.87418584713006	138.2411874856665
292	43.5673992624132	37.11979472726843	-66.30354510265937	-4.5273374573363576e-17	16.89941257780965	138.0348268687237
293	43.70745928527507	37.24974095387561	-66.41357685460987	-4.500330599589674e-17	16.924577447175704	137.82958520777476
294	43.8475148598535	37.37970006986866	-66.52342764579879	-4.4735825332901435e-17	16.949680877198276	137.62545184547898
295	43.98756598098251	37.50967197968003	-66.63309834484221	-4.447089867962802e-17	16.974723327549174	137.4224159268159
296	44.127612643902836	37.63965658894587	-66.74258981361737	-4.420849269223092e-17	16.99970528408223	137.22046649510628
297	44.26765484424549	37.76965380448281	-66.851902907333	-4.435346452620023e-17	17.024627173465536	137.01959318068523
298	44.40769257756053	37.899663533790466	-66.96103847460033	-4.409363007372637e-17	17.049489456534722	136.8197854433118
299	44.54772584004417	38.02968568579109	-67.0699973575001	-4.383624184178912e-17	17.074292579288986	136.62103296687366
300	44.687754628047536	38.15972017031692	-67.17878039165153	-4.3581268333682e-17	17.099036974844328	136.4233256406725
301	44.82778084972162	38.28976881356705	-67.28738840627933	-4.332867760557653e-17	17.123722997752076	136.22665407909915
302	44.967798767424526	38.41982578140139	-67.39582222427936	-4.3078442053513706e-17	17.148351336130972	136.03100634205893
303	45.10781411287072	38.54989673269625	-67.50408266228389	-4.2830528809525134e-17	17.17292216057437	135.8363747036903
304	45.247824971983064	38.67997966596931	-67.61217053072704	-4.258490932612509e-17	17.197435957928604	135.6427490160607
305	45.38783134248951	38.81007449607858	-67.72008663390723	-4.234155456988599e-17	17.22189316648973	135.45011961286912
306	45.52783322226777	38.94018113873355	-67.82783177005045	-4.2100435971766784e-17	17.246294178796948	135.25847728081663
307	45.66783060943413	39.070299510576724	-67.93540673137367	-4.09121273592166e-17	17.270639396674092	135.06781282285993
308	45.80782350249818	39.20042952933248	-68.04281230414321	-4.068076610267443e-17	17.2949292355124	134.87811702468497
309	45.94781189994275	39.3305711133746	-68.15004926873833	-4.0451509162326714e-17	17.319164089295505	134.68938092704303
310	46.08779580083467	39.4607241823371	-68.25711839970879	-4.02243303466454e-17	17.34334433511006	134.50159578730887
311	46.22777520419143	39.59088865646177	-68.36402046583503	-3.9999203876239073e-17	17.367470368012217	134.31475280692104
312	46.36775010917585	39.721064456789136	-68.4707562301868	-3.9776104375937686e-17	17.391542574441885	134.1288433372878
313	46.50772051544444	39.85125150550587	-68.57732645017863	-3.9555006866982974e-17	17.415561329089936	133.94385890190452
314	46.64768642262909	39.981449725409576	-68.68373187762904	-3.933588675981113e-17	17.439527005278585	133.75979111446225
315	46.78764783061947	40.111659040187654	-68.7899732588155	-3.9118719846610943e-17	17.463439959598773	133.57663179521026
316	46.92760473958341	40.241879374434575	-68.89605133452972	-3.8903482294158644e-17	17.48730057712514	133.39437262332328
317	47.06755714976575	40.372110653432685	-69.0019668401332	-3.834277775024271e-17	17.51110920965727	133.21300560872598
318	47.207505061631494	40.502352803298926	-69.10772050561036	-3.813322734094618e-17	17.53486622757465	133.0325226942856
319	47.34744847592775	40.63260575103689	-69.21331305562245	-3.7925520271459456e-17	17.558571960633508	132.8529162047483
320	47.487387393413805	40.762869424254205	-69.31874520956032	-3.7719634339933466e-17	17.5822267775062	132.67417824148606
321	47.62732181513916	40.893143751441656	-69.42401768159654	-3.751554768257723e-17	17.60583100931497	132.49630126103605
322	47.76725174229873	41.02342866181722	-69.52913118073631	-3.731323876751924e-17	17.629385003346155	132.31927766727688
323	47.9071771762853	41.15372408537415	-69.63408641086892	-3.711268638870462e-17	17.652889092316745	132.1431000422688
324	48.04709811849261	41.284029952671446	-69.73888407081795	-3.691386966004032e-17	17.676343627633493	131.96776089566154
325	48.18701457064894	41.41434619517406	-69.84352485439011	-3.671676800941252e-17	17.6997489386401	131.7932529691753
326	48.326928342774345	41.54467455688912	-69.94800945042529	-3.652136049412212e-17	17.723105249778378	131.61956984881397
327	48.46683401229372	41.67500953497916	-70.05233854284407	-3.6327629190256515e-17	17.746413131405806	131.44670261467638
328	48.606737005919896	41.80535649864515	-70.15651281069613	-3.6135552397245554e-17	17.769672690965486	131.2746458491095
329	48.74663551764432	41.93571357009857	-70.26053292820703	-3.5945111422568244e-17	17.79288428189314	131.10339236764202
330	48.88652954993477	42.0660806842638	-70.36439956482539	-3.5756287181415735e-17	17.816048241396125	130.93293516914548
331	49.026419105311994	42.196457776643356	-70.46811338526831	-3.556906087066716e-17	17.839164878652532	130.76326752002566
332	49.166304186549425	42.32684478351469	-70.57167504956728	-3.5383413963796987e-17	17.862234496253738	130.59438279406353
333	49.30618479631189	42.45724164155818	-70.67508521311427	-3.519932820610404e-17	17.8852574067714	130.426274350288
334	49.44606093762711	42.58764828832991	-70.7783445267035	-3.5016785609721175e-17	17.908233907462105	130.2589357172223
335	49.585932613546134	42.71806466191259	-70.88145363657783	-3.4835768449034946e-17	17.931164282906398	130.09236057163528
336	49.72579982725255	42.84849070101939	-70.98441318447212	-3.465625925603574e-17	17.95404884726383	129.92654243093406
337	49.86566258203238	42.9789263449589	-71.08722380765359	-3.447824081580926e-17	17.976887874601537	129.7614751581573
338	50.00552088135652	43.10937153371318	-71.18988613896771	-3.4301696162082845e-17	17.999681656739742	129.5971525411748
339	50.14537472866216	43.23982620771067	-71.29240080687723	-3.4126608572971576e-17	18.022430487106504	129.4335684096514
340	50.28522412768646	43.370290308160676	-71.39476843550504	-3.3952961566607856e-17	18.045134638369355	129.2707167948225
341	50.42506908208689	43.500763776661366	-71.49698964467532	-3.378073889712374e-17	18.067794400039613	129.108591658314
342	50.56490959590981	43.63124655567142	-71.59906504995227	-3.360992455040475e-17	18.09041003926736	128.9471871725224
343	50.70474567297197	43.76173858787761	-71.700995262682	-3.34405027403165e-17	18.112981831838923	128.7864974976491
344	50.844577317294764	43.892239816629115	-71.80278089003087	-3.3272457904640135e-17	18.13551005108706	128.62651686056452
345	50.98440453307964	44.022750185909935	-71.90442253502523	-3.3105774701242955e-17	18.157994963454684	128.46723958542574
346	51.12422732456322	44.15326964018541	-72.00592079658924	-3.294043800437538e-17	18.18043686021224	128.30865986868562
347	51.26404569622252	44.28379812460747	-72.10727626958314	-3.2776432900914607e-17	18.20283590574402	128.15077284880573
348	51.403859652266995	44.414335584490274	-72.2084895448414	-3.261374468693612e-17	18.22519248911432	127.99357212574759
349	51.543669197466066	44.544881966154584	-72.30956120920979	-3.348649219479119e-17	18.247506805197563	127.83705271432729
350	51.683474336247116	44.675437215996176	-72.41049184558186	-3.332129276020934e-17	18.269779114160272	127.68120921358519
351	51.823276788372645	44.80600299972864	-72.51128203293554	-3.3157407396442714e-17	18.292009596789022	127.52603682050167
352	51.963071413679806	44.936574109356364	-72.6119323463696	-3.299482332835848e-17	18.314198716190493	127.37152880725702
353	52.10286336190553	45.06715564850132	-72.71244335713794	-3.283352483845802e-17	18.33634651252712	127.21768143765259
354	52.2426509230267	45.19774584723731	-72.81281563268598	-3.2673498497815376e-17	18.358453267210294	127.06448933404943
355	52.38243410209142	45.32834465466739	-72.913049736685	-3.251473054571554e-17	18.380519284625713	126.91194700425399
356	52.52221290423804	45.458952020388445	-73.01314622906617	-3.2357207409905996e-17	18.402544764844787	126.76004971971938
357	52.66198733441564	45.58956789420284	-73.11310566605499	-3.22009157035702e-17	18.424529958830547	126.60879243994292
358	52.80175739811594	45.720192226860526	-73.21292860020428	-3.204584222203119e-17	18.44647509607861	126.45817031227709
359	52.94152310038631	45.8508249690466	-73.31261558042812	-3.446603155733791e-17	18.468380432310294	126.30817834356674
360	53.08128444679879	45.98146607236903	-73.41216715203394	-3.4301032881555863e-17	18.490246162052735	126.15881199832097
361	53.221041442689454	46.11211548857585	-73.51158385675558	-3.413730909461226e-17	18.512072543041853	126.01006634656277
362	53.360794093564856	46.24277316996872	-73.61086623278486	-3.3974846682412493e-17	18.53385978527401	125.86193682195268
363	53.50054240490774	46.373439069198604	-73.71001481480347	-3.381363231231848e-17	18.555608117887136	125.71441876444975
364	53.64028638248311	46.50411313957569	-73.80903013401462	-3.3653652830101216e-17	18.577317765998544	125.5675075780081
365	53.780026031817606	46.634795334533955	-73.90791271817353	-3.349489525723212e-17	18.598988945126337	125.42119876749256
366	53.91976135868071	46.76548560811885	-74.00666309161826	-3.333734678788922e-17	18.620621874290023	125.2754878494105
367	54.05949236882533	46.896183914718975	-74.10528177530072	-3.3180994786267194e-17	18.642216800107207	125.13037019007696
368	54.199219068146874	47.02689020922435	-74.20376928681571	-3.3025826783800515e-17	18.663773895818423	124.98584168359031
369	54.33894146244529	47.15760444678145	-74.30212614043035	-3.2871830476563817e-17	18.685293379070913	124.84189795884681
370	54.47865955785199	47.288326583223366	-74.4003528471149	-3.271899372251508e-17	18.70677546993197	124.6985346625091
371	54.618373360168086	47.419056574393274	-74.49844991457029	-3.256730453912705e-17	18.72822037737433	124.555747548723
372	54.75808287549056	47.549794376778465	-74.59641784725726	-3.241675110066342e-17	18.74962831240653	124.41353239080193
373	54.89778810993343	47.680539947223934	-74.6942571464256	-3.226732173578468e-17	18.770999461952975	124.27188515397182
374	55.037489069471896	47.81129324276766	-74.79196831014025	-3.2119004925165745e-17	18.792334043626852	124.13080163143393
375	55.17718576049717	47.94205422120684	-74.88955183331097	-3.197178929892894e-17	18.813632261862676	123.99027773545592
376	55.3168798195515	48.07282447420032	-74.98700820771843	-3.18256632037314e-17	18.83489422996164	123.85031000866087
377	55.45656636155385	48.20359905856238	-75.08433792204292	-3.168061685427396e-17	18.85612036687421	123.7108930137669
378	55.596250284127706	48.33438283446413	-75.18154146188887	-3.1536638023171355e-17	18.877310650626043	123.57202424296204
379	55.7359299632288	48.465174127177924	-75.27861930981383	-3.139371634662188e-17	18.898465350487534	123.43369930304468
380	55.8756054051853	48.59597289605545	-75.3755719453527	-3.1251841168319786e-17	18.919584662622302	123.29591431093117
381	56.01527661641044	48.72677910084637	-75.47239984504537	-3.1111001968072115e-17	18.940668770342487	123.15866549620819
382	56.154943603388624	48.85759270168734	-75.56910348246097	-3.097118835969041e-17	18.96171777124	123.02194967268198
383	56.2946063724922	48.988413658907646	-75.66568332822514	-3.0832390088989206e-17	18.98273213540716	122.8857612656321
384	56.43426493024614	49.119241933298575	-75.76213985004297	-3.0694597031680105e-17	19.003711758898746	122.75009845214923
385	56.57391928337054	49.25007748615258	-75.8584735127248	-3.055779919137455e-17	19.024656915103584	122.61495698822098
386	56.71356943829923	49.380920278771185	-75.95468477821204	-3.04219866977616e-17	19.045567805545094	122.48033312411522
387	56.85321540163557	49.51177027292561	-76.05077410559956	-3.0287149804563966e-17	19.066444602346014	122.34622332650635
388	56.9928571799662	49.64262743066395	-76.14674195116076	-3.015327888770555e-17	19.08728748202956	122.21262405972047
389	57.13249478014474	49.77349171459908	-76.24258876837183	-3.002036444338144e-17	19.108096610935508	122.07953187896723
390	57.27212820872657	49.90436308732859	-76.33831500793413	-2.9888397086394776e-17	19.12887218258837	121.94694319116114
391	57.41175747236014	50.03524151183166	-76.43392111779865	-2.9757367548262666e-17	19.149614368544725	121.81485456922866
392	57.55138257791063	50.16612695159216	-76.52940754318844	-2.962726667543086e-17	19.170323341415383	121.68326260421117
393	57.69100353214213	50.297019370270796	-76.62477472662138	-2.949808542763679e-17	19.190999256250056	121.55216402300567
394	57.8306203417937	50.427918731783805	-76.72002310793357	-2.936981487618836e-17	19.211642297836665	121.42155538799315
395	57.97023301372506	50.558825000445076	-76.81515312430086	-2.9242446202269606e-17	19.23225264208822	121.29143334235047
396	58.109841554737926	50.68973814078321	-76.91016521026113	-2.9115970695349066e-17	19.252830444748845	121.16179468028952
397	58.249445971663775	50.82065811762854	-77.00505979773608	-2.899037975155031e-17	19.273375893097175	121.0326360207894
398	58.389046271461986	50.951584896210086	-77.09983731605409	-2.8865664872050704e-17	19.293889085583565	120.90395456373234
399	58.52864246091896	51.0825184418476	-77.19449819196942	-2.874181766160354e-17	19.314370250088547	120.77574671896913
400	58.668234547009135	51.2134587203156	-77.2890428496858	-2.8618829826925875e-17	19.334819530591986	120.64800944587172
