α	v(ω₀)	w(ω₀)	E(ħω₀)	M(m₀)	R(r₀)	κ(m₀ω₀²)
0.1	3.0239645673615563	2.9707466212537113	-0.15754218816695356	1.0361489053206878	14.218100613028344	0.3190262169678242
0.2	3.049011012710635	2.9407768136124686	-0.31603281638766056	1.0749638383642233	7.054631047549342	0.6482998881500279
0.3	3.0752163422167915	2.9100346348154145	-0.47550882275280004	1.116747610693776	4.665762366929264	0.988653975611939
0.4	3.1027026690464377	2.8784932082247354	-0.6360099683603931	1.1618495668353326	3.470479303244009	1.3410407027119593
0.5	3.131583360813346	2.8460997725380506	-0.7975791607403322	1.2106753847566916	2.75258791599376	1.7065304304818678
0.6	3.1619938901318347	2.812803075187446	-0.9602628264925572	1.2636982859767518	2.2733500955599695	2.0863442214470984
0.7000000000000001	3.194089036198277	2.778547321533714	-1.1241113423821458	1.321473446140927	1.930445636734253	2.481879553159863
0.7999999999999999	3.228046491842649	2.7432717078972346	-1.2891795361580916	1.3846560671583588	1.6727105809314589	2.8947444901482227
0.9	3.2640712978614754	2.706909921724361	-1.4555272708717375	1.4540243023292707	1.471716598594366	3.326800113193312
0.9999999999999999	3.3024013264167387	2.6693896194072866	-1.623220129580138	1.5305085692984532	1.3104026754340552	3.780213580519657
1.1	3.3433141013873504	2.630631901883912	-1.79233022116243	1.6152293411753396	1.1779076291480943	4.257524977326138
1.2000000000000002	3.3871353301211538	2.5905508236153874	-1.9629371326976073	1.7095462850906087	1.066986300079587	4.761732174820575
1.3000000000000003	3.434249633643542	2.549052995243569	-2.135129059584651	1.8151227159643577	0.9726182047604653	5.296399373620591
1.4	3.4851141067407347	2.5060373792659605	-2.30900415141008	1.934010888991912	0.8912124249061191	5.865796990725066
1.4999999999999998	3.5402755197090108	2.461395439379573	-2.4846721194111057	2.068765861471567	0.8201305029511483	6.475083246452345
1.5999999999999999	3.6003921905137597	2.415011901412273	-2.6622561598239964	2.2225987786353727	0.7573882474480131	7.130541441549546
1.7	3.6662617721109374	2.3667665184313407	-2.841895255312922	2.399584827237639	0.7014628413882754	7.839891628874421
1.7999999999999998	3.7388564542394884	2.316537500460822	-3.0237469214950643	2.604947129526365	0.6511644017746112	8.612701594367007
1.8999999999999997	3.819366999461556	2.2642075081194597	-3.2079904621262285	2.84544588331135	0.6055484317826434	9.460928636751435
1.9999999999999998	3.9092567701172127	2.2096736772120797	-3.394830774837101	3.1299118731283073	0.563855131458933	10.399630734943308
2.1	4.010325389747534	2.1528636243500134	-3.5845026914831166	3.4699737071944456	0.525467065425432	11.447887946604233
2.2	4.124778348600495	2.093759987632178	-3.777275713124139	3.8810339331649955	0.48988000035797646	12.629965539273929
2.3000000000000003	4.255291906167777	2.032436180136237	-3.9734587646548656	4.3835390526332665	0.45668378124574355	13.976712380370213
2.4000000000000004	4.40505039145316	1.9691047863253355	-4.173404195908544	5.004539323557752	0.4255513000365616	15.52709529171229
2.5000000000000004	4.577715278051045	1.904175662051175	-4.377509671386448	5.779410390736056	0.396233958185774	17.329592214953923
2.6	4.777268398984946	1.8383113266422373	-4.586215920824657	6.75337953260293	0.36856131653055385	19.442904822279043
2.7	5.007674693472932	1.7724531432918311	-4.799997950205672	7.982201584838313	0.34244076494164677	21.93521569048413
2.8000000000000003	5.272363930032482	1.707781428680217	-5.019347977269373	9.531169377928542	0.31785094118195034	24.881304002562512
2.9	5.573647211124398	1.6455841213853935	-5.244750763347318	11.471990434266374	0.29482297361603277	28.357596133519042
3.0	5.912298337511928	1.587053855317092	-5.476655749332179	13.878078908071418	0.27340924086640794	32.43653169206945
3.1	6.287512779757723	1.53308800489346	-5.715453163302789	16.81990700246901	0.25364835046580037	37.182458124868475
3.2000000000000006	6.697265275181336	1.4841764861236892	-5.961460391763591	20.362162986832935	0.23553952526165028	42.650582324187276
3.3000000000000003	7.138873777640963	1.4404094819106636	-6.214920514850579	24.56334247228301	0.21903429729563745	48.888739337511616
3.4000000000000004	7.609525394312437	1.4015711501647028	-6.476010249177999	29.47710595633275	0.20404346019181643	55.940475037711835
3.5	8.1066254966572	1.3672598894026586	-6.7448525231601675	35.15426918959818	0.1904514246494522	63.84797733788323
3.6	8.627960194154923	1.3369918383627104	-7.021529610540277	41.6446055901078	0.1781307785256546	72.65414993607335
3.6999999999999997	9.171728242460743	1.3102717091641634	-7.306094533791103	48.998143834910124	0.16695339940389647	82.40378700171605
3.8000000000000003	9.736504478137087	1.2866331892842815	-7.598579982239409	57.2659718970375	0.1567974523487148	93.14409448901571
3.9	10.321178013367014	1.2656576024782047	-7.899004857489745	66.500677947863	0.14755103771662698	104.92482641689979
4.0	10.924888446438485	1.2469793324435774	-8.207378892308352	76.75656150062756	0.13911357287910797	117.79823011158368
4.1	11.546969930855704	1.2302841722731563	-8.523705831347481	88.08971322727072	0.13139582311483783	131.81891543953995
4.199999999999999	12.186905771952722	1.2153044372895068	-8.847985588047562	100.55802597521702	0.12431921759031528	147.04370741915898
4.3	12.844293027212908	1.201812997164906	-9.180215692366351	114.2211732893047	0.1178148460302265	163.53150888875564
4.3999999999999995	13.51881548675999	1.1896173304293278	-9.52039225490266	129.14057516782523	0.11182236310262998	181.34318277220396
4.5	14.210223261323863	1.1785541007897653	-9.868510604071966	145.3793611139622	0.10628892092586138	200.54145536818143
4.6	14.918317418966964	1.1684844315805292	-10.224565703266355	163.00233515468076	0.10116818696151433	221.19083874620708
4.7	15.64293840910364	1.159289891334499	-10.588552420334006	182.07594504843914	0.09641946913036853	243.35756901885958
4.8	16.383957332219563	1.1508691378297595	-10.960465698118801	202.66825518267964	0.09200695090777376	267.10955809158213
4.9	17.14126929470275	1.1431351276406887	-11.340300658869213	224.84892459894573	0.08789903023398449	292.5163551134732
5.0	17.914788349305482	1.136012812114574	-11.72805266461101	248.6891880603262	0.08406775159882068	319.649116491123
5.1	18.70444360304393	1.129437233377461	-12.123717348381682	274.2618406022314	0.08048831991944898	348.5805820353117
5.199999999999999	19.510176208052727	1.1233519513949262	-12.527290626383593	301.64122472416574	0.07713868494401897	379.3850560625639
5.3	20.331937018726197	1.1177077421795074	-12.938768697845376	330.90321980680517	0.07399918594137436	412.1383923365207
5.4	21.169684755319746	1.112461517756155	-13.35814803717404	362.1252333590301	0.07105224764079615	446.91798201112897
5.5	22.023384554964604	1.1075754274469702	-13.785425381482568	395.38619376425424	0.06828211961802766	483.8027439283691
5.6	22.893006820958586	1.1030161075678444	-14.220597715556575	430.7665442538594	0.06567465247306603	522.8731167709022
5.699999999999999	23.778526303164902	1.0987540528381468	-14.66366225563235	468.34823788503604	0.06321710516874758	564.2110526816768
5.8	24.679921358648606	1.0947630878639116	-15.114616432883043	508.21473334225436	0.06089797878618188	607.9000120505303
5.8999999999999995	25.597173353726777	1.0910199211448444	-15.573457877187085	550.4509914152188	0.05870687270964896	654.0249592324053
6.0	26.53026617766718	1.0875037673533114	-16.040184401534585	595.1434720340008	0.05663435989192741	702.6723590138635
6.1	27.479185846442103	1.084196026566226	-16.51479398727813	642.3801314968537	0.05467187838382452	753.930173759282
6.199999999999999	28.443920168901535	1.0810800090164343	-16.997284770333255	692.2504216862468	0.05281163678118515	807.8878605889486
6.300000000000001	29.42445849078421	1.0781407035211445	-17.487655028369144	744.8452855849995	0.05104653153915756	864.6363700992939
6.4	30.420791456666763	1.075364573386235	-17.985903168986976	800.2571584132469	0.049370074568654075	924.2681438843154
6.5	31.432910830142383	1.0727393843891542	-18.492027718853787	858.5799649696154	0.04777632959739439	986.8771134688627
6.6	32.46080933598123	1.0702540546059496	-19.00602731374629	919.9091187652887	0.04625985614861773	1052.5586990055258
6.7	33.50448052858089	1.0678985244608112	-19.527900689447065	984.3415210472305	0.0448156600949722	1121.4098082315106
6.8	34.56391868089795	1.0656636437300877	-20.057646673433517	1051.9755599535915	0.04343914991901492	1193.5288355781581
6.8999999999999995	35.63911869031202	1.0635410730070554	-20.59526417729822	1122.9111097815933	0.042126097936527544	1269.0156614081743
7.0	36.730075998544244	1.0615231975390287	-21.140752189839866	1197.2495303509593	0.04087260584614877	1347.9716513599224
7.1	37.8367865232953	1.05960305168182	-21.694109770769316	1275.0936664495482	0.0396750740592843	1430.4996557822876
7.199999999999999	38.95924659967672	1.0577742524928537	-22.25533604497317	1356.5478473472854	0.03853017434073919	1516.704009245185
7.299999999999999	40.09745292988436	1.0560309412111488	-22.824430197288898	1441.7178863719298	0.037434825355261755	1606.6905301154966
7.4	41.25140253980501	1.0543677315641655	-23.401391467740893	1530.711080535549	0.03638617077024368	1700.5665201876673
7.5	42.421092741489744	1.0527796639990292	-23.98621914719689	1623.6362102048693	0.035381559611632994	1798.440764361144
7.6	43.60652110236438	1.0512621653960879	-24.57891257340568	1720.6035378751435	0.03441852860871174	1900.423530510557
7.699999999999999	44.80768540817332	1.0498110113089323	-25.179471127380275	1821.724812595194	0.033494786308559094	2006.6265684783627
7.800000000000001	46.02458365579482	1.0484222970593962	-25.78789423009276	1927.1132603747967	0.03260819873194091	2117.1631113762846
7.9	47.25721401416461	1.0470924057122584	-26.404181339455327	2036.8835933473213	0.03175677644429833	2232.147873874456
8.0	48.505574814103454	1.0458179840002546	-27.028331947556637	2151.1520049066735	0.030938662841290536	2351.697052790929
8.1	49.76966452994834	1.0445959189435123	-27.66034557813318	2270.0361704832926	0.030152123543785755	2475.928326789724
8.2	51.04948176491277	1.0434233171476324	-28.30022178425235	2393.655247400188	0.02939553677504353	2604.960856247394
8.299999999999999	52.34502523816226	1.042297486179467	-28.947960146186652	2522.1298747440933	0.02866738461782416	2738.915283134148
8.399999999999999	53.65629377338244	1.0412159177834004	-29.60356026946507	2655.582173250113	0.027966245059985954	2877.9137309080734
8.5	54.98328628864332	1.0401762727311539	-30.26702178308227	2794.135745197995	0.027290784747750353	3022.07980442056
8.6	56.32600178739694	1.0391763671242293	-30.938344337851966	2937.915674318403	0.026639752375068777	3171.538589831854
8.7	57.68443935045873	1.0382141599900943	-31.617527604893205	3087.0485257090204	0.026011972645618633	3326.416654534748
8.799999999999999	59.05859812886607	1.0372877420334896	-32.304571274235876	3241.662345757857	0.025406340751025554	3486.84204708713
8.9	60.44847733747941	1.0363953254194638	-32.99947505353612	3401.8866620751483	0.02482181731513971	3652.9442971492103
9.0	61.8540762492876	1.035535234481635	-33.7022386668907	3567.8524834301843	0.024257423759612703	3824.8544154308315
9.1	63.27539419236012	1.0347058976389958	-34.41286185374454	3739.692297193253	0.023712238050097353	4002.7048939039514
9.2	64.71243053474034	1.033905837775149	-35.13134436787897	3917.5400817939003	0.023185390792825084	4186.629704432207
9.3	66.16518470134223	1.0331336689951147	-35.8576859764797	4101.53128165509	0.02267606163315976	4376.76430138472
9.4	67.6336561491643	1.0323880863752857	-36.59188645927088	4291.8028321693	0.022183475954918305	4573.2456189425
9.5	69.11784437445972	1.031667861966533	-37.33394560771417	4488.493147149281	0.021706901827269538	4776.212072394619
9.600000000000001	70.6177489076132	1.0309718390057752	-38.08386322427171	4691.742121299969	0.021245647192563163	4985.803557845883
9.700000000000001	72.13336931024638	1.0302989269531313	-38.84163912171235	4901.691130173668	0.020799057268829232	5202.161452169514
9.8	73.66470517291364	1.0296480969346007	-39.607273122477636	5118.483030153773	0.020366512148814787	5425.428613008769
9.9	75.21175617627082	1.029018388897505	-40.3807650580881	5342.2620496106865	0.01994742456204076	5655.749388274123
10.0	76.7745218341347	1.0284088622159409	-41.16211476859198	5573.1742205581895	0.019541237885960547	5893.2695780721415
10.1	78.35300187501086	1.0278186606477104	-41.95132210205263	5811.36673637693	0.019147424136438062	6138.13649162628
10.2	79.9471959840786	1.0272469632322654	-42.74838691407153	6056.988376498889	0.018765482269287287	6390.498909393204
10.299999999999999	81.55710386587012	1.0266929927510478	-43.553309067345836	6310.189401066958	0.018394936521007103	6650.507092486962
10.4	83.18272524286449	1.0261560129261869	-44.366088431251285	6571.121550914732	0.018035334883514203	6918.312782667022
10.5	84.82405985417535	1.025635325827844	-45.18672488145863	6839.938047552222	0.017686247685826467	7194.069202323136
10.6	86.48110739780316	1.0251302594630411	-46.01521829957234	7116.793722833268	0.01734726628545462	7477.931044701498
10.700000000000001	88.15386781231976	1.0246402156027008	-46.85156857279286	7401.844370521239	0.01701800178263386	7770.054522700516
10.8	89.84234071028041	1.0241645676118365	-47.6957755936035	7695.248043114863	0.01669808398761864	8070.597271240557
10.9	91.54652594292398	1.023702758637759	-48.54783925947639	7997.163755000645	0.016387160239050937	8379.71844488041
11.0	93.26642331647122	1.023254249775301	-49.40775947259674	8307.75213085866	0.01608489446304628	8697.578668987522
11.1	95.00203264793856	1.0228185284208628	-50.27553613960352	8627.175275964277	0.015790966230249316	9024.340049497903
11.2	96.75335376442727	1.0223951067293633	-51.1511691713515	8955.596776188504	0.015505069885048723	9360.166172910149
11.299999999999999	98.52038650241967	1.0219835201774568	-52.03465848268219	9293.181697979204	0.015226913731129036	9705.222106270641
11.399999999999999	100.30313070720122	1.0215833262242087	-52.926003992211676	9640.096588353084	0.014956219269191854	10059.674397173472
11.5	102.10158623327983	1.021194103065413	-53.82520562214131	9996.50947499836	0.014692720482918066	10423.691073955742
11.6	103.91575294006539	1.0208154484484802	-54.73226329804119	10362.589865881146	0.014436163170506281	10797.441644920917
11.7	105.74563069676842	1.0204469786087524	-55.6471769487129	10738.508749771101	0.014186304316538308	11181.097099421178
11.799999999999999	107.59121937688849	1.020088327225026	-56.56994650597356	11124.438595734633	0.013942911504071077	11574.829906810404
11.9	109.45251886509539	1.0197391445011814	-57.500571904601614	11520.553353866248	0.013705762361036702	11978.814017991233
12.0	111.3295290473911	1.0193990962275836	-58.43905308206148	11927.028454323576	0.01347464404235137	12393.22486339651
