T(K)	v(THz2π)	w(THz2π)	E(meV)	M(mₑ)	R(Å)	κ(N/m)	ReΣ(ps⁻¹)	ImΣ(ps⁻¹)	μ(cm²V⁻¹s⁻¹)
1.0	13.057980600976343	11.54056909211123	-276.83691943355154	0.7035510337417223	23.0480425191817	0.0007376657617315946	-1.9309854821151777e-12	9.83082231055444e-5	3.2556186937483687e7
2.0	12.798749742141258	11.279169100543381	-276.67322729920625	0.7075854551249648	23.046010317909374	0.0007230851609386762	-6.833056519142023e-13	0.005778661480599628	553855.057898953
3.0	12.501710450137347	10.97994347175161	-276.53711417453053	0.7124209494249912	23.049605698846975	0.0007061932943582246	-3.8587325664274924e-13	0.05031133904662224	63614.70295891144
4.0	12.187593337177756	10.662397197308385	-276.4222084480525	0.7179996189960134	23.03971677714656	0.0006887450212023765	-2.577993341237192e-13	0.15903004127869186	20125.385513213663
5.0	11.888874349356662	10.357857827396131	-276.32416541020734	0.7240017255421297	22.996700891304787	0.0006731205575184212	-1.8655962549052083e-13	0.3275270887731463	9771.835669851214
6.0	11.629268613597588	10.089432543790197	-276.23926147980643	0.7300781316669843	22.909466048702438	0.0006609294269008844	-1.3899891864259602e-13	0.5384680937967607	5943.789290000101
7.0	11.419916299260953	9.868144262365856	-276.16451949715594	0.7359577452132925	22.775598881662575	0.0006528460324618316	-1.0960256411669043e-13	0.7746500129622601	4131.595992204395
8.0	11.26256859869864	9.695950436219587	-276.09769506286995	0.7414675396311686	22.598759687564428	0.0006488891300769365	-9.613189914265379e-14	1.0229595087411116	3128.707306171531
9.0	11.15354986594739	9.569554191981338	-276.03714094140497	0.7465189428690867	22.385933932935256	0.000648717403887543	-8.064965788405426e-14	1.2744601780873033	2511.2914031722003
10.0	11.08672546532802	9.483262044631125	-275.98165638241943	0.7510850238072121	22.145276739247247	0.0006518382411182702	-6.965208385482811e-14	1.5233686075483985	2100.9628746824974
11.0	11.055334327920583	9.430746625387936	-275.93036243543946	0.7551785153800218	21.884707077424345	0.0006577317347352481	-6.086638751872822e-14	1.7663258446903845	1811.9764813139402
12.0	11.052967149126426	9.405987441513997	-275.8826089279207	0.7588343600463409	21.611160855440207	0.0006659144472779123	-5.29848372167968e-14	2.0012669521281667	1599.2573532044137
13.0	11.073991893931384	9.403681530263096	-275.8379085226175	0.7620976025003943	21.330317316573126	0.0006759655123843283	-4.765988318121967e-14	2.227421212041195	1436.8817498972278
14.0	11.113670887985078	9.419359202244491	-275.79589035151275	0.7650157282753054	21.04660669327391	0.0006875322910127485	-4.289094367050369e-14	2.4445029042271065	1309.280869898533
15.0	11.168120380957431	9.449349196121547	-275.75626772465046	0.7676343396879224	20.763356625648807	0.0007003258822080285	-3.887204395307379e-14	2.6524818474377967	1206.6212223120642
16.0	11.234205021292674	9.490681438709693	-275.71881547156613	0.7699950201099687	20.482985746066422	0.0007141126665270635	-3.544823161855232e-14	2.8518959493307174	1122.2502313476966
17.0	11.309415424485767	9.540973243010887	-275.683353917934	0.7721345335761355	20.20719536065962	0.0007287050357835785	-3.160640859099377e-14	3.043191971272799	1051.7052223877113
18.0	11.39175186859978	9.598320850050808	-275.64973744228814	0.7740847738066742	19.937137313140898	0.0007439527792780367	-2.9146320672042325e-14	3.2269812173302044	991.8064820854075
19.0	11.47962325196062	9.661205033697769	-275.61784622076465	0.7758730925956222	19.67355147831991	0.0007597356801384111	-2.698569175662197e-14	3.403819404086156	940.2792889287335
20.0	11.571763423086288	9.728412833342595	-275.5875802139547	0.7775227884420642	19.416873897920997	0.000775957419177125	-2.5101881510740042e-14	3.574050221524689	895.4941006818325
21.0	11.667163792679592	9.798974446872537	-275.5588547475187	0.7790536337854077	19.167319641060185	0.0007925406802631025	-2.3378200391901702e-14	3.7385578929193413	856.0896957026225
22.0	11.765019933554536	9.872113170144418	-275.5315972370112	0.7804823786726354	18.924945216204087	0.0008094232783435377	-2.182937266983046e-14	3.8977928020357697	821.1162192213893
23.0	11.864689642421181	9.947206040533068	-275.5057447412737	0.7818232032229817	18.689695044535455	0.0008265551212453618	-2.059421521609415e-14	4.052077740635594	789.8517979603055
24.0	11.965660133369717	10.023753017846337	-275.48124212003535	0.7830881102952492	18.46143579820173	0.0008438958336038597	-2.0135222484230597e-14	4.202190220246295	761.6363660777757
25.0	12.067522381720773	10.101352857022636	-275.4580406344871	0.784287259556253	18.239981636828386	0.0008614128978240928	-1.7767007100116466e-14	4.347633810828315	736.1569598949701
26.0	12.169951008158462	10.179684170721018	-275.4360968738892	0.7854292486294298	18.025112681059312	0.0008790801944463477	-1.6784873841657866e-14	4.489555238060932	712.8859584537131
27.0	12.27268843074464	10.258490493370397	-275.41537192281817	0.7865213485603471	17.816588487907477	0.0008968768490711918	-1.5585044530498166e-14	4.628061853952375	691.5510185289954
28.0	12.375532297421248	10.33756842330207	-275.395830706401	0.7875697008788666	17.614157841269215	0.0009147863139010026	-1.5344966943132478e-14	4.763521908948578	671.8854137951033
29.0	12.478325442136242	10.416758134325832	-275.37744146747946	0.7885794828720615	17.417565826564292	0.0009327956288980894	-1.457628977464512e-14	4.8961806580424545	653.681126667325
30.0	12.580947789120083	10.495935717339671	-275.3601753418383	0.7895550467530371	17.22655890100572	0.0009508948209276896	-1.3880538819581942e-14	5.026259905583225	636.7639057743036
31.0	12.683309769992325	10.575006943522764	-275.3440060066532	0.7905000374503527	17.040888481025767	0.0009690764096082336	-1.3343395371658571e-14	5.1541558420348075	620.9631580818509
32.0	12.785346925115253	10.65390214055698	-275.3289093839991	0.7914174928632499	16.8603134294875	0.0009873349964796274	-1.2862606971148293e-14	5.280038569929904	606.1586192084285
33.0	12.887015441149648	10.732571948816453	-275.31486338621835	0.7923099296717044	16.684601724226063	0.0010056669200428695	-1.2300365174419332e-14	5.4042171264248005	592.2302553808191
34.0	12.98828843698378	10.810983780996793	-275.30184769361415	0.7931794171666805	16.513531516118906	0.0010240699636425024	-1.2000227637649134e-14	5.526780093209887	579.096840282842
35.0	13.089152855042837	10.88911885080881	-275.28984355762714	0.7940276410638822	16.346891731602085	0.0010425431064240267	-1.1466926890283515e-14	5.6480096359705065	566.6670376290889
36.0	13.18960684815083	10.966969667579	-275.2788336246241	0.7948559588689678	16.184482335773666	0.0010610863099747487	-1.1030126183442377e-14	5.767471334282893	554.9296569349832
37.0	13.289657576713328	11.044537916774328	-275.26880177684154	0.7956654480524866	16.026114343818907	0.0010797003349866765	-1.0800764262173358e-14	5.88697949641062	543.6643512802065
38.0	13.38931934913722	11.121832663575217	-275.2597329880396	0.7964569480541283	15.87160964756471	0.0010983865835233067	-1.2449163964377794e-14	6.005372522653772	532.9462705007412
39.0	13.48861205193117	11.198868829372266	-275.2516131921254	0.7972310969506504	15.720800708377606	0.0011171469633725736	-1.186674408529435e-14	6.123128192750349	522.6970248157351
40.0	13.587559826035562	11.275665900580382	-275.2444291634883	0.7979883634789806	15.57353015589214	0.0011359837716176564	-1.3040415257493025e-14	6.240582394829271	512.8593272909612
41.0	13.686189953566988	11.352246836346547	-275.2381684081109	0.7987290749949496	15.429650323133854	0.0011548995950301075	-1.26430193848517e-14	6.35759233948114	503.4202757921973
42.0	13.784531925040703	11.428637147243615	-275.2328190647244	0.7994534418608099	15.289022741714792	0.0011738972252428028	-9.37384171552032e-15	6.474757281762658	494.31055862601477
43.0	13.88261666171227	11.504864121326822	-275.22836981540394	0.800161578685432	15.151517615426748	0.001192979586926627	-9.31953088338138e-15	6.592059260815658	485.5145808443388
44.0	13.980475871344407	11.580956177346684	-275.2248098050686	0.8008535227851787	15.017013286329357	0.0012121496774065198	6.376231207736828e-15	6.70948878041009	477.01710125228595
45.0	14.07814151866657	11.656942327664852	-275.2221285693907	0.8015292501877781	14.885395704093384	0.0012314105163217142	1.53839172045767e-14	6.8272537560625794	468.78891619838885
46.0	14.175645394287162	11.732851735728447	-275.22031597063017	0.8021886894629916	14.756557906678925	0.0012507651040819957	1.5097104436518284e-14	6.945607400156037	460.8007197245347
47.0	14.273018767901416	11.80871335488195	-275.2193621409161	0.8028317336316922	14.63039951829069	0.001270216387997088	1.3938388946957228e-14	7.064515300508748	453.04465384701916
48.0	14.37029211344353	11.88455563696095	-275.2192574324934	0.8034582503768468	14.50682626883862	0.0012897672350696684	1.3767262605904799e-14	7.184030248181051	445.5077134072914
49.0	14.467494895402346	11.960406300557537	-275.21999237445215	0.8040680907555434	14.385749537756421	0.0013094204105462282	1.0695115699584135e-14	7.303755756335475	438.2048080043915
50.0	14.564655406897076	12.036292150114766	-275.2215576354537	0.8046610965896512	14.267085923938287	0.001329178561414947	1.0094401838810247e-14	7.425076171946483	431.04485594481577
51.0	14.661807312434158	12.11224512486236	-275.2239439919745	0.8052370157556449	14.150753848134348	0.0013490451024868002	9.63469916839563e-15	7.547381803116255	424.0597564038006
52.0	14.758956260452381	12.188271263691965	-275.22714230159227	0.8057959620809071	14.036688149926329	0.0013690197159015182	9.220943389145935e-15	7.670780300239121	417.23798148881747
53.0	14.856146442854808	12.264412501638537	-275.2311434808493	0.8063375102747883	13.924809793274607	0.001389107329043583	1.4372235486543173e-15	7.795332878236089	410.57141996483506
54.0	14.95339395724473	12.340684756991607	-275.23593848724965	0.8068616088370185	13.815055489479672	0.0014093091277779513	1.7771935926095414e-15	7.921084592735251	404.0533656023952
55.0	15.050720106327715	12.41710884061544	-275.2415183049542	0.8073681282123716	13.707362427016793	0.0014296270471708097	1.8277609349680095e-15	8.048172898051412	397.6729786323126
56.0	15.148144747087223	12.493704262071349	-275.24787393376977	0.8078569539799804	13.60167099282593	0.0014500628737480602	2.348890176720327e-15	8.176627421306723	391.42555041409383
57.0	15.245686314272053	12.57048923656228	-275.2549963810441	0.8083279885890418	13.497924521800297	0.0014706182474934204	2.2810829436580232e-15	8.446696630508525	378.91036329586643
58.0	15.34336185421526	12.647480703162064	-275.2628766561068	0.8087811526494116	13.396069067651057	0.0014912946649401821	1.8743962985249616e-15	8.43737394379361	379.3290317860358
59.0	15.441187066619902	12.724694352003581	-275.27150576692065	0.8092163858385732	13.296053193710632	0.0015120934831193353	1.9552201884716315e-15	8.569796704509796	373.46753946119793
60.0	15.539176352285985	12.802144658418436	-275.2808747186349	0.8096336474800315	13.197827782247213	0.0015330159241575385	1.8144888714986356e-15	8.703603698927662	367.72594429021194
61.0	15.637342865120937	12.879844922369431	-275.29097451375577	0.810032916841083	13.10134586087831	0.0015540630803548114	1.7713631680779377e-15	8.838811736432033	362.10080996791544
62.0	15.73569856704173	12.957807311769184	-275.3017961536788	0.8104141931925388	13.006562444719155	0.0015752359195973559	1.7724320660083842e-15	8.975389890087317	356.59073623650903
63.0	15.834254284618952	13.036042908509643	-275.31333064134645	0.8107774956678663	12.913434392960667	0.001596535290984676	1.7315629290858447e-15	9.145124188758949	349.972381222555
64.0	15.933019766542264	13.114561756246795	-275.32556898482454	0.8111228629543665	12.821920278632138	0.0016179619305739165	9.586104984718724e-16	9.253020157734667	345.8914856292192
65.0	16.03200374132196	13.193372909304165	-275.338502201608	0.811450352842734	12.731980270325392	0.0016395164671852516	9.835282521863688e-16	9.39399338391872	340.7007816712816
66.0	16.131213974213395	13.272484481663028	-275.35212132349204	0.811760041665902	12.64357602492956	0.0016611994281443719	-5.167425315340503e-15	9.536545504874411	335.60799214768747
67.0	16.23065732220123	13.351903694867687	-275.3664174018601	0.8120520236590979	12.556670590559648	0.0016830112448097026	-5.117914259121385e-15	9.680450061560087	330.61901756251217
68.0	16.33033978990297	13.431636927461938	-275.38138151326245	0.8123264102139692	12.471228317720314	0.0017049522583102174	-5.2989532417412235e-15	9.825726770418697	325.730703051045
69.0	16.430266581937673	13.511689761707094	-275.39700476517316	0.8125833291030163	12.38721477919027	0.00172702272486106	-5.186636627703887e-15	9.972403916571796	320.9397569223413
70.0	16.53044215393989	13.592067029566062	-275.41327830182973	0.8128229236546876	12.304596697054318	0.001749222820976287	-5.078137447404739e-15	10.120385021157865	316.2469493230589
71.0	16.630870261535513	13.672772857254744	-275.43019331007395	0.8130453518992705	12.223341876337445	0.0017715526484844975	-4.973272206485703e-15	10.269723322944252	311.648209817437
72.0	16.731554007210708	13.753810708243712	-275.44774102512395	0.813250785695904	12.14341914457549	0.0017940122393393888	-5.018697890657158e-15	10.42053914362384	307.13774448746403
73.0	16.832495885007305	13.83518342459914	-275.4659127362206	0.8134394098500859	12.064798296728707	0.0018166015602161505	-4.287848669197729e-15	10.572400915415988	302.7260235893188
74.0	16.933697823026222	13.91689326660131	-275.4846997920998	0.8136114212294953	11.987450044895894	0.001839320516890446	-5.576440350221768e-16	10.725292151416136	298.41060212922645
75.0	17.035161223751896	13.998941950612434	-275.5040936062518	0.8137670278846908	11.911345972338056	0.001862168958400358	-5.466852099670203e-16	10.879631288595325	294.17733046440213
76.0	17.136887002223737	14.081330685181511	-275.52408566193856	0.8139064481802916	11.836458491371527	0.001885146680992726	-5.3606867651704075e-16	11.035134444642136	290.0318890514205
77.0	17.238875622093847	14.164060205389008	-275.54466751694315	0.8140299099414566	11.76276080473292	0.0019082534318570082	1.4266194324458928e-15	11.191747111395717	285.9733031009149
78.0	17.341127129641983	14.247130805468368	-275.56583080803625	0.8141376496192669	11.690226870057495	0.0019314889126535084	1.3995503720373597e-15	11.349424083952684	282.00029052058284
79.0	17.44364118579325	14.330542369718666	-275.58756725514496	0.8142299114785652	11.618831367153449	0.0019548527828393662	1.3732943124099605e-15	11.508173734496362	278.11023388725573
80.0	17.54641709623987	14.414294401779499	-275.60986866521955	0.8143069468103459	11.548549667779817	0.0019783446628032597	1.4083539742475424e-15	11.66823306766474	274.29524850556544
81.0	17.649453839716333	14.498386052291345	-275.63272693579177	0.8143690131711749	11.479357807676468	0.0020019641368122904	1.3825120546687335e-15	11.829044557813763	270.56630594918295
82.0	17.75275009453935	14.582816145026838	-275.65613405822637	0.8144163736506651	11.411232460611261	0.00202571075578327	1.3574178652750841e-15	11.990797783575527	266.91642596958127
83.0	17.856304263458124	14.667583201516145	-275.6800821206685	0.8144492961688088	11.34415091424396	0.0020495840398816064	1.3330410843472912e-15	12.153538217002518	263.3423149514167
84.0	17.960114496935837	14.752685464265696	-275.7045633106901	0.8144680528032293	11.278091047619473	0.00207358348096107	1.3093529967228528e-15	12.316897194798308	259.84960646319377
85.0	18.064178714914203	14.838120918602945	-275.7295699176458	0.8144729191474098	11.213031310129802	0.002097708544848791	1.2863263892091936e-15	12.481547178621419	256.42180757830175
86.0	18.16849462715928	14.923887313227704	-275.75509433474264	0.814464173699749	11.148950701798137	0.002121958673485769	1.263935453962622e-15	12.646622316966456	253.074758516523
87.0	18.273059752259606	15.009982179524838	-275.7811290608376	0.8144420972835984	11.085828754755624	0.0021463332869299783	1.2421556991463267e-15	12.812478239276592	249.79873753890274
88.0	18.377871435353505	15.096402849700715	-275.8076667019707	0.8144069724980387	11.023645515795915	0.002170831785229738	1.2209638662459266e-15	12.979127993018132	246.5913650468371
89.0	18.482926864656363	15.183146473800763	-275.8346999726463	0.8143590831990912	10.962381529904924	0.0021954535501744936	1.1178250568347806e-15	13.146642141999697	243.4493047233072
90.0	18.58822308686566	15.270210035673912	-275.86222169687517	0.8142987140107208	10.902017824673914	0.002220197946931123	1.0991242567124088e-15	13.31451229697165	240.37988155554976
91.0	18.693757021506766	15.35759036793614	-275.89022480898893	0.8142261498650867	10.842535895515697	0.0022450643255719446	1.08091218849089e-15	13.483454936696893	237.36801168113732
92.0	18.799525474280625	15.44528416598412	-275.91870235423914	0.8141416755714317	10.783917691610835	0.0022700520225007593	1.0631711233038075e-15	13.652502094094976	234.42888833544035
93.0	18.905525149478287	15.533288001115785	-275.94764748919465	0.8140455754126773	10.726145602521663	0.0022951603617832007	1.0458841721094137e-15	13.82212483187747	231.55201735225714
94.0	19.011752661521687	15.621598332808707	-275.9770534819486	0.8139381327689196	10.669202445415335	0.0023203886563878304	1.0290352364453807e-15	13.992205083359373	228.73741985973965
95.0	19.118204545681692	15.71021152020022	-276.0069137121482	0.8138196297670123	10.613071452845329	0.0023457362093430596	1.0126089625909078e-15	14.162790081115384	225.9823714526099
96.0	19.22487726803337	15.799123832823408	-276.03722167085897	0.8136903469551111	10.557736261047433	0.0023712023148159287	9.965906988674497e-16	14.333779289008959	223.28660323171772
97.0	19.331767234682086	15.88833146062676	-276.0679709602748	0.813550563001537	10.50318089871029	0.0023967862591157698	9.809664558337937e-16	14.50511341980484	220.6491460139867
98.0	19.438870800320377	15.977830523332164	-276.0991552932864	0.8134005544167677	10.449389776183251	0.0024224873216294536	2.9933162682700136e-15	14.676856114030778	218.06719804633798
99.0	19.546184276170674	16.067617079182078	-276.1307684929175	0.8132405952973595	10.396347675089633	0.0024483047756941293	2.9472081256332967e-15	14.8489364591987	215.54007572934742
100.0	19.653703937307537	16.15768713306624	-276.1628044916417	0.8130709570916287	10.34403973832104	0.0024742378894047753	2.902202393048746e-15	15.021276376947233	213.06717276221238
101.0	19.761430397270594	16.24804085526698	-276.19525733058697	0.8128918463590648	10.292450820674937	0.0025002866335336322	2.858262515415587e-15	15.193855716761348	210.6470502668541
102.0	19.869346775301942	16.338661532828624	-276.22812115864053	0.8127037147051797	10.2415686780605	0.002526448146412622	2.815354794217689e-15	15.366687198265442	208.277870670604
103.0	19.977462380226328	16.429557687544417	-276.26139023146163	0.8125066383449081	10.191377561421083	0.002552723806221951	2.773445033909362e-15	15.539691594517977	205.95909960304675
104.0	20.085769037703827	16.520720970659738	-276.29505891041146	0.8123009382033459	10.141864605075407	0.002579112159955319	2.7325017363044977e-15	15.712874979689538	203.68906982668514
105.0	20.19426293423524	16.61214722429674	-276.329121661408	0.8120868696425415	10.093016619733337	0.002605612459805548	2.6924943926719966e-15	15.886191152356542	201.46684993408198
106.0	20.302940253880983	16.703832275585526	-276.3635730537148	0.8118646843604834	10.04482072401642	0.002632223956519712	2.653393743148938e-15	16.05960870007295	199.2913369614926
107.0	20.4117971824443	16.795771941574706	-276.39840775866935	0.811634630278578	9.997264336516272	0.0026589458998834714	2.6151717131653962e-15	16.233095812270708	197.16146112417113
108.0	20.520829911323233	16.887962033793155	-276.43362054836	0.8113969514429078	9.950335168087609	0.002685777539171262	2.5778013537296653e-15	16.406662867018852	195.0756783909893
109.0	20.630034641027947	16.980398362459074	-276.4692062942556	0.8111518879388715	9.904021214367406	0.0027127181235605978	2.5412567853062705e-15	16.580234333750386	193.03351354938337
110.0	20.73940758442489	17.073076740396214	-276.5051599657968	0.810899675817822	9.858310748505906	0.0027397669025189726	2.5055131450354216e-15	16.753793454709434	191.0338036318751
111.0	20.84894496969331	17.165992986643055	-276.54147662895116	0.8106405470354677	9.813192314104224	0.00276692312615992	2.4705465370670855e-15	16.92748741375258	189.07359436674025
112.0	20.958643043028033	17.2591429297881	-276.5781514447408	0.8103747294010749	9.768654718348682	0.0027941860455724457	2.4363339857968962e-15	17.100845455267223	187.15688047634856
113.0	21.06849807111443	17.352522411056885	-276.6151796677456	0.8101024465366535	9.724687025333527	0.0028215549131269586	2.4028533918077885e-15	17.27440879140153	185.27643565486596
114.0	21.17850634336901	17.44612728714402	-276.6525566445866	0.8098239178458302	9.681278549566448	0.002849028982755902	2.3700834903383166e-15	17.447808666895565	183.4351207087955
115.0	21.28866417398355	17.539953432828423	-276.69027781239413	0.8095393584913722	9.638418849649762	0.002876607510213775	2.3380038121085596e-15	17.62130191637015	181.62908189789658
116.0	21.398967903776445	17.633996743374794	-276.72833869726566	0.8092489793809902	9.596097722130336	0.002904289753316867	2.306594646349879e-15	17.794550210378496	179.8607355104302
117.0	21.509413901862892	17.7282531367339	-276.7667349127141	0.8089529871607878	9.554305195514532	0.002932074972163222	2.275837005894965e-15	17.967574251331055	178.1287136564279
118.0	21.61999856716138	17.822718555558566	-276.8054621581138	0.8086515842157953	9.513031524440953	0.0029599624293353585	2.2457125941951034e-15	18.140348598202554	176.43216014234056
119.0	21.730718329747614	17.917388969047266	-276.84451621714345	0.8083449686770185	9.472267184007292	0.0029879513900864484	2.2162037741413207e-15	18.31283037967845	174.7704108299699
120.0	21.84156965206499	18.012260374624436	-276.8838929562316	0.808033334434563	9.432002864245925	0.003016041122511068	2.18729353857518e-15	18.485338735556752	173.1394233398429
121.0	21.952549030001222	18.107328799467545	-276.9235883230056	0.8077168711563518	9.392229464744304	0.0030442308977012876	2.158965482383028e-15	18.657883351265685	171.53826233450232
122.0	22.06365299383964	18.202590301889895	-276.96359834474737	0.8073957643119998	9.352938089405887	0.0030725199898889556	2.1312037760749682e-15	18.829965136679576	169.97062212725535
123.0	22.174878109108576	18.29804097260271	-277.0039191268571	0.8070701952012124	9.314120041346706	0.0031009076765774013	2.1039931407560253e-15	19.00170189612275	168.43443321090194
124.0	22.28622097730765	18.393676935836126	-277.04454685132765	0.8067403409867359	9.275766817925671	0.0031293932386586916	0.0	19.1734100359649	166.9260127912812
125.0	22.39767823653978	18.48949435034796	-277.0854777752315	0.8064063747311783	9.237870105903262	0.003157975960520695	0.0	19.344666400313347	165.44823377590598
126.0	22.509246562068192	18.58548941034042	-277.1267082292204	0.8060684654371288	9.200421776725516	0.003186655130146256	0.0	19.515665818494526	163.9985496104817
127.0	22.620922666765985	18.681658346252362	-277.1682346160411	0.805726778090869	9.163413881930811	0.0032154300391994306	0.0	19.686429258955805	162.5759982582904
128.0	22.732703301506692	18.777997425476187	-277.2100534090669	0.8053814737087074	9.126838648674553	0.0032442999831058666	0.0	19.856940455495202	161.17996103625518
129.0	22.844585255466853	18.874502952971312	-277.2521611508468	0.805032709386121	9.090688475371273	0.003273264261122121	0.0	20.027022869263842	159.81111670012302
130.0	22.956565356376373	18.971171271809602	-277.29455445167275	0.8046806383490503	9.054955927447836	0.0033023221763999254	0.0	20.196853680497682	158.46730087500885
131.0	23.068640470697144	19.067998763634403	-277.33722998816705	0.8043254100073931	9.01963373320731	0.0033314730360415644	0.0	20.366298565083333	157.14887409158734
132.0	23.180807503747566	19.164981849051347	-277.3801845018887	0.8039671700102522	8.984714779800296	0.0033607161511487933	0.0	20.535546401481643	155.85370003522462
133.0	23.293063399781627	19.262116987959562	-277.4234147979612	0.8036060603026968	8.950192109299532	0.0033900508368669047	0.0	20.703993207567724	154.5856809760783
134.0	23.40540514200552	19.359400679807237	-277.46691774372096	0.8032422191840821	8.916058914877215	0.003419476412420574	0.0	20.87226336802464	153.33942622720252
135.0	23.517829752559674	19.45682946379966	-277.51069026738804	0.8028757813674005	8.882308537080732	0.0034489922011459203	0.0	21.040278341560015	152.1149500476929
136.0	23.630334292465815	19.55439991905981	-277.55472935675857	0.8025068780395354	8.84893446020464	0.003478597530518535	0.0	21.207595228607016	150.9148422730519
137.0	23.742915861519993	19.65210866472326	-277.59903205791915	0.8021356369225369	8.815930308757878	0.0035082917321739605	0.0	21.37469390015828	149.73505135866557
138.0	23.855571598162054	19.74995235999757	-277.6435954739846	0.8017621823354241	8.783289844021267	0.0035380741419259224	0.0	21.541380212805322	148.57640769988302
139.0	23.96829867931914	19.84792770418521	-277.688416763858	0.8013866352563613	8.75100696069525	0.003567944099780978	0.0	21.707811360808037	147.43729046283832
140.0	24.08109432020246	19.946031436648827	-277.7334931410132	0.8010091133854689	8.719075683634637	0.0035979009499467708	0.0	21.873257387951778	146.32209698583245
141.0	24.193955774100154	20.04426033676231	-277.77882187230125	0.8006297312075563	8.687490164667112	0.0036279440408405203	0.0	22.038759839888556	145.22327536430655
142.0	24.306880332126916	20.142611223809403	-277.8244002767786	0.8002486000551878	8.656244679496158	0.003658072725090696	0.0	22.20391147416448	144.14311157022797
143.0	24.419865322964498	20.241080956863335	-277.8702257245591	0.7998658281716099	8.625333624683059	0.0036882863595381348	0.0	22.36820042724926	143.08441572335929
144.0	24.53290811257503	20.339666434630566	-277.9162956356883	0.7994815207736571	8.59475151470808	0.003718584305232961	0.0	22.5322933432214	142.04239400597032
145.0	24.646006103903908	20.43836459527546	-277.9626074790405	0.7990957801143652	8.564492979107698	0.003748965927430189	0.0	22.695799063145927	141.01908815861364
146.0	24.759156736565505	20.537172416219615	-278.0091587712385	0.7987087055453147	8.534552759686433	0.0037794305955827215	0.0	22.858846042682657	140.01323089275022
147.0	24.87235748649834	20.63608691390294	-278.05594707559567	0.7983203935788179	8.504925707801924	0.003809977683329357	0.0	23.021154312558373	139.0260820748686
148.0	24.98560586563854	20.735105143555174	-278.10297000108017	0.7979309379492844	8.475606781719028	0.003840606568486208	0.0	23.183385914877356	138.05321192803376
149.0	25.098899421559107	20.83422419892654	-278.15022520130105	0.797540429674359	8.446591044034282	0.0038713166330321095	0.0	23.344947292676277	137.09779888515843
150.0	25.212235737095767	20.933441211997916	-278.1977103735164	0.7971489571155578	8.417873659167197	0.003902107263091852	0.0	23.506090798124493	136.15793950610117
151.0	25.32561601964894	21.032756892989735	-278.2454232576625	0.7967565636786338	8.389449687138093	0.003932978499048821	0.0	23.66682694466963	135.23320622567866
152.0	25.439027152478758	21.13215782858235	-278.29336163540444	0.7963634596698671	8.361315100076297	0.003963927784889578	0.0	23.82696049977517	134.32434610978416
153.0	25.552477590960716	21.231651884530148	-278.34152332920786	0.7959695987605551	8.333464742125546	0.003994956469457906	0.0	23.986657949589723	133.4300466385189
154.0	25.665961465531222	21.331232802374537	-278.3899062014304	0.795575101639082	8.305894364962976	0.004026063305157364	0.0	24.145799377166313	132.55062874176681
155.0	25.77947652964755	21.430897900604723	-278.4385081534348	0.795180044270479	8.278599606709948	0.004057247698572641	0.0	24.304467949627295	131.68528912253092
156.0	25.893020569686673	21.530644533977245	-278.48732712472054	0.7947845003124689	8.251576193569242	0.004088509060313044	0.0	24.46218326618058	130.83627303785116
157.0	26.006591404555216	21.630470093170178	-278.5363610920763	0.794388541170709	8.224819937736987	0.004119846804991704	0.0	24.61965866125728	129.99940141138055
158.0	26.120186885288767	21.730372004423206	-278.5856080687507	0.7939922360532046	8.198326735371097	0.004151260351201564	0.0	24.77681924093091	129.17480883214878
159.0	26.233804894625564	21.83034772914659	-278.63506610364294	0.7935956520242303	8.17209256461113	0.004182749121487452	0.0	24.93344707822292	128.36335380643519
160.0	26.347443346609566	21.930394763556183	-278.6847332805112	0.7931988540569254	8.146113483649973	0.00421431254232202	0.0	25.089410579558606	127.56540767536288
161.0	26.461100186178165	22.03051063828856	-278.73460771720005	0.792801905085213	8.120385628854917	0.004245950044079004	0.0	25.245029919793023	126.7790491468824
162.0	26.574773388740557	22.130692918003543	-278.78468756488513	0.7924048660548881	8.094905212938377	0.004277661061003931	0.0	25.432459039550398	125.84472794937945
163.0	26.688460959789595	22.230939201016398	-278.834971007336	0.7920077959734029	8.069668523174542	0.004309445031190301	0.0	25.566002108666645	125.18738265420863
164.0	26.80216093446458	22.331247118877428	-278.8854562601956	0.7916107519593423	8.044671919663163	0.004341301396546786	0.0	25.709028844337503	124.49092917101324
165.0	26.915871377169246	22.431614336004266	-278.9361415702771	0.7912137892902739	8.019911833637707	0.0043732296027729056	0.0	25.862443088280745	123.75245749177667
166.0	27.0295903811483	22.53203854926883	-278.987025214877	0.7908169614502436	7.995384765816918	0.004405229099327584	0.0	26.015702306632633	123.02342835849511
167.0	27.14331606808703	22.632517487605117	-279.0381055011047	0.7904203201760435	7.971087284799167	0.004437299339400577	0.0	26.216666168186944	122.08039223536768
168.0	27.25704658772133	22.733048911624746	-279.08938076522736	0.7900239155024535	7.947016025497867	0.0044694397798851326	0.0	26.320362327076328	121.59942363800556
169.0	27.37078011741496	22.83363061319662	-279.1408493720305	0.7896277958070083	7.923167687617148	0.004501649881344654	0.0	26.484635191849602	120.84519442053303
170.0	27.484514861792114	22.934260415080296	-279.1925097141943	0.7892320078531733	7.899539034166366	0.004533929107987884	0.0	26.622238437512188	120.22057786118462
171.0	27.598249052316444	23.034936170502803	-279.24436021168407	0.7888365968333085	7.876126890013049	0.004566276927634498	0.0	26.77273026551815	119.54480761486184
172.0	27.71198094692211	23.135655762786186	-279.2963993111551	0.7884416064101012	7.852928140472773	0.004598692811688623	0.0	26.922521695216698	118.87968464278715
173.0	27.825708829613582	23.236417104940916	-279.34862548537245	0.7880470787575506	7.829939729934612	0.004631176235106844	0.0	27.071900406911162	118.22372426055811
174.0	27.939431010094605	23.337218139287124	-279.4010372326437	0.7876530546007285	7.807158660521728	0.004663726676370319	0.0	27.2207239958475	117.57736088886527
175.0	28.05314582337707	23.438056837054102	-279.45363307626616	0.7872595732549116	7.784581990786929	0.004696343617452444	0.0	27.36934180591587	116.93890600701843
176.0	28.16685162941867	23.53893119800659	-279.5064115639862	0.7868666726635788	7.762206834440134	0.004729026543791346	0.0	27.516731840958265	116.31253694713834
177.0	28.280546812748053	23.639839250056976	-279.5593712674725	0.7864743894357294	7.740030359108542	0.0047617749442594795	0.0	27.664147642956976	115.69273451773175
178.0	28.39422978208222	23.74077904886876	-279.61251078180106	0.7860827588824383	7.718049785129186	0.004794588311130627	0.0	27.810855608116476	115.0824316236388
179.0	28.5078989699989	23.841748677513035	-279.6658287249537	0.7856918150520514	7.696262384369788	0.0048274661400568636	0.0	27.956997081797944	114.48085356061877
180.0	28.62155283254416	23.942746246059503	-279.7193237373271	0.785301590765266	7.674665479082002	0.004860407930032418	0.0	28.10261289918915	113.887662346454
181.0	28.735189848898415	24.043769891224176	-279.77299448125433	0.784912117648831	7.653256440781365	0.004893413183368044	0.0	28.247738204941847	113.30255419727844
182.0	28.848808521021674	24.144817775995875	-279.8268396405382	0.7845234261686737	7.632032689156986	0.004926481405660308	0.0	28.392383728016796	112.72533224315904
183.0	28.9624073733089	24.245888089271098	-279.88085791999515	0.7841355456622131	7.610991691007467	0.004959612105762672	0.0	28.536411042683945	112.15639150027238
184.0	29.075984952257237	24.34697904550012	-279.9350480450101	0.7837485043697947	7.590130959203633	0.004992804795757876	0.0	28.680109794224766	111.59444339227879
185.0	29.189539826114228	24.44808888431354	-279.9894087611025	0.7833623294655803	7.569448051678339	0.005026058990925729	0.0	28.822979284747277	111.0412930355759
186.0	29.303070584568445	24.549215870189897	-280.0439388335019	0.7829770470873212	7.548940570439751	0.005059374209718652	0.0	28.965562718530855	110.49469054051538
187.0	29.416575838403823	24.650358292086445	-280.0986370467344	0.7825926823658022	7.5286061606104395	0.005092749973729587	0.0	29.10761932205571	109.9554330948258
188.0	29.530054219197737	24.751514463113324	-280.1535022042186	0.782209259453129	7.508442509489921	0.00512618580766709	0.0	29.2491584429398	109.42334956951579
189.0	29.643504378988737	24.85268272017602	-280.20853312787153	0.7818268015507113	7.488447345640214	0.005159681239324791	0.0	29.390361254924205	108.89763692100661
190.0	29.756924989973115	24.95386142364684	-280.26372865772305	0.7814453309362455	7.468618437994454	0.005193235799554901	0.0	29.531000266767226	108.3790206902572
191.0	29.870314744189503	25.055048957023207	-280.3190876515406	0.7810648689902223	7.4489535949870405	0.005226849022239419	0.0	29.671105182932415	107.86726241518599
192.0	29.983672353233924	25.156243726616825	-280.3746089844622	0.7806854362214481	7.429450663705696	0.005260520444265688	0.0	29.810431136853573	107.36311978256636
193.0	30.096996547937618	25.257444161204244	-280.4302915486386	0.7803070522923841	7.41010752906415	0.005294249605495087	0.0	29.949535368864133	106.86445881371749
194.0	30.21028607808703	25.35864871171948	-280.48613425288295	0.7799297360434432	7.390922112994523	0.005328036048738877	0.0	30.08806391994284	106.3724438179815
195.0	30.323539712144395	25.459855850947616	-280.54213602233	0.779553505516656	7.371892373660596	0.005361879319732825	0.0	30.226051966575902	105.88683207635347
196.0	30.436756236944593	25.56106407319317	-280.5982957981029	0.7791783779790693	7.3530163046892545	0.005395778967107866	0.0	30.363424326821143	105.40777135235037
197.0	30.549934457422324	25.662271893979472	-280.6546125369874	0.7788043699452242	7.334291934421374	0.005429734542364981	0.0	30.50058615170916	104.93375022357094
198.0	30.663073196343547	25.76347784975155	-280.7110852111139	0.7784314971990802	7.3157173251801595	0.005463745599850863	0.0	30.63739606043244	104.46517330006998
199.0	30.776171294028877	25.86468049757115	-280.7677128076483	0.7780597748154586	7.29729057255803	0.005497811696731023	0.0	30.77345373076103	104.00330482622131
200.0	30.889227608082663	25.965878414816657	-280.82449432848773	0.777689217180945	7.279009804719853	0.005531932392964043	0.0	30.907352872696404	103.55273394323324
201.0	31.002244134687476	26.067073314591976	-280.8814287899658	0.7773198087275873	7.260873104029776	0.005566107866216653	0.0	31.041848237309964	103.10406984946043
202.0	31.11521040059827	26.1682544669775	-280.9385152225625	0.7769516503850883	7.2428788948584195	0.005600335837142958	0.0	31.162417920041186	102.70515263379556
203.0	31.228134678391946	26.269429855678204	-280.9957526706233	0.7765846667351062	7.225025165993653	0.005634617718754115	0.0	31.3130683140315	102.21102757540315
204.0	31.34101277068817	26.370595020788308	-281.05314019208294	0.7762188988950868	7.20731024695214	0.005668952466994046	0.0	31.446649135635447	101.77684989937742
205.0	31.453843617697522	26.47174863702303	-281.11067685819603	0.7758543581036744	7.189732418889328	0.00570333965542182	0.0	31.561937148281768	101.40508403775824
206.0	31.56662617539895	26.572889397724904	-281.16836175327484	0.7754910550251564	7.172289991693376	0.005737778860241555	0.0	31.712664862887618	100.92311392794535
207.0	31.679359415322462	26.67401601461704	-281.2261939744318	0.7751289997665237	7.1549813033966565	0.005772269660283102	0.0	31.844633846113194	100.50487326631954
208.0	31.79204232430322	26.77512721752787	-281.28417263132957	0.7747682018943683	7.137804719601914	0.005806811636976547	0.0	31.97673929164885	100.08965766412024
209.0	31.904673904252423	26.87622175413333	-281.34229684593487	0.7744086704511659	7.120758632922538	0.005841404374328826	0.0	32.10803928966257	99.68035917865576
210.0	32.01725317194066	26.977298389710576	-281.40056575228033	0.7740504139710968	7.103841462434525	0.005876047458903384	0.0	32.23853803554963	99.27686191559619
211.0	32.12977915877446	27.0783559068864	-281.45897849622935	0.7736934404954499	7.08705165314335	0.005910740479796482	0.0	32.36887423514594	98.87711465234793
212.0	32.24225091056938	27.17939310538033	-281.5175342352488	0.7733377575877801	7.0703876754610215	0.005945483028614375	0.0	32.49888394430574	98.48156307154468
213.0	32.35466748735334	27.280408801780187	-281.5762321381849	0.7729833723482943	7.053848024697474	0.005980274699453792	0.0	32.62854719458727	98.0902051761254
214.0	32.46702796313404	27.381401829280215	-281.6350713850455	0.772630291428286	7.0374312205625325	0.0060151150888765334	0.0	32.75744147602945	97.7042389363034
215.0	32.57933142571471	27.482371037468685	-281.6940511667867	0.7722785210437193	7.021135806679867	0.00605000379589213	0.0	32.88590694605141	97.32256720686982
216.0	32.69157697647901	27.58331529208421	-281.7531706851048	0.771928066988775	7.0049603501121265	0.006084940421934561	0.0	33.014015055415115	96.94491516841384
217.0	32.80376373018285	27.684233474779138	-281.81242915223237	0.7715789346489906	6.98890344089698	0.006119924570839848	0.0	33.14163177116506	96.57161454858095
218.0	32.91589081478172	27.785124482919233	-281.8718257907394	0.7712311290137218	6.972963691594055	0.006154955848829676	0.0	33.26881983282355	96.20241730842075
219.0	33.02795737123102	27.88598722935607	-281.93135983333895	0.7708846546885522	6.957139736842185	0.006190033864489743	0.0	33.39564030743032	95.83708710037388
220.0	33.139962553269385	27.986820642182057	-281.991030522697	0.7705395159075534	6.941430232926696	0.006225158228744652	0.0	33.5219205401784	95.47605976453174
221.0	33.25190552727085	28.08762366455581	-282.0508371112462	0.77019571654458	6.92583385735677	0.0062603285548450465	0.0	33.64764983140983	95.1192997119304
222.0	33.36378547204633	28.188395254475964	-282.1107788610052	0.7698532601247597	6.910349308452277	0.0062955444583451346	0.0	33.77307767114616	94.76604175906421
223.0	33.475601578652515	28.28913438456282	-282.1708550433999	0.769512149835618	6.894975304940134	0.006330805557081103	0.0	33.8980809363197	94.41658054119442
224.0	33.587353050239614	28.389840041879403	-282.2310649390908	0.7691723885375701	6.879710585559582	0.00636611147115665	0.0	34.0225297759503	94.07122015889426
225.0	33.699039101854574	28.490511227707653	-282.2914078378024	0.7688339787745473	6.864553908676598	0.006401461822919651	0.0	34.1466588839297	93.72925473602375
226.0	33.81065896028945	28.591146957371038	-282.3518830381581	0.7684969227839178	6.8495040519074575	0.006436856236946517	0.0	34.270121298941206	93.39158332698516
227.0	33.922211863898866	28.691746260024544	-282.41248984751695	0.7681612225065105	6.834559811749138	0.006472294340021952	0.0	34.39350049610078	93.0565613488166
228.0	34.03369706244385	28.79230817847348	-282.4732275818157	0.767826879596049	6.819720003220082	0.006507775761121374	0.0	34.516330700745634	92.72540921757994
229.0	34.145113816934355	28.892831768990067	-282.53409556541317	0.7674938954284098	6.8049834595078575	0.006543300131393864	0.0	34.63870587090869	92.3978193886259
230.0	34.25646139945542	28.993316101113294	-282.59509313093855	0.7671622711108091	6.790349031624199	0.006578867084142141	0.0	34.76075320475922	92.07340445309335
231.0	34.36773909302609	29.093760257483215	-282.6562196191427	0.7668320074904108	6.775815588068898	0.0066144762548073135	0.0	34.882351911554366	91.75243965862907
232.0	34.47894619145158	29.194163333668207	-282.71747437875325	0.7665031051627915	6.76138201450074	0.006650127280952434	0.0	35.00352148186279	91.43482579529403
233.0	34.59008199914071	29.294524437956486	-282.7788567663321	0.7661755644805356	6.747047213414821	0.006685819802240021	0.0	35.12419159102429	91.12069898097893
234.0	34.70114583098936	29.39484269121582	-282.840366146137	0.7658493855609739	6.732810103828192	0.006721553460420659	0.0	35.22144788042788	90.86908919194252
235.0	34.812137012230366	29.49511722671895	-282.90200188998483	0.7655245682940439	6.718669620971838	0.006757327899315492	0.0	35.36443532424045	90.50168225709388
236.0	34.923054878277995	29.59534718996363	-282.963763377119	0.7652011123499972	6.704624715989322	0.00679314276479749	0.0	35.484457550013246	90.19557039599613
237.0	35.033898774595905	29.69553173851728	-283.0256499940794	0.7648790171866776	6.690674355642673	0.006828997704776248	0.0	35.60346576392722	89.89408250695317
238.0	35.144668056560846	29.795670041855928	-283.0876611345745	0.7645582820567297	6.676817522022821	0.006864892369183603	0.0	35.72206654908263	89.59562528439855
239.0	35.25536208932164	29.895761281201096	-283.1497961993573	0.7642389060145356	6.663053212269184	0.0069008264099551676	0.0	35.8396987421048	89.3015566884755
240.0	35.3659802476657	29.995804649362515	-283.2120545961027	0.763920887923008	6.6493804382930675	0.006936799481015335	0.0	35.95729547509091	89.00949992562988
241.0	35.476521915894736	30.09579935059091	-283.27443573928855	0.763604226460108	6.635798226507549	0.006972811238263319	0.0	36.074326481218684	88.72073857240962
242.0	35.58698648769462	30.195744600425478	-283.33693905007885	0.7632889201252205	6.622305617563666	0.007008861339557292	0.0	36.19188968660528	88.4325443249924
243.0	35.69737336600483	30.29563962554084	-283.39956395620874	0.7629749672453862	6.608901666091936	0.007044949444698547	0.0	36.30816034022311	88.14935427533393
244.0	35.8076819628873	30.395483663593588	-283.4623098918734	0.762662365981374	6.595585440449368	0.007081075215415317	0.0	36.424513158829356	87.8677739620012
245.0	35.91791169942064	30.495275963094965	-283.5251762976177	0.7623511143333842	6.582356022472013	0.007117238315351187	0.0	36.540597218655954	87.58863107146773
246.0	36.02806200558056	30.595015783269396	-283.5881626202292	0.7620412101467294	6.569212507232416	0.007153438410050969	0.0	36.65610785835498	87.3126219860372
247.0	36.13813232009156	30.69470239388469	-283.65126831263325	0.7617326511175783	6.556154002802889	0.007189675166939991	0.0	36.771116902838294	87.03953424566531
248.0	36.248122090356276	30.794335075160603	-283.7144928337897	0.7614254347979449	6.543179630023021	0.007225948255319204	0.0	36.885905606074864	86.76866776964393
249.0	36.358030772298086	30.89391311758987	-283.77783564859243	0.7611195586012427	6.530288522272461	0.007262257346342677	0.0	37.00038343959413	86.50020868408231
250.0	36.46785783028365	30.99343582184104	-283.8412962277706	0.7608150198070232	6.517479825248886	0.007298602113010112	0.0	37.114521269030924	86.23419565932942
251.0	36.57760552790948	31.092905304402272	-283.9048740477923	0.7605117943662794	6.504752666368351	0.007334982816894279	0.0	37.22820658572908	85.97085872363348
252.0	36.687264973291555	31.192312468458166	-283.96856859076956	0.7602099429052661	6.492106306458575	0.007371397374401808	0.0	37.34152154448795	85.70997529125576
253.0	36.796844028199665	31.291665061790592	-284.03237934436555	0.7599093987316563	6.479539835737757	0.007407847224217822	0.0	37.454669849942015	85.45105060967214
254.0	36.90633939869477	31.39095961860944	-284.0963058017046	0.7596101798376328	6.467052477422229	0.007444331459831718	0.0	37.56774443859733	85.1938527783345
255.0	37.01575058965374	31.490195488451363	-284.1603474612825	0.7593122829049437	6.454643435620162	0.007480849763254451	0.0	37.67987129066201	84.94033496630146
256.0	37.12507711376978	31.58937203028274	-284.2245038268796	0.7590157045087651	6.442311925516751	0.007517401818264944	0.0	37.79170939950415	84.68896855345605
257.0	37.234318491408615	31.688488612336208	-284.2887744074754	0.7587204411221564	6.43005717318211	0.007553987310388651	0.0	37.90314486916296	84.43998248598722
258.0	37.343474250537184	31.78754461202045	-284.3531587171655	0.7584264891198516	6.417878415382588	0.007590605926890939	0.0	38.0141046764094	84.19350965017286
259.0	37.452543926622354	31.886539415801366	-284.4176562750788	0.7581338447821128	6.4057748993976125	0.0076272573567624175	0.0	38.12488818544058	83.94885968841221
260.0	37.56152706254573	31.985472419097388	-284.4822666052979	0.75784250429847	6.393745882837756	0.007663941290710259	0.0	38.23566784080948	83.70563585396495
261.0	37.67042320848411	32.08434302614285	-284.54698923678	0.7575524637714997	6.381790633469327	0.0077006574211390955	0.0	38.345400591860106	83.46609605104402
262.0	37.77923192185079	32.18315064991035	-284.61182370327975	0.757263719220175	6.369908429039495	0.007737405442147617	0.0	38.45514784493289	83.22789192806812
263.0	37.88795276717518	32.28189471197355	-284.6767695432745	0.75697626658347	6.358098557107788	0.007774185049509167	0.0	38.564538349012984	82.99181128400232
264.0	37.99658531604148	32.38057464242825	-284.7418262998891	0.7566901017235005	6.346360314879204	0.007810995940666229	0.0	38.67351953595079	82.75794205750377
265.0	38.10512914697006	32.47918987975596	-284.80699352082416	0.7564052204290016	6.334693009041024	0.00784783781471279	0.0	38.78238638527831	82.52563050454454
266.0	38.213583845368035	32.57773987075831	-284.87227075828434	0.7561216184181677	6.323095955603367	0.00788471037238997	0.0	38.89095715662768	82.29524606520336
267.0	38.32194900340492	32.6762240704151	-284.9376575689089	0.7558392913420062	6.31156847974243	0.007921613316066908	0.0	38.99749208465919	82.07042857955942
268.0	38.430224219973354	32.7746419418293	-285.00315351370335	0.7555582347869486	6.300109915647195	0.007958546349738397	0.0	39.106549718798156	81.84155625924436
269.0	38.53840910056833	32.87299295608889	-285.068758157972	0.7552784442780219	6.288719606368684	0.007995509179006374	0.0	39.212417538808495	81.62059596933506
270.0	38.64650325721922	32.971276592183344	-285.13447107125256	0.7549999152815146	6.277396903672889	0.008032501511071188	0.0	39.319071142360954	81.39919880934848
271.0	38.75450630842949	33.06949233692741	-285.2002918272518	0.7547226432075383	6.266141167896082	0.008069523054724947	0.0	39.42555554538028	81.1793478783581
272.0	38.86241787907699	33.167639684845376	-285.26622000378177	0.7544466234128021	6.254951767803162	0.008106573520336464	0.0	39.53179898021717	80.9611748384534
273.0	38.97023760032759	33.26571813806863	-285.3322551826983	0.7541718512032316	6.243828080448436	0.008143652619839199	0.0	39.63770962957171	80.74484925658251
274.0	39.07796510958959	33.36372720627573	-285.39839694983993	0.7538983218361817	6.232769491040026	0.0081807600667263	0.0	39.74329964888268	80.53032629881133
275.0	39.185600050427055	33.461666406590005	-285.4646448949684	0.7536260305229293	6.221775392805948	0.008217895576038364	0.0	39.8487100082039	80.31730232313771
276.0	39.29314207247186	33.55953526347636	-285.5309986117101	0.7533549724310927	6.210845186863237	0.008255058864350193	0.0	39.95402602416106	80.10559153614507
277.0	39.40059083137405	33.65733330867711	-285.5974576974985	0.7530851426867171	6.199978282089394	0.008292249649765632	0.0	40.05827421893318	79.89712366099013
278.0	39.507945988711505	33.75506008110663	-285.6640217535183	0.7528165363765903	6.189174094996503	0.008329467651903665	0.0	40.16284933499501	79.68908934275328
279.0	39.6152072119239	33.85271512677165	-285.7306903846496	0.752549148550296	6.178432049608331	0.008366712591888615	0.0	40.266409924968634	79.48413814094079
280.0	39.72237417426938	33.95029799871301	-285.7974631994143	0.7522829742221205	6.167751577338277	0.008403984192347048	0.0	40.370287281539554	79.27961638210816
281.0	39.82944655471317	34.04780825688013	-285.8643398099225	0.7520180083733233	6.157132116871091	0.008441282177388449	0.0	40.473719111193375	79.07701489262986
282.0	39.936424037886056	34.145245468075785	-285.9313198318204	0.7517542459538845	6.146573114046223	0.008478606272601207	0.0	40.57721114908437	78.87532923731199
283.0	40.04330631403802	34.24260920589659	-285.99840288423934	0.7514916818842218	6.136074021743777	0.008515956205046936	0.0	40.68016573579931	78.67570918226178
284.0	40.15009307890968	34.33989905058912	-286.06558858974523	0.7512303110574816	6.125634299771566	0.008553331703239042	0.0	40.782031459468996	78.4791922907714
285.0	40.2567840337524	34.43711458905905	-286.1328765742895	0.7509701283406485	6.115253414756253	0.008590732497149514	0.0	40.88424292648674	78.28299265980769
286.0	40.36337888518799	34.5342554147153	-286.20026646716076	0.7507111285768374	6.104930840034255	0.008628158318185293	0.0	40.9860612972497	78.08852052662895
287.0	40.469877345197645	34.63132112744747	-286.26775790093666	0.750453306586548	6.094666055546598	0.008665608899188932	0.0	41.08727578401011	77.8961570910843
288.0	40.57627913104262	34.72831133353315	-286.3353505114381	0.7501966571693965	6.084458547734776	0.00870308397442621	0.0	41.188819261039214	77.70411840728268
289.0	40.68258396519599	34.82522564555642	-286.403043937683	0.7499411751057309	6.074307809438423	0.008740583279576192	0.0	41.290335452889295	77.51307548875819
290.0	40.78879157529648	34.92206368234993	-286.47083782184126	0.7496868551580125	6.064213339795778	0.008778106551724561	0.0	41.39167676312948	77.32329635331192
291.0	40.894901694081824	35.01882506891535	-286.53873180919123	0.749433692072336	6.054174644145162	0.008815653529353751	0.0	41.491652876876074	77.13698218804068
292.0	41.00091405935526	35.115509436378034	-286.6067255480756	0.7491816805796688	6.044191233928623	0.008853223952339557	0.0	41.59172161278177	76.95139236391651
293.0	41.106828413879846	35.212116421868416	-286.6748186898592	0.7489308153975476	6.034262626597218	0.008890817561932517	0.0	41.69159075147605	76.76706096426997
294.0	41.212644505356	35.30864566848827	-286.74301088888757	0.7486810912311592	6.024388345518327	0.00892843410075646	0.0	41.79106206304648	76.58433959126435
295.0	41.318362086370264	35.40509682524731	-286.8113018024455	0.7484325027746079	6.014567919884128	0.008966073312801694	0.0	41.889732556599704	76.40394658981208
296.0	41.42398091431171	35.50146954696822	-286.87969109071673	0.7481850447123194	6.004800884622694	0.009003734943409813	0.0	41.988726580297644	76.22381409437038
297.0	41.52950075137716	35.597763494280684	-286.9481784167446	0.7479387117198625	5.995086780309733	0.009041418739278797	0.0	42.08743142816409	76.04505146337387
298.0	41.63492136442396	35.69397833346128	-287.01676344639344	0.7476934984657455	5.9854251530820815	0.009079124448435321	0.0	42.185858199045725	75.86762544487846
299.0	41.74024252500555	35.79011373645966	-287.0854458483096	0.7474493996119261	5.975815554553659	0.009116851820244668	0.0	42.28559263166985	75.68868472045268
300.0	41.84546400928859	35.88616938080359	-287.15422529388485	0.7472064098151308	5.966257541731741	0.009154600605397117	0.0	42.383429954851536	75.5139660080672
301.0	41.95058814253413	35.982147520537254	-287.2231014572188	0.7469645075984784	5.956750667640917	0.009192371118525479	0.0	42.48098421312587	75.34055409024742
302.0	42.05560707627528	36.078040131047615	-287.29207401508324	0.7467237360002925	5.947294527716395	0.009230161425044623	0.0	42.57825828289516	75.16843144806842
303.0	42.160528233893785	36.1738546193121	-287.3611426468865	0.746484041278975	5.937888666777921	0.009267972967467716	0.0	42.67525501392755	74.99758086674407
304.0	42.26534886491539	36.26958811350127	-287.4303070346381	0.7462454342102575	5.928532671899882	0.009305804939068385	0.0	42.77024807828482	74.83101063753064
305.0	42.370068767784424	36.36524031808407	-287.499566862915	0.746007909440001	5.919226125861691	0.009343657097037258	0.0	42.86661853650952	74.66277952831885
306.0	42.47468774528265	36.460810942768276	-287.5689218188275	0.745771461614524	5.909968616367661	0.009381529199848963	0.0	42.96282955656069	74.49557959636795
307.0	42.57920560443422	36.55629970239514	-287.6383715919862	0.745536085381751	5.90075973597418	0.009419421007243696	0.0	43.06030819794865	74.32693872517213
308.0	42.683622156495716	36.651706316919366	-287.7079158744696	0.7453017753918314	5.891599082017273	0.009457332280228648	0.0	43.15614982996719	74.16187267691645
309.0	42.78793721690118	36.74703051134447	-287.77755436079156	0.7450685262979907	5.882486256542215	0.00949526278106837	0.0	43.251547177229035	73.99829827592777
310.0	42.89215060519203	36.84227201564245	-287.8472867478706	0.744836332757466	5.873420866234008	0.009533212273272354	0.0	43.34666368833299	73.83592222756005
311.0	42.99626214502104	36.93743056474835	-287.9171127349982	0.7446051894319701	5.8644025223487555	0.009571180521599252	0.0	43.44156448521997	73.67462306761234
312.0	43.10027166407266	37.032505898471406	-287.98703202380904	0.7443750909886045	5.855430840647418	0.009609167292040857	0.0	43.53619502102405	73.5144834630216
313.0	43.20417899402463	37.127497761446485	-288.05704431825063	0.7441460321005638	5.846505441329193	0.009647172351817567	0.0	43.63056902992362	73.35546980193851
314.0	43.30798397050535	37.2224059030825	-288.12714932455407	0.7439180074477914	5.837625948967169	0.009685195469370989	0.0	43.72468567605408	73.19757339430663
315.0	43.41168643305108	37.317230077510146	-288.19734675120543	0.7436910117176494	5.828791992444433	0.009723236414357593	0.0	43.81854509273087	73.04078403659501
316.0	43.51528622507814	37.41197004354544	-288.267636308917	0.7434650396054499	5.820003204891874	0.009761294957644618	0.0	43.91214730646005	72.88509183073164
317.0	43.61878319383398	37.50662556463184	-288.33801771059956	0.7432400858151074	5.811259223626827	0.009799370871301664	0.0	44.00549357197334	72.73048497186608
318.0	43.72217719032735	37.60119640876025	-288.4084906713347	0.7430161450599388	5.80255969009194	0.00983746392858905	0.0	44.09859139294466	72.57694152625498
319.0	43.825468069340346	37.69568234847441	-288.47905490834796	0.7427932120628532	5.793904249797109	0.009875573903960709	0.0	44.191487530425114	72.42437554772141
320.0	43.928655689340786	37.79008316077271	-288.5497101409826	0.7425712815572397	5.785292552260045	0.009913700573049113	0.0	44.2840574558965	72.2729820343009
321.0	44.031739912475174	37.884398627093454	-288.62045609067263	0.7423503482872805	5.776724250949362	0.00995184371266535	0.0	44.37639498076587	72.12259784291112
322.0	44.134720604508615	37.97862853324629	-288.691292480918	0.742130407008578	5.768199003228435	0.009990003100787775	0.0	44.46848658380995	71.97323621265777
323.0	44.23759763481679	38.072772669396166	-288.7622190372589	0.7419114524884629	5.759716470299992	0.010028178516562514	0.0	44.560172264987024	71.8251462288616
324.0	44.340370876278044	38.16683082994547	-288.8332354872509	0.7416934795069154	5.751276317150989	0.0100663697402829	0.0	44.654815443551	71.67291717870428
325.0	44.443040205333034	38.260802813588015	-288.9043415604407	0.7414764828563893	5.742878212500154	0.010104576553403046	0.0	44.746169498998604	71.52658930922753
326.0	44.54560550187432	38.35468842318861	-288.97553698834173	0.7412604573427274	5.734521828744497	0.010142798738516971	0.0	44.8373661561854	71.38110828738846
327.0	44.64806664923013	38.448487465759506	-289.0468215044108	0.741045397785444	5.726206841907905	0.010181036079356477	0.0	44.92773219443745	71.23753487188517
328.0	44.75042353414112	38.5421997524296	-289.11819484402497	0.7408312990180472	5.717932931590402	0.010219288360787827	0.0	45.018256271675774	71.09428827277006
329.0	44.8526760467073	38.63582509838309	-289.18965674445803	0.7406181558885417	5.709699780917884	0.010257555368802369	0.0	45.10903297377052	70.95121925528686
330.0	44.954824080364226	38.729363322828455	-289.26120694485843	0.7404059632597201	5.70150707649324	0.010295836890512694	0.0	45.19932978945849	70.80947668525818
331.0	45.056867531838925	38.822814248946024	-289.33284518622713	0.7401947160096027	5.693354508347384	0.0103341327141458	0.0	45.28931035021729	70.66879279385185
332.0	45.15880630111019	38.91617770384142	-289.4045712113954	0.7399844090317821	5.685241769892362	0.010372442629034941	0.0	45.3791872556554	70.52882791586548
333.0	45.26064029141046	39.00945351854006	-289.4763847650039	0.7397750372355639	5.677168557874155	0.010410766425622782	0.0	45.467970551824564	70.39110939134545
334.0	45.36236940912472	39.102641527878035	-289.5482855934809	0.7395665955466658	5.669134572326845	0.010449103895440147	0.0	45.55722179447926	70.25320603074628
335.0	45.4639935638253	39.19574157053029	-289.6202734450219	0.7393590789071383	5.661139516527159	0.010487454831116209	0.0	45.64694905681453	70.11511075871465
336.0	45.565512668198	39.28875348892966	-289.6923480695691	0.7391524822758707	5.653183096950424	0.010525819026362758	0.0	45.7354560526217	69.97942439304684
337.0	45.66692663803007	39.38167712924739	-289.7645092187912	0.7389468006287764	5.645265023226254	0.010564196275974314	0.0	45.82396727830482	69.84425572491276
338.0	45.768235392146764	39.474512341322296	-289.83675664606324	0.7387420289592384	5.637385008095495	0.010602586375815544	0.0	45.91231148781618	69.70986180395838
339.0	45.86943885242904	39.567258978672996	-289.9090901064478	0.7385381622780532	5.62954276736851	0.010640989122825855	0.0	46.00042737014682	69.57632943630065
340.0	45.9705369437202	39.65991689839587	-289.9815093566751	0.7383351956140657	5.621738019882632	0.01067940431500155	0.0	46.0883234308107	69.44363888004546
341.0	46.0715295938577	39.752485961191645	-290.0540141551242	0.7381331240140208	5.613970487461722	0.010717831751403761	0.0	46.175998133998455	69.31178573830248
342.0	46.172416733592684	39.844966031277494	-290.12660426180463	0.7379319425430702	5.60623989487575	0.010756271232141968	0.0	46.263504864636324	69.18068352755607
343.0	46.2731982965865	39.93735697637717	-290.19927943833784	0.7377316462848392	5.5985459698009885	0.010794722558375125	0.0	46.35074015366048	69.0504807108932
344.0	46.373874219371594	40.02965866767528	-290.27203944793894	0.7375322303416795	5.590888442780944	0.010833185532304388	0.0	46.43775786205568	68.92108999799751
345.0	46.47444444130095	40.12187097975974	-290.34488405539946	0.737333689834986	5.583267047187727	0.010871659957163627	0.0	46.52454534087034	68.79252371982628
346.0	46.57490890456696	40.213993790635925	-290.417813027069	0.737136019905077	5.575681519185033	0.010910145637223756	0.0	46.61112545152588	68.66474168799934
347.0	46.67526755412419	40.306026981641175	-290.49082613083885	0.736939215711682	5.568131597689873	0.010948642377778756	0.0	46.69749528298763	68.53774211059122
348.0	46.775520337679936	40.397970437430324	-290.56392313612434	0.7367432724339663	5.56061702433669	0.010987149985143581	0.0	46.78369344265563	68.41146248615381
349.0	46.87566720567875	40.4898240459539	-290.6371038138485	0.7365481852706298	5.553137543441034	0.011025668266652737	0.0	46.869665744820566	68.28597639977065
350.0	46.97570811123734	40.58158769838648	-290.7103679364252	0.7363539494402552	5.545692901964119	0.011064197030646775	0.0	46.95539505440277	68.16130255549533
351.0	47.07564536696976	40.673263679918136	-290.7837152777432	0.7361605473486663	5.538282850772942	0.01110273662827067	0.0	47.040927775209624	68.03736746456407
352.0	47.17547186085036	40.764844715752616	-290.85714561315007	0.7359680127521077	5.530907138131066	0.011141285244487794	0.0	47.12638343525525	67.91399330086577
353.0	47.27519462437657	40.85633787898132	-290.9306587194363	0.7357763024314389	5.523565522614314	0.0111798443160311	0.0	47.211444766976975	67.79163198061333
354.0	47.374811264340735	40.94774068263221	-291.00425437481994	0.7355854245182386	5.516257760128051	0.01121841311343958	0.0	47.29634161665718	67.66994612092293
355.0	47.47432174692955	41.03905303362257	-291.0779323589311	0.7353953743317768	5.508983610349253	0.011256991450038523	0.0	47.38103445305559	67.5489871815062
356.0	47.57372604082677	41.13027484188282	-291.1516924527972	0.7352061472120213	5.501742835398587	0.011295579140128607	0.0	47.465521625291146	67.42875205674778
357.0	47.67302411723584	41.221406020375724	-291.2255344388277	0.7350177385194141	5.494535199809936	0.011334175998989933	0.0	47.54975445789601	67.3093042310018
358.0	47.772215949836486	41.312446485045946	-291.29945810079994	0.7348301436351022	5.487360470498101	0.011372781842875393	0.0	47.63383143496104	67.19049869599418
359.0	47.87130151474449	41.4033961547744	-291.37346322384406	0.7346433579610891	5.4802184167282	0.011411396489002306	0.0	47.717705691956645	67.07239676561909
360.0	47.97028079051022	41.494254951372355	-291.4475495944295	0.7344573769201613	5.4731088100859075	0.011450019755552253	0.0	47.801379456378356	66.95499011355191
361.0	48.06915375804909	41.58502279950457	-291.52171700035046	0.7342721959562416	5.4660314244465305	0.0114886514616584	0.0	47.884853661526996	66.83827231756635
362.0	48.16792040069124	41.67569962673647	-291.5959652307125	0.7340878105339999	5.458986035947	0.01152729142741554	0.0	47.96806114294167	66.72233174858901
363.0	48.26658070407436	41.76628536341889	-291.6702940759184	0.7339042161394072	5.451972422955618	0.011565939473859076	0.0	48.05122412697264	66.6068543947748
364.0	48.36513465617382	41.8567799427153	-291.7447033276554	0.73372140827945	5.444990366044732	0.011604595422970833	0.0	48.13411112209671	66.49215731433125
365.0	48.46358224725513	41.947183300547486	-291.8191927788814	0.7335393824823498	5.43803964796164	0.011643259097671395	0.0	48.21658120650767	66.37842851628783
366.0	48.561923469848985	42.03749537556631	-291.8937622238125	0.7333581342975837	5.431120053601569	0.01168193032181412	0.0	48.29908275810837	66.26504492735226
367.0	48.66015831872776	42.1277161091233	-291.9684114579094	0.733177659295919	5.424231369980541	0.011720608920180705	0.0	48.381532682233406	66.1521186180043
368.0	48.75828679089999	42.21784544525964	-292.0431402778655	0.732997953069383	5.417373386207956	0.011759294718482326	0.0	48.463651818261134	66.04002729546661
369.0	48.85630888556637	42.30788333065797	-292.1179484815939	0.732819011231366	5.41054589346094	0.011797987543348916	0.0	48.54533386960375	65.92890879096309
370.0	48.954224604104205	42.39782971462155	-292.19283586821535	0.7326408294166266	5.403748684957936	0.011836687222327474	0.0	48.627075187653716	65.81808337361333
371.0	49.05203395001062	42.487684549012066	-292.26780223804616	0.7324634032814917	5.396981555932972	0.011875393583870098	0.0	48.708627994707946	65.7078842225588
372.0	49.14973692895182	42.57744778829558	-292.34284739258567	0.732286728503492	5.3902443036107535	0.011914106457346026	0.0	48.789993221573155	65.5983056685647
373.0	49.24733354867253	42.66711938944607	-292.4179711345054	0.7321108007817306	5.383536727181613	0.011952825673021758	0.0	48.871171852106905	65.48934203176829
374.0	49.34482381901449	42.75669931196043	-292.4931732676367	0.7319356158366673	5.376858627777458	0.011991551062065616	0.0	48.95216548407162	65.38098687293761
375.0	49.44220775185678	42.84618751779241	-292.5684535969592	0.7317611694103572	5.370209808446681	0.012030282456536777	0.0	49.03297532543251	65.27323434227525
376.0	49.53948536112155	42.93558397135559	-292.6438119285902	0.7315874572662654	5.363590074131438	0.012069019689385405	0.0	49.11360317139532	65.16607787351286
377.0	49.636656662772374	43.02488863951697	-292.7192480697728	0.731414475189185	5.356999231643856	0.012107762594454194	0.0	49.19415455778524	65.05937377491638
378.0	49.73372167471829	43.114101491495454	-292.7947618288652	0.7312422189856095	5.350437089642828	0.012146511006456834	0.0	49.274419638216564	64.95339594895322
379.0	49.83068041687013	43.20322249891497	-292.87035301532984	0.7310706844833292	5.34390345861145	0.012185264760992126	0.0	49.35446142508031	64.84805621421586
380.0	49.92753291106334	43.29225163572178	-292.9460214397227	0.7308998675317168	5.337398150834263	0.012224023694527391	0.0	49.43433237202327	64.74328134604811
381.0	50.02427918107335	43.38118887819727	-293.02176691368254	0.7307297640014887	5.330920980376117	0.012262787644401023	0.0	49.51366605528417	64.63954588501714
382.0	50.12091925259769	43.47003420493513	-293.09758924992065	0.7305603697847001	5.324471763059903	0.012301556448820418	0.0	49.593592092561025	64.53537148393075
383.0	50.217453153197056	43.55878759677684	-293.17348826221075	0.7303916807949431	5.318050316444452	0.012340329946850371	0.0	49.67298553914502	64.43222315263807
384.0	50.31388091227796	43.64744903679151	-293.2494637653784	0.7302236929672621	5.3116564598044285	0.01237910797840755	0.0	49.7521722512585	64.3296713307829
385.0	50.4102025611187	43.73601851029815	-293.3255155752914	0.7300564022579108	5.3052900141093255	0.012417890384268122	0.0	49.831098811346095	64.22778074857987
386.0	50.50641813280964	43.824496004800785	-293.40164350884953	0.7298898046445368	5.298950802002563	0.012456677006055268	0.0	49.90970679874865	64.1266217375615
387.0	50.602527662256044	43.912881509988495	-293.4778473839754	0.7297238961260091	5.292638647781949	0.012495467686239204	0.0	49.98865724979232	64.02534224760065
388.0	50.69853118611319	44.00117501766472	-293.5541270196041	0.7295586727226447	5.286353377378866	0.012534262268124579	0.0	50.06708243973138	63.9250528082724
389.0	50.79442874281613	44.08937652177471	-293.63048223567426	0.729394130475902	5.280094818339343	0.01257306059585684	0.0	50.14545971645948	63.82513804864825
390.0	50.89022037254558	44.17748601836738	-293.7069128531185	0.7292302654484121	5.273862799804739	0.012611862514414816	0.0	50.22358981208781	63.72584876729879
391.0	50.98590611720417	44.265503505567175	-293.7834186938542	0.7290670737239783	5.267657152492316	0.012650667869606702	0.0	50.30154488356595	63.627089313545255
392.0	51.081486020379124	44.35342898353286	-293.85999958077434	0.7289045514076129	5.2614777086765985	0.012689476508061459	0.0	50.37932523956109	63.528855809340726
393.0	51.176960127376276	44.44126245448892	-293.9366553377386	0.7287426946252282	5.255324302171112	0.012728288277237258	0.0	50.456932044837885	63.431143337685256
394.0	51.2723284851297	44.52900392262981	-294.01338578956467	0.728581499523954	5.249196768309625	0.012767103025401575	0.0	50.53436677859649	63.333946637509364
395.0	51.36759114221471	44.61665339412962	-294.09019076201866	0.7284209622719405	5.2430949439281	0.01280592060163524	0.0	50.611630974903825	63.23726043333733
396.0	51.462748148865	44.70421087715759	-294.16707008180765	0.7282610790580895	5.237018667348056	0.012844740855834669	0.0	50.68872604396423	63.14107965822631
397.0	51.557799556892974	44.791676381792	-294.2440235765702	0.728101846092359	5.230967778357601	0.012883563638696858	0.0	50.765652998381796	63.04539979064144
398.0	51.65274541973774	44.87904992006726	-294.3210510748685	0.7279432596053418	5.224942118195458	0.012922388801728704	0.0	50.84240197236996	62.95022982303773
399.0	51.74758579235485	44.96633150585713	-294.3981524061795	0.727785315848699	5.218941529532702	0.012961216197223928	0.0	50.91899559376706	62.85553851945444
400.0	51.84232073130303	45.05352115496123	-294.47532740088747	0.7276280110945537	5.212965856457317	0.013000045678281719	0.0	50.99542006337283	62.761339840687505
