T(K)	v(ω₀)	w(ω₀)	E(meV)	Reχ(m₀/ω₀)	Imχ(m₀/ω₀)	μ(cm²V⁻¹s⁻¹)
1	3.642532355263973	1.2536847986879909	-925.9284535634055	-2.282786151765792e-25	7.466790336798012e-13	4.520825038640803e14
2	3.643447202694034	1.2491433322152636	-926.2067383811117	-4.1144887007667374e-26	7.557926310519126e-13	4.46631143596835e14
3	3.6443831052565243	1.2446585297446244	-926.4861193093086	-1.522143800237078e-26	4.1114457925230967e-13	8.210263351705864e14
4	3.6453412591041885	1.2402315093634204	-926.7665944130963	-7.558175121345874e-27	1.5237995699535518e-12	2.2152554298139484e14
5	3.6463229858663415	1.2358635228525512	-927.0481618484381	-4.409484919554271e-27	1.0095485024760299e-12	3.343678152172697e14
6	3.6473297682558217	1.2315559839651602	-927.3308198676216	-2.848498505009388e-27	7.418944658788108e-13	4.549980390120841e14
7	3.6483632765833645	1.2273105009683765	-927.6145667366891	-1.9740710599735897e-27	1.9291138645737814e-13	1.7498216840785452e15
8	3.6494253446699045	1.2231288249211292	-927.8994012579077	1.3914375256609605e-27	2.601900342033709e-13	1.2973614772075815e15
9	3.6505180882893717	1.2190130284335048	-928.185321725576	1.055727329253411e-27	8.385012683169752e-14	4.0257604834196845e15
10	3.651643837922447	1.2149653794876003	-928.472327013719	8.261326466167375e-28	3.429554606077098e-12	9.842692882936648e13
11	3.6528052200318992	1.2109884546039313	-928.7604160504487	6.627932488829332e-28	3.9212876765624674e-11	8.608410169607688e12
12	3.654005185113475	1.2070851626526546	-929.0495879450223	5.427881319045606e-28	3.9081306004215504e-10	8.63739116324223e11
13	3.655247049006389	1.2032587888437407	-929.3398420058135	4.522278407859629e-28	2.6956165902680857e-9	1.2522571954315108e11
14	3.6565345329994603	1.1995130391730646	-929.6311777530606	3.823231962968943e-28	1.4156537703238411e-8	2.3844850641096874e10
15	3.6578717932504223	1.1958520772126502	-929.9235949167287	3.273061314795328e-28	5.964367733163842e-8	5.659619631630511e9
16	3.659263426056557	1.1922805413928383	-930.2170934061312	2.8327179535618438e-28	2.1008572228478192e-7	1.6067751937525578e9
17	3.6607144348883733	1.188803529935797	-930.5116732372674	2.475048530147349e-28	6.384663196049461e-7	5.28705300128664e8
18	3.6622301491543756	1.1854265436180367	-930.807334407143	2.180724774277158e-28	1.715692616812972e-6	1.9674883707072225e8
19	3.6638160925974153	1.182155383018279	-931.1040767109203	1.9357028655671675e-28	4.156498160169536e-6	8.121272141138348e7
20	3.66547780858878	1.1789960048707382	-931.4018995056039	-3.097121352633489e-28	9.220521962694547e-6	3.660969828980593e7
21	3.6672206575945685	1.175954349237763	-931.7008014309996	-5.340715446679246e-28	1.8967024182502077e-5	1.7797231863087468e7
22	3.66904960673733	1.1730361536850946	-932.0007801034263	-4.825796522183847e-28	3.6554923716556054e-5	9.234338163203232e6
23	3.6709690319892956	1.1702467717989542	-932.3018317996208	-3.4513244005346914e-28	6.6574426213181e-5	5.070423379209586e6
24	3.6729825506114326	1.1675910115349406	-932.6039511477295	-3.1470347067638e-28	0.00011539325259534992	2.9253055922819134e6
25	3.6750928962289446	1.1650730049757332	-932.9071308399814	2.087409471953452e-28	0.00019149961514888501	1.7627216998129925e6
26	3.677301842824693	1.162696116238519	-933.2113613783844	1.9176249925897702e-28	0.00030582524111859023	1.1037693484491694e6
27	3.6796101781500687	1.1604628895220948	-933.5166308613068	1.7673604281160321e-28	0.00047203437421936895	715118.5285754247
28	3.682017722406866	1.158375035317351	-933.8229248155506	1.633691732141065e-28	0.0007067680605172636	477611.4626370149
29	3.6845233727517477	1.1564334431894971	-934.1302260801049	-4.057430547990965e-28	0.0010298366411921243	327780.65338403697
30	3.6871252246755875	1.154638248044441	-934.438514720088	-3.770069258406035e-28	0.0014643569510677972	230517.92589411352
31	3.6898206320747047	1.1529888712295069	-934.7477680142154	-3.511067587594638e-28	0.0020368332530916245	165728.1108389248
32	3.692606348367605	1.1514841134310105	-935.0579604598507	-3.2767483523778393e-28	0.0027771839718130947	121547.77305170707
33	3.6954786399156627	1.1501222371237303	-935.3690638271529	-3.064018334539914e-28	0.0037187176005854757	90773.36958193085
34	3.6984334024062893	1.1489010538128988	-935.6810472452472	-2.870260493162764e-28	0.004898062522130855	68917.15358952258
35	3.701466270190972	1.1478180090497891	-935.9938773178236	-2.693248521032851e-28	0.0063550565341052795	53116.8409466087
36	3.7045727155995722	1.1468702623897298	-936.307518263553	-2.531078652205771e-28	0.008132601698631448	41507.0772721577
37	3.7077481364997165	1.146054760434473	-936.6219320767806	0.0	0.010276490888683924	32847.83986919942
38	3.7109879313763243	1.1453683019102257	-936.9370787041198	0.0	0.012835211873668392	26299.56797373064
39	3.714287561968866	1.1448075943682656	-937.2529162328163	0.0	0.015859734188223448	21284.122616596567
40	3.7176426040472803	1.1443693025672	-937.5694010870534	0.0	0.019403283947485278	17397.082269289025
41	3.72104878725901	1.1440500889237766	-937.8864882287118	0.0	0.023521111463103563	14351.385038002623
42	3.724502025184518	1.1438466466316917	-938.2041313594677	0.0	0.02827025525263567	11940.483880042268
43	3.7279984368250703	1.143755726165436	-938.5222831214892	0.0	0.033709306618807326	10013.867414894927
44	3.731534360751654	1.1437741559366943	-938.8408952943765	0.0	0.0398981754137536	8460.550479519257
45	3.7351063630908103	1.1438988578712523	-939.1599189863617	0.0	0.04689786325827571	7197.780531487429
46	3.738711240435638	1.1441268586418039	-939.4793048181393	0.0	0.05477024305780088	6163.210317919122
47	3.74234601866176	1.1444552972390656	-939.799003098033	0.0	0.06357784517577285	5309.404969538166
48	3.7460079485122284	1.1448814294992338	-940.1189639875095	0.0	0.07338365599589768	4599.941533952015
49	3.7496944986990117	1.1454026301369118	-940.4391376563244	0.0	0.08425092393481046	4006.6092021728514
50	3.753403347157738	1.146016392763964	-940.7594744268376	0.0	0.09624297791171478	3507.3782467374
51	3.75713237116061	1.1467203284436907	-941.0799249072404	0.0	0.1094230546774562	3084.9122986357474
52	3.760879635949509	1.1475121625205262	-941.4004401136302	0.0	0.12385413822814666	2725.4682964808976
53	3.7646433835841195	1.1483897310664242	-941.720971581018	0.0	0.13959880874050706	2418.0759862804425
54	3.76842202134955	1.1493509764641625	-942.0414714634861	0.0	0.15671910008828363	2153.920785268806
55	3.7722141100265327	1.1503939423830554	-942.3618926238171	0.0	0.17527636849663972	1925.8758612131332
56	3.7760183524304325	1.1515167684986627	-942.682188712994	0.0	0.19533116899246944	1728.1447137696205
57	3.779833582272402	1.1527176850306433	-943.0023142400389	0.0	0.2169431389208865	1555.9861851721248
58	3.7836587534415895	1.1539950072101461	-943.3222246326992	0.0	0.24017089851415543	1405.5013709701427
59	3.787492929778557	1.155347129764865	-943.6418762895214	0.0	0.265071933785268	1273.4676293652076
60	3.7913352753864187	1.1567725214915592	-943.9612266238686	0.0	0.2917025183996244	1157.2081344403339
61	3.795185045506745	1.1582697199691119	-944.2802341004475	0.0	0.3201176185538201	1054.4890614073583
62	3.799041577972934	1.1598373264529187	-944.598858264908	0.0	0.3503708051674856	963.437941033399
63	3.802904285241222	1.1614740009797713	-944.917059767066	0.0	0.3825141833249834	882.4784592156827
64	3.8067726469911536	1.1631784577042494	-945.2348003782895	0.0	0.4165983133823226	810.2781895302319
65	3.8106462032799753	1.1649494604800026	-945.5520430035672	0.0	0.45267214258065647	745.7064293914009
66	3.8145245482308847	1.166785818693642	-945.8687516887568	0.0	0.4907829366738397	687.8000474436004
67	3.818407324231265	1.1686863833543482	-946.1848916234842	0.0	0.530976219174971	635.7356788092637
68	3.822294216615051	1.1706500434387141	-946.5004291401391	0.0	0.5732957074124787	588.80700267638
69	3.8261849488015156	1.1726757224869793	-946.8153317093877	0.0	0.6177832546011522	546.4060811209739
70	3.8300792778629367	1.1747623754452805	-947.1295679325906	0.0	0.6644788051525614	508.0079673139824
71	3.8339769904926446	1.1769089857463024	-947.4431075314914	0.0	0.7134203323015338	473.1579853349391
72	3.837877899346172	1.1791145626195336	-947.7559213355107	0.0	0.7646437879731511	441.46115150369764
73	3.8417818397284944	1.181378138621763	-948.0679812669601	0.0	0.8181830645752196	412.5733491000936
74	3.8456886666013457	1.1836987673771926	-948.3792603244528	0.0	0.8740699717624902	386.19394102752835
75	3.849598251886004	1.1860755215170906	-948.689732564782	0.0	0.93233409329815	362.0596195668975
76	3.8535104820379265	1.1885074908075555	-948.9993730834949	0.0	0.9930029000233547	339.93911510312546
77	3.85742525587098	1.1909937804552015	-949.3081579943869	0.0	1.0561016235606733	319.6288307849416
78	3.861342482610599	1.1935335095794295	-949.6160644081032	0.0	1.1216532316700363	300.9490969202492
79	3.8652620801556212	1.1961258098408507	-949.9230704100323	0.0	1.1896784093203845	283.74098788731595
80	3.8691839735321545	1.1987698242162754	-950.2291550376437	0.0	1.2601955326058614	267.8636119513621
81	3.8731080935205555	1.2014647059087753	-950.5342982574158	0.0	1.3332206419097268	253.19179475442968
82	3.877034375441233	1.204209617384412	-950.838480941478	0.0	1.4087674273280233	239.61409142531056
83	3.8809627580843533	1.2070037295257399	-951.1416848440832	0.0	1.4868472106684576	227.03107939181984
84	3.8848931827698583	1.20984622089324	-951.4438925780084	0.0	1.5674689288621069	215.35388734871202
85	3.888825592525981	1.2127362770863004	-951.7450875909705	0.0	1.6506391301403427	204.50292311928652
86	3.8927599313742918	1.2156730901954864	-952.0452541421388	0.0	1.7363619835645412	194.40677135524788
87	3.896696143711411	1.2186558583385023	-952.3443772788062	0.0	1.8246392483743967	185.0012419877053
88	3.900634173777685	1.221683785272603	-952.6424428132841	0.0	1.9154703015619154	176.22853606945637
89	3.904573965203984	1.2247560800765362	-952.939437300065	0.0	2.0088521349829866	168.03652257443795
90	3.9085154606289807	1.2278719568956549	-953.2353480133014	0.0	2.1047793830434265	160.37810416057835
91	3.912458601379256	1.2310306347438817	-953.5301629246356	0.0	2.20324432956584	153.21066420050397
92	3.9164033272059644	1.234231337357359	-953.8238706814105	0.0	2.304236874514112	146.49558422675486
93	3.920349576071861	1.2374732930938463	-954.1164605852879	0.0	2.4077446616856615	140.19780938583847
94	3.9242972839831554	1.240755734873203	-954.4079225712964	0.0	2.513753045446495	134.28547714352692
95	3.92824638486137	1.2440779001546336	-954.6982471873234	0.0	2.622245128158214	128.72958500484233
96	3.9321968104505114	1.2474390309456131	-954.9874255740648	0.0	2.7332017991681146	123.50369710407678
97	3.936148490255629	1.2508383738393827	-955.275449445442	0.0	2.8466017667937353	118.5836849630664
98	3.94010135150876	1.2542751800766019	-955.5623110694945	0.0	2.9624216549847757	113.94749513823386
99	3.9440553191593195	1.2577487056283037	-955.8480032497487	0.0	3.080635943237604	109.57494924701041
100	3.9480103158854964	1.261258211296615	-956.1325193070678	0.0	3.2012171298059977	105.44755742614484
101	3.9519662621239515	1.264802962830499	-956.4158530619823	0.0	3.324135710104319	101.54835920287474
102	3.955923076115676	1.2683822310539543	-956.6979988174966	0.0	3.449360281854431	97.861777125612
103	3.959880673965415	1.2719952920040922	-956.9789513423723	0.0	3.576857561432095	94.37348883236623
104	3.963838969712618	1.2756414270770342	-957.25870585488	0.0	3.706592514372834	91.07030940677672
105	3.9677978754124874	1.279319923179576	-957.5372580070161	0.0	3.838528327444681	87.94009014217474
106	3.9717573012251557	1.2830300728844866	-957.8146038691774	0.0	3.972626544600002	84.97162351885885
107	3.975717155511443	1.2867711745885142	-958.090739915286	0.0	4.108847118522509	82.15455999982767
108	3.9796773449345064	1.2905425326709095	-958.3656630083561	0.0	4.247148472690497	79.47933285104526
109	3.9836377745651688	1.2943434576513373	-958.6393703864948	0.0	4.387487590934807	76.93708987946223
110	3.987598347991075	1.2981732663466488	-958.9118596493266	0.0	4.5298200908237645	74.51963220627376
111	3.99155896742794	1.3020312820241138	-959.1831287448358	0.0	4.674100281601751	72.2193591903636
112	3.9955195338321157	1.3059168345516325	-959.4531759566116	0.0	4.820281231105224	70.02921840960273
113	3.999479947014225	1.3098292605430224	-959.721999891492	0.0	4.968314855290375	67.94266002874885
114	4.003440105752699	1.3137679034986618	-959.9895994675909	0.0	5.118152114472294	65.95359410562979
115	4.007399907907093	1.317732113939768	-960.2559739027054	0.0	5.269742835843422	64.05635676048126
116	4.011359250530228	1.321721249536959	-960.5211227030853	0.0	5.423036012256462	62.245673155381
117	4.01531802997915	1.3257346752316745	-960.7850456525633	0.0	5.577979805504515	60.51662768582665
118	4.019276142024166	1.329771763350909	-961.0477428020275	0.0	5.73452157789016	58.8646363160031
119	4.023233481956062	1.3338318937145037	-961.3092144592346	0.0	5.892608039430175	57.285420117883696
120	4.0271899446908055	1.3379144537346495	-961.5694611789482	0.0	6.052185321453113	55.77498196101655
121	4.031145424871593	1.3420188385083338	-961.828483753396	0.0	6.213198992710412	54.32958569729005
122	4.035099816968375	1.346144450901231	-962.0862832030336	0.0	6.375594182083828	52.94573611309223
123	4.039053015374205	1.3502907016244325	-962.3428607676107	0.0	6.53931571608764	51.620160546512516
124	4.043004914498795	1.35445700930292	-962.5982178975247	0.0	6.704307973113009	50.34979426400621
125	4.046955408858499	1.3586428005362947	-962.8523562454578	0.0	6.8705152229688755	49.13176321919427
126	4.050904393163324	1.3628475099519306	-963.1052776582857	0.0	7.037881482244682	47.96337192951905
127	4.054851762400916	1.367070580250123	-963.3569841692515	0.0	7.206350749369849	46.84208954973418
128	4.058797411916358	1.3713114622419338	-963.6074779903964	0.0	7.37586693003074	45.76553920114848
129	4.062741237489435	1.3755696148798815	-963.856761505238	0.0	7.546374009942182	44.731486497230044
130	4.066683135408285	1.3798445052805994	-964.1048372616895	0.0	7.717816034554197	43.73783018634429
131	4.070623002539215	1.3841356087411658	-964.351707965213	0.0	7.890137216499101	42.78259273145494
132	4.074560736394093	1.3884424087483658	-964.5973764721969	0.0	8.063281977327057	41.86391199984754
133	4.078496235193347	1.3927643969810137	-964.8418457835526	0.0	8.237195006293684	40.9800334787341
134	4.082429397926872	1.3971010733062676	-965.0851190385248	0.0	8.411821323921828	40.12930305221893
135	4.086360124410348	1.4014519457694325	-965.3271995087038	0.0	8.587106316514284	39.310160452956936
136	4.090288315340025	1.4058165305779604	-965.5680905922385	0.0	8.762995792465803	38.52113308316344
137	4.094213872342616	1.4101943520793725	-965.8077958082408	0.0	8.93943601457354	37.760830390023216
138	4.098136698023885	1.41458494273451	-966.0463187913762	0.0	9.11637379147488	37.027938394150105
139	4.102056696012652	1.418987843084085	-966.2836632866348	0.0	9.29375645038099	36.32121510080442
140	4.105973771003581	1.423402601711958	-966.5198331442768	0.0	9.471531805192038	35.63948620683878
141	4.109887828795194	1.4278287752022374	-966.7548323149462	0.0	9.649648860940728	34.98163839879541
142	4.11379877632719	1.4322659280928494	-966.9886648449489	0.0	9.828056382454642	34.34662093833733
143	4.117706521713695	1.43671363282394	-967.221334871688	0.0	10.006704556915771	33.73343593875606
144	4.121610974274245	1.4411714696830042	-967.4528466192538	0.0	10.185543946642023	33.14113894133889
145	4.125512044562919	1.4456390267459667	-967.6832043941602	0.0	10.364526050685825	32.568833874120074
146	4.129409644393917	1.4501158998145425	-967.9124125812262	0.0	10.543603066051084	32.01567102005897
147	4.133303686866008	1.454601692350447	-968.1404756395959	0.0	10.722728041041421	31.48084385212027
148	4.13719408638399	1.4590960154063655	-968.3673980988929	0.0	10.901854814783983	30.963586734893163
149	4.141080758678289	1.4635984875538706	-968.5931845555048	0.0	11.080938149213155	30.463172213694403
150	4.144963620822178	1.4681087348096031	-968.8178396689942	0.0	11.259933606226445	29.978909195531532
151	4.148842591247513	1.472626390556945	-969.0413681586316	0.0	11.43879755069963	29.51014087211731
152	4.152717589758132	1.4771510954681268	-969.2637748000466	0.0	11.617487598940972	29.056241657580756
153	4.156588537541895	1.4816824974216678	-969.485064421993	0.0	11.795961967243345	28.616617115769035
154	4.16045535717971	1.486220251419561	-969.7052419032252	0.0	11.974179666919179	28.19070170304426
155	4.164317972655269	1.4907640195020697	-969.924312169482	0.0	12.15210134279679	27.777955236430522
156	4.168176309360698	1.4953134706612214	-970.1422801905734	0.0	12.32968772000153	27.377865100441863
157	4.172030294102011	1.4998682807529502	-970.3591509775684	0.0	12.506900961070475	26.98994164737389
158	4.175879855102628	1.5044281324071596	-970.5749295800804	0.0	12.683704083554987	26.613718272286047
159	4.179724922006158	1.5089927149381426	-970.7896210836462	0.0	12.860061092080759	26.24874988631638
160	4.1835654258773385	1.5135617242530184	-971.0032306071969	0.0	13.035936970036587	25.89461178775775
161	4.187401299201153	1.518134862759591	-971.2157633006162	0.0	13.211297375472192	25.550899168728428
162	4.191232475883027	1.5227118392748105	-971.4272243423856	0.0	13.386109436260794	25.217224521889825
163	4.195058891243049	1.5272923689276965	-971.63761893731	0.0	13.560340895914862	24.893218372590376
164	4.198880482016096	1.5318761730712498	-971.8469523143269	0.0	13.73396049031952	24.57852761166078
165	4.202697186345721	1.5364629791846172	-972.0552297243901	0.0	13.906937970184387	24.272814608973256
166	4.20650894377733	1.54105252078014	-972.2624564384298	0.0	14.079244009850994	23.97575657418761
167	4.210315695254063	1.5456445373090193	-972.4686377453861	0.0	14.250849888469975	23.687045318040205
168	4.214117383107382	1.5502387740667458	-972.6737789503113	0.0	14.421729180800472	23.406383721181513
169	4.217913951050213	1.554834982099755	-972.8778853725423	0.0	14.59185431984005	23.133490763391663
170	4.221705344167813	1.559432918110525	-973.0809623439375	0.0	14.761200050600587	22.868095139395
171	4.225491508908201	1.5640323443647575	-973.2830152071781	0.0	14.929741680941305	22.609937555697456
172	4.229272393071376	1.5686330285973829	-973.484049314132	0.0	15.097455406789589	22.358769609411773
173	4.233047945800159	1.5732347439198584	-973.6840700242769	0.0	15.264318337557366	22.114353203589815
174	4.23681811756691	1.5778372687278597	-973.8830827031815	0.0	15.430308479353977	21.87646005784255
175	4.240582860162955	1.5824403866092493	-974.0810927210426	0.0	15.595404462162668	21.644871599692124
176	4.244342126685789	1.5870438862526697	-974.2781054512778	0.0	15.759586178115532	21.419377597460535
177	4.248095871526005	1.591647561357569	-974.4741262691693	0.0	15.922834091415353	21.199776697464248
178	4.251844050354519	1.5962512105433102	-974.6691605505602	0.0	16.085129541502123	20.98587557270323
179	4.255586620108702	1.600854637260246	-974.863213670598	0.0	16.246454747952498	20.77748852692422
180	4.259323538978467	1.6054576497021278	-975.0562910025292	0.0	16.406792590930397	20.574437401944024
181	4.263054766392119	1.6100600607172277	-975.2483979165364	0.0	16.5661268122538	20.37655095571805
182	4.266780263001556	1.6146616877230424	-975.4395397786232	0.0	16.72444206518355	20.183664472221775
183	4.27049999066753	1.6192623526191927	-975.6297219495398	0.0	16.881723538561065	19.99561989969354
184	4.2742139124450045	1.6238618817042174	-975.8189497837546	0.0	17.037957276976854	19.812265146650955
185	4.2779219925668155	1.6284601055899164	-976.0072286284607	0.0	17.19313011044962	19.63345388304916
186	4.281624196429882	1.6330568591196557	-976.1945638226263	0.0	17.347229351374157	19.459045608458318
187	4.285320490577751	1.6376519812856891	-976.3809606960823	0.0	17.500243291449653	19.288904817323502
188	4.289010842686504	1.642245315149969	-976.5664245686446	0.0	17.652160699553907	19.122901319230973
189	4.29269522154722	1.6468367077612311	-976.7509607492743	0.0	17.802971073918833	18.960909711486256
190	4.296373597052449	1.6514260100793778	-976.9345745352718	0.0	17.95266469348458	18.802809103390913
191	4.300045940177325	1.6560130768975099	-977.1172712115031	0.0	18.101232304239115	18.64848323336105
192	4.303712222965519	1.6605977667619345	-977.2990560496602	0.0	18.24866536592303	18.497819997243532
193	4.307372418512577	1.6651799419009006	-977.4799343075517	0.0	18.39495588529802	18.350711425112372
194	4.31102650094933	1.6697594681487637	-977.6599112284237	0.0	18.54009650574153	18.207053400409226
195	4.3146744454262755	1.674336214870741	-977.83899204031	0.0	18.684080386857346	18.066745600507133
196	4.318316228096772	1.6789100548938096	-978.0171819554106	0.0	18.826901393247127	17.929691141307696
197	4.3219518261018175	1.6834808644332238	-978.1944861694986	0.0	18.968553801560542	17.795796699113954
198	4.3255812175537915	1.6880485230245177	-978.3709098613512	0.0	19.109032467739983	17.66497219043658
199	4.329204381518771	1.6926129134536443	-978.5464581922087	0.0	19.248332737891023	17.53713070765224
200	4.332821298002788	1.6971739216879038	-978.7211363052572	0.0	19.38645048885777	17.4121883385918
201	4.336431947935008	1.701731436812289	-978.8949493251354	0.0	19.52338213310884	17.290064028215813
202	4.340036313150876	1.706285350962039	-979.0679023574648	0.0	19.6591244447195	17.1706796036609
203	4.343634376377494	1.710835559257991	-979.2400004884014	0.0	19.79367474513535	17.053959483280792
204	4.347226121217996	1.7153819597447724	-979.4112487842112	0.0	19.927030762893168	16.939830682519947
205	4.350811532134892	1.7199244533272036	-979.5816522908633	0.0	20.059190739089864	16.82822260974684
206	4.35439059443527	1.724462943710226	-979.7512160336472	0.0	20.19015328709023	16.71906707833743
207	4.357963294255762	1.7289973373373628	-979.9199450168067	0.0	20.319917264649842	16.612298304778232
208	4.361529618546531	1.7335275433341661	-980.0878442231938	0.0	20.44848224282316	16.50785242250684
209	4.365089555056267	1.7380534734468307	-980.2549186139408	0.0	20.575847994625356	16.40566781096707
210	4.368643092317543	1.7425750419895187	-980.421173128151	0.0	20.70201468797579	16.305684843554836
211	4.372190219631664	1.7470921657852292	-980.5866126826045	0.0	20.826983788412775	16.207845099326406
212	4.37573092705428	1.7516047641109362	-980.7512421714827	0.0	20.95075332332513	16.11209496476481
213	4.379265205379807	1.7561127586469185	-980.9150664661066	0.0	21.073327252597633	16.018378259995306
214	4.382793046128811	1.760616073422726	-981.0780904146934	0.0	21.194706437886342	15.926643198292863
215	4.386314441531584	1.7651146347603743	-981.2403188421241	0.0	21.314892645799688	15.836839187425895
216	4.389829384516068	1.7696083712336574	-981.4017565497294	0.0	21.433887402808125	15.748917626792775
217	4.393337868692322	1.7740972136086082	-981.5624083150876	0.0	21.55169355974899	15.662830681632428
218	4.396839888338578	1.7785810947986866	-981.7222788918345	0.0	21.668313821647605	15.578532317154211
219	4.400335438389843	1.7830599498199602	-981.8813730094904	0.0	21.78375115759537	15.495977928075021
220	4.4038245144218475	1.7875337157373001	-982.0396953732945	0.0	21.898008792191014	15.415124285142904
221	4.407307112639611	1.7920023316246936	-982.1972506640559	0.0	22.011090195143577	15.335929485367073
222	4.410783229863044	1.7964657385153533	-982.3540435380135	0.0	22.122998998193545	15.258352954603492
223	4.41425286351349	1.8009238793606237	-982.5100786267076	0.0	22.233739398053363	15.18235511739114
224	4.4177160116040195	1.8053766989851887	-982.6653605368632	0.0	22.343315291538467	15.107897942818383
225	4.421172672722911	1.8098241440460725	-982.8198938502833	0.0	22.451731131892345	15.03494430544275
226	4.424622846024295	1.8142661629874863	-982.9736831237524	0.0	22.558991491188475	14.963458240614495
227	4.428066531213569	1.8187027060038425	-983.1267328889488	0.0	22.665101131898204	14.893404850230453
228	4.431503728536696	1.823133724998691	-983.2790476523685	0.0	22.770065002190552	14.82475026295718
229	4.434934438768676	1.8275591735440972	-983.4306318952555	0.0	22.87388822155513	14.757461602469382
230	4.438358663199931	1.8319790068434485	-983.581490073543	0.0	22.97657606511229	14.691506957876529
231	4.441776403625989	1.8363931816951764	-983.7316266178015	0.0	23.07813398578397	14.62685533140211
232	4.445187662337552	1.8408016564530603	-983.881045933196	0.0	23.178568835365084	14.563475835218004
233	4.448592442104781	1.8452043909922229	-984.029752399451	0.0	23.277882687878584	14.501341537585517
234	4.451990746172801	1.849601346673533	-984.177750370822	0.0	23.376085012952824	14.440421778999017
235	4.455382578244009	1.8539924863092878	-984.3250441760749	0.0	23.47318061938219	14.38068971573657
236	4.45876794247249	1.8583777741275076	-984.4716381184736	0.0	23.569175751120444	14.32211846070728
237	4.4621468434510065	1.8627571757425758	-984.6175364757717	0.0	23.664076636529504	14.264681961336057
238	4.465519286201021	1.867130658118571	-984.7627435002128	0.0	23.75788974415576	14.208354814501721
239	4.46888527616326	1.8714981895409364	-984.9072634185364	0.0	23.850621204615795	14.153112584901924
240	4.472244819185766	1.8758597395838035	-985.0511004319899	0.0	23.942277936606317	14.098931105158819
241	4.475597921516971	1.880215279077433	-985.1942587163448	0.0	24.03286649158412	14.045787140996442
242	4.478944589794674	1.8845647800852467	-985.3367424219218	0.0	24.12239362302068	13.993658025985987
243	4.48228483103443	1.88890821586636	-985.4785556736174	0.0	24.210866166532504	13.942521709338834
244	4.4856186526237005	1.8932455608541385	-985.6197025709388	0.0	24.2982909722978	13.892356771660417
245	4.488946062309987	1.897576790623442	-985.7601871880416	0.0	24.38467516053727	13.843142256619627
246	4.492267068192908	1.9019018818646691	-985.9000135737728	0.0	24.47002569658947	13.794857893256086
247	4.495581678716407	1.9062208123600304	-986.0391857517187	0.0	24.554349738033054	13.747483876794249
248	4.498889902657377	1.9105335609516154	-986.1777077202571	0.0	24.637654436927363	13.701000961472802
249	4.502191749119168	1.914840107521507	-986.3155834526128	0.0	24.719947017745998	13.655390397335722
250	4.50548722752173	1.9191404329646022	-986.4528168969183	0.0	24.80123472018491	13.61063394372245
251	4.50877634759612	1.923434519161079	-986.589411976278	0.0	24.88152490346229	13.5667137942098
252	4.512059119371811	1.9277223489590696	-986.7253725888345	0.0	24.960824914344684	13.523612632480932
253	4.515335553172976	1.9320039061460754	-986.8607026078412	0.0	25.03914219771527	13.481313555524983
254	4.5186056596082915	1.9362791754264843	-986.9954058817356	0.0	25.116484078646664	13.439800175525406
255	4.521869449565395	1.9405481424026554	-987.129486234218	0.0	25.192857968582274	13.399056492508487
256	4.525126934199137	1.9448107935487768	-987.262947464331	0.0	25.26827160869323	13.359066752022844
257	4.52837812492961	1.9490671161906101	-987.3957933465448	0.0	25.342732238629395	13.319815872664277
258	4.53162303342983	1.9533170984872896	-987.5280276308416	0.0	25.416247645145233	13.281288876379596
259	4.534861671624584	1.9575607294098514	-987.6596540428071	0.0	25.48882482620087	13.24347157746504
260	4.538094051675627	1.9617979987148515	-987.7906762837198	0.0	25.560471855505646	13.206349594679606
261	4.541320185981084	1.9660288969347464	-987.9210980306467	0.0	25.63119613083085	13.169909254556288
262	4.544540087168013	1.9702534153540567	-988.0509229365392	0.0	25.70100520298203	13.134137146107037
263	4.547753768081894	1.9744715459871602	-988.1801546303319	0.0	25.76990663748105	13.09902018185085
264	4.550961241784101	1.9786832815667863	-988.308796717043	0.0	25.837908275644207	13.064545454980731
265	4.554162521543433	1.9828886155202177	-988.4368527778767	0.0	25.90501760347349	13.030700549823774
266	4.5573576208319215	1.9870875419551368	-988.5643263703288	0.0	25.971240913668876	12.99747394631096
267	4.56054655331726	1.9912800556454215	-988.6912210282923	0.0	26.036587430019768	12.96485294150241
268	4.5637293328558295	1.9954661520037564	-988.8175402621653	0.0	26.10106410002409	12.932826257013215
269	4.566905973488933	1.9996458270770936	-988.9432875589613	0.0	26.164678483444124	12.901382577369342
270	4.570076489436481	2.0038190775230933	-989.0684663824194	0.0	26.227438047109622	12.870510894828978
271	4.573240895090676	2.007985900598064	-989.1930801731187	0.0	26.289350319582034	12.840200424326929
272	4.576399205008405	2.012146294142918	-989.3171323485898	0.0	26.350422793711136	12.810440643454859
273	4.579551433914065	2.016300256560344	-989.4406263034317	0.0	26.41066300434848	12.781221246630487
274	4.5826975966825945	2.020447786813308	-989.5635654094278	0.0	26.47007828450053	12.75253225550277
275	4.585837708344704	2.0245888843952744	-989.6859530156634	0.0	26.528676036695572	12.724363879367697
276	4.588971784073567	2.028723549326911	-989.8077924486437	0.0	26.586463672585683	12.696706537802847
277	4.592099839186034	2.032851782146869	-989.9290870124144	0.0	26.64344869518545	12.669550814935407
278	4.59522188913488	2.0369735838784275	-990.0498399886808	0.0	26.699638392069247	12.642887599146068
279	4.598337949503668	2.0410889560403334	-990.1700546369304	0.0	26.75504008659173	12.616707956193448
280	4.601448036002307	2.0451979006188403	-990.289734194554	0.0	26.80966107218828	12.59100315441712
281	4.604552164463411	2.049300420056058	-990.4088818769685	0.0	26.86350874531475	12.565764596467696
282	4.6076503508409905	2.0533965172480024	-990.5275008777413	0.0	26.916589810555283	12.540984185017482
283	4.610742611197321	2.0574861955184787	-990.6455943687126	0.0	26.96891213696404	12.516653449514205
284	4.613828961705188	2.0615694586199003	-990.7631655001218	0.0	27.020482605819208	12.492764546554714
285	4.61690941864315	2.065646310716386	-990.8802174007311	0.0	27.07130847227476	12.469309618871623
286	4.6199839983894355	2.069716756370054	-990.9967531779523	0.0	27.121396522240392	12.446281180689436
287	4.623052717421146	2.0737808005356735	-991.1127759179712	0.0	27.17075398395596	12.423671692294677
288	4.626115592306747	2.0778384485443007	-991.2282886858753	0.0	27.219387830532895	12.401473877018041
289	4.629172639703178	2.081889706101957	-991.3432945257796	0.0	27.26730514915413	12.379680547171642
290	4.632223876352419	2.085934579270216	-991.4577964609534	0.0	27.314512802332086	12.358284754028485
291	4.635269319080094	2.0899730744550054	-991.5717974939478	0.0	27.361017690921393	12.337279663423551
292	4.638308984786273	2.094005198409117	-991.6853006067223	0.0	27.406826668399518	12.316658590685686
293	4.64134289044851	2.0980309582125716	-991.798308760773	0.0	27.45194654732832	12.296414993625602
294	4.644371053113987	2.1020503612623362	-991.910824897259	0.0	27.496384097744524	12.276542469322937
295	4.647393489895962	2.106063415269238	-992.0228519371308	0.0	27.540146046846704	12.257034750453931
296	4.650410217974769	2.1100701282543146	-992.1343927812577	0.0	27.583239078328436	12.23788570190042
297	4.653421254587739	2.114070508521216	-992.2454503105552	0.0	27.625669873188652	12.219089299129964
298	4.656426617033698	2.1180645646627854	-992.356027386112	0.0	27.66744493863765	12.200639700465164
299	4.659426322664103	2.122052305554218	-992.4661268493193	0.0	27.7085710249012	12.18253105962833
300	4.662420388883563	2.1260337403295604	-992.5757515219956	0.0	27.749053296382705	12.164758326107654
301	4.6654088331430765	2.1300088784004605	-992.684904206516	0.0	27.78890142774839	12.147314567524003
302	4.668391672941208	2.1339777294158075	-992.7935876859378	0.0	27.828118803630733	12.130195702798817
303	4.671368925817354	2.1379403032808	-992.9018047241294	0.0	27.866712708922737	12.113396031125403
304	4.674340609356088	2.1418966101336494	-993.0095580658949	0.0	27.90468965551139	12.096910279097324
305	4.677306741173677	2.145846660350711	-993.1168504371017	0.0	27.942055812581593	12.080733407481837
306	4.680267338922544	2.1497904645288837	-993.2236845448062	0.0	27.978817406705918	12.064860434303794
307	4.683222420287599	2.1537280334798625	-993.3300630773807	0.0	28.014980702059912	12.049286441377275
308	4.686172002987168	2.1576593782341233	-993.4359887046379	0.0	28.05055166155492	12.03400671764416
309	4.689116104762308	2.1615845100251243	-993.5414640779571	0.0	28.085536449780996	12.01901654014548
310	4.692054743381286	2.1655034402801903	-993.646491830409	0.0	28.119941107394183	12.004311312018162
311	4.6949879366333676	2.169416180619359	-993.7510745768802	0.0	28.15377162138551	11.98988652988741
312	4.697915702328629	2.1733227428526183	-993.8552149141977	0.0	28.187033852417578	11.975737812505741
313	4.7008380582961085	2.1772231389718573	-993.9589154212524	0.0	28.219733929592852	11.961860730897639
314	4.703755022380146	2.1811173811340248	-994.0621786591231	0.0	28.25187746474789	11.948251140122547
315	4.706666612438007	2.185005481668187	-994.1650071711996	0.0	28.283470236837616	11.934904886215945
316	4.709572846339493	2.18888745307375	-994.2674034833047	0.0	28.31451816025025	11.921817818629377
317	4.712473741960556	2.1927633079961684	-994.369370103817	0.0	28.345026845707153	11.908985973668251
318	4.7153693171893725	2.1966330592411616	-994.4709095237928	0.0	28.375001911339176	11.896405441082317
319	4.718259589919907	2.2004967197627074	-994.5720242170864	0.0	28.404449156207637	11.884072289956887
320	4.721144578047876	2.2043543026539067	-994.672716640472	0.0	28.4333739489436	11.87198282324557
321	4.724024299465112	2.208205821140362	-994.7729892337628	0.0	28.46178180678619	11.860133333194602
322	4.726898772074623	2.2120512885842705	-994.8728444199321	0.0	28.489678219405942	11.848520173837723
323	4.729768013772936	2.215890718478987	-994.9722846052312	0.0	28.517068599084684	11.837139780195052
324	4.732632042450017	2.219724124437892	-995.0713121793085	0.0	28.543958305657327	11.825988656306052
325	4.735490875994167	2.2235515201942433	-995.1699295153282	0.0	28.570352654052414	11.815063370626506
326	4.738344532288322	2.22737291959127	-995.2681389700876	0.0	28.59625692325711	11.804360550916762
327	4.7411930292017495	2.231188336581185	-995.3659428841333	0.0	28.621676336711655	11.793876890984325
328	4.744036384600328	2.2349977852356306	-995.4633435818787	0.0	28.646616070938958	11.783609145766452
329	4.746874616331773	2.2388012797127566	-995.5603433717195	0.0	28.671081255635755	11.77355412999723
330	4.749707742242007	2.2425988342705847	-995.6569445461489	0.0	28.695077002666277	11.763708705065026
331	4.752535780145686	2.2463904632681437	-995.7531493818723	0.0	28.71860829375157	11.75406982385776
332	4.7553587478579065	2.2501761811524603	-995.8489601399217	0.0	28.74168016047607	11.744634455746628
333	4.7581766631692535	2.2539560024581884	-995.9443790657684	0.0	28.764297515948872	11.735399654436549
334	4.760989543853748	2.2577299417924457	-996.0394083894367	0.0	28.786465272367778	11.726362508730865
335	4.763797407664679	2.261498013852899	-996.134050325616	0.0	28.808188266865056	11.717520171757412
336	4.766600272335301	2.2652602334057788	-996.2283070737719	0.0	28.829471339897317	11.708869827995215
337	4.769398155573687	2.2690166152966715	-996.3221808182577	0.0	28.850319829167134	11.700408492092665
338	4.772191075073283	2.272767174440669	-996.4156737284248	0.0	28.870736681962043	11.692134178885663
339	4.774979048494667	2.27651192580367	-996.5087879587322	0.0	28.89072830927274	11.684043528263476
340	4.7777620934756495	2.280250884437695	-996.6015256488553	0.0	28.910298794871345	11.676134152880474
341	4.780540227620092	2.2839840654300914	-996.6938889237955	0.0	28.929452706587934	11.668403497032138
342	4.783313468524215	2.2877114839538484	-996.7858798939866	0.0	28.948194579059862	11.660849045589748
343	4.786081833731977	2.2914331552153766	-996.877500655403	0.0	28.96652892501936	11.65346831864325
344	4.7888453407761835	2.2951490944654847	-996.9687532896655	0.0	28.984460170101958	11.64625889693046
345	4.791604007142008	2.2988593170225653	-997.0596398641479	0.0	29.001992737553657	11.639218386937987
346	4.7943578502986375	2.302563838242353	-997.1501624320816	0.0	29.019130990599688	11.632344443330302
347	4.7971068876704885	2.306262673519149	-997.2403230326602	0.0	29.03587924305309	11.625634763911576
348	4.799851136662673	2.3099558383054184	-997.3301236911439	0.0	29.052241805787222	11.61908707029742
349	4.802590614627235	2.3136433480530516	-997.4195664189622	0.0	29.06822288883209	11.612699146409328
350	4.805325338892574	2.317325218302336	-997.5086532138167	0.0	29.083826685968695	11.6064688039016
351	4.8080553267509325	2.321001464589529	-997.597386059783	0.0	29.099057395364152	11.600393873327118
352	4.810780595456181	2.3246721024865282	-997.6857669274121	0.0	29.113919077193053	11.594472260287727
353	4.813501162222305	2.3283371476018906	-997.7737977738306	0.0	29.12841581357646	11.58870188098053
354	4.8162170442232926	2.331996615569348	-997.8614805428413	0.0	29.142551706163093	11.583080662678858
355	4.818928258602747	2.335650522044645	-997.9488171650211	0.0	29.156330675731848	11.577606622830066
356	4.821634822460375	2.3392988827045245	-998.0358095578218	0.0	29.16975671604564	11.572277767510206
357	4.824336752849192	2.342941713246647	-998.122459625666	0.0	29.182833728980768	11.567092156425964
358	4.827034066782771	2.3465790293906683	-998.2087692600455	0.0	29.195565585786238	11.562047878021474
359	4.829726781242785	2.3502108468602803	-998.2947403396176	0.0	29.207956128202277	11.557143048528436
360	4.83241491316102	2.3538371814112975	-998.3803747303007	0.0	29.220009152747508	11.552375817686432
361	4.835098479414625	2.357458048797017	-998.4656742853707	0.0	29.2317284149386	11.547744366572225
362	4.837777496864555	2.3610734647943548	-998.5506408455544	0.0	29.243117635544753	11.543246904648589
363	4.840451982302087	2.364683445166212	-998.6352762391241	0.0	29.254180500977903	11.538881669151273
364	4.843121952485382	2.3682880057095725	-998.7195822819908	0.0	29.264920655093007	11.534646927875079
365	4.845787424132979	2.371887162219625	-998.8035607777974	0.0	29.275341706282028	11.530540975934752
366	4.848448413895462	2.3754809304806743	-998.8872135180101	0.0	29.285447226523388	11.52656213571678
367	4.851104938407234	2.379069326290015	-998.9705422820093	0.0	29.295240750099524	11.52270875697206
368	4.8537570142272255	2.382652365448833	-999.0535488371819	0.0	29.304725776304654	11.51897921534972
369	4.856404657884926	2.3862300637580667	-999.13623493901	0.0	29.31390576813872	11.515371912523202
370	4.859047885856499	2.389802437000505	-999.218602331161	0.0	29.322784152784546	11.511885275625204
371	4.861686714578661	2.393369500976249	-999.3006527455759	0.0	29.331364323133158	11.508517756282755
372	4.864321160416705	2.396931271469066	-999.3823879025583	0.0	29.33964963613512	11.505267830909345
373	4.866951239714255	2.400487764239696	-999.4638095108606	0.0	29.347643414476188	11.50213399970198
374	4.869576968754871	2.4040389951012022	-999.5449192677722	0.0	29.35534868572263	11.499114888488913
375	4.8721983637544275	2.4075849797653346	-999.6257188592051	0.0	29.362769264801006	11.496208824330186
376	4.874815440909194	2.411125734022505	-999.7062099597795	0.0	29.369908276012602	11.493414414387994
377	4.877428216347769	2.4146612735932136	-999.7863942329088	0.0	29.376768461464394	11.49073042433441
378	4.880036706153631	2.4181916142168447	-999.8662733308843	0.0	29.383353216194802	11.488155373047352
379	4.882640926348403	2.421716771586914	-999.9458488949584	0.0	29.389665638192042	11.485687904190193
380	4.885240892925765	2.425236761423194	-1000.0251225554282	0.0	29.395708864039168	11.483326654582788
381	4.887836621796841	2.428751599402106	-1000.1040959317176	0.0	29.40148592444321	11.481070310400273
382	4.890428128846254	2.432261301188713	-1000.1827706324589	0.0	29.406999845338298	11.478917567386182
383	4.893015429893568	2.4357658824348194	-1000.2611482555754	0.0	29.412253619606517	11.476867141651297
384	4.895598540716101	2.439265358745705	-1000.3392303883605	0.0	29.417250208754414	11.474917768769574
385	4.89817747702049	2.4427597457506915	-1000.4170186075587	0.0	29.421992543298344	11.473068203386008
386	4.900752254477036	2.4462490590379815	-1000.4945144794445	0.0	29.426483522983727	11.47131721889647
387	4.903322888700466	2.4497333141624025	-1000.5717195599015	0.0	29.43072601709377	11.46966360709949
388	4.90588939525104	2.4532125266781626	-1000.6486353945007	0.0	29.43472286475971	11.46810617785418
389	4.908451789630955	2.4566867120902565	-1000.7252635185781	0.0	29.438476875237928	11.466643758757584
390	4.911010087295744	2.460155885893863	-1000.8016054573117	0.0	29.441990828209743	11.465275194819503
391	4.913564303629082	2.4636200635677294	-1000.8776627257976	0.0	29.445267474067737	11.463999348148693
392	4.9161144540042585	2.467079260549906	-1000.9534368291266	0.0	29.4483095341595	11.462815097661633
393	4.918660553678916	2.4705334922608078	-1001.0289292624594	0.0	29.45111970090663	11.461721338845564
394	4.9212026179036235	2.4739827740555196	-1001.1041415111006	0.0	29.45370063907207	11.460716983080305
395	4.92374066186506	2.4774271213324393	-1001.1790750505736	0.0	29.456054954880308	11.459800969472633
396	4.926274700680984	2.480866549401675	-1001.2537313466939	0.0	29.45818534487524	11.458972206769046
397	4.928804749422819	2.484301073567583	-1001.328111855642	0.0	29.46009430115607	11.458229687863899
398	4.931330823119405	2.487730709096642	-1001.4022180240361	0.0	29.46178440636835	11.457572374869823
399	4.9338529367194095	2.4911554712340247	-1001.4760512890033	0.0	29.463258158468896	11.45699926712784
400	4.936371105136937	2.4945753751989552	-1001.5496130782525	0.0	29.46451811339293	11.456509345569113
