T(K)	v(THz2π)	w(THz2π)	E(meV)	M(mₑ)	R(Å)	κ(N/m)	ReΣ(ps⁻¹)	ImΣ(ps⁻¹)	μ(cm²V⁻¹s⁻¹)
1.0	16.095957265639704	14.194942164522256	-277.780747061125	0.7065849519070571	18.415774050127354	0.0011380058284316864	-1.5078786760672064e-12	0.0010240500003698783	3.1253756044723867e6
2.0	16.03688951918053	14.128199587633654	-277.60658205857413	0.7080511780728452	18.350632820949535	0.0011378545372734195	-5.347758731895283e-13	5.998274832075867e-6	5.3357689977808523e8
3.0	15.977564820772928	14.061082155623586	-277.4550805429641	0.7095478738063855	18.285053238702343	0.001137711145930885	-2.920185883329067e-13	2.730464951030723e-6	1.1721596674250603e9
4.0	15.917977318073572	13.993581106756832	-277.31834138629364	0.7110760358186127	18.219029993241545	0.0011375756426830702	-1.9060500258602764e-13	1.9941423118950453e-6	1.6049711546787567e9
5.0	15.858134565448356	13.925699967069555	-277.1926138868217	0.7126366401516833	18.15254772082754	0.0011374496082133378	-1.368426283068342e-13	1.2123236545231213e-6	2.640005312916969e9
6.0	15.798045878870031	13.857443781789177	-277.0756904622121	0.7142306920495992	18.085589882196377	0.001137334848113454	-1.0444919075806959e-13	1.0841388771202541e-6	2.952150279323437e9
7.0	15.73772254358027	13.788819298259469	-276.96611380268683	0.7158592260294833	18.01813861715326	0.001137233421740326	-8.317035815786808e-14	8.591646255973602e-7	3.7251776825549393e9
8.0	15.67717840216526	13.719835524982857	-276.8628494133989	0.7175233012543072	17.950174543944478	0.0011371477029530738	-6.83114061609229e-14	7.209233637032539e-7	4.439502241230403e9
9.0	15.616430112181492	13.650503954831049	-276.76512504279685	0.719224001203124	17.881676549428725	0.0011370804189308936	-5.745220289091544e-14	6.062047566229878e-7	5.279636713419001e9
10.0	15.555497844953669	13.58083922186693	-276.67234247888354	0.7209624279229306	17.8126214963317	0.0011370347276446443	-4.923150823882409e-14	5.315262170973483e-7	6.021416791807621e9
11.0	15.49440604569603	13.51085980852657	-276.5840250443533	0.7227396957660971	17.742983851004155	0.001137014307004044	-4.283098154689972e-14	6.04778645232943e-7	5.292086475181678e9
12.0	15.433184522236274	13.440589064520548	-276.4997843814825	0.7245569214098706	17.672735167374668	0.0011370234799273713	-3.773210958918717e-14	1.337530946089481e-6	2.3928724028952975e9
13.0	15.371870028544521	13.370056695753687	-276.41929843296657	0.7264152081343043	17.601843356829576	0.0011370673933015208	-3.3592053669069955e-14	4.509365786594146e-6	7.097541074247772e8
14.0	15.310508561599862	13.299300935032328	-276.3422962999416	0.7283156211374076	17.53027168280148	0.0011371522727570396	-3.0175481883494474e-14	1.5880017233863995e-5	2.0154517729935652e8
15.0	15.249158522291651	13.228371545113061	-276.2685475238814	0.7302591504592038	17.457977480607756	0.001137285766939838	-2.731778314273189e-14	4.815788386698378e-5	6.6459334005541556e7
16.0	15.187894707020412	13.157333632003729	-276.19785431920184	0.7322466591227069	17.384910708233228	0.0011374773749290446	-2.4898486855526573e-14	0.00012730170437146124	2.514138286457585e7
17.0	15.126812847127294	13.08627200916691	-276.1300458250193	0.7342788163183792	17.311012544688793	0.001137738924398496	-2.2828897966419297e-14	0.00029955463971154274	1.0684330885336742e7
18.0	15.066034187216145	13.015295635640262	-276.06497375904746	0.7363560182428693	17.236214324707348	0.0011380850454052014	-2.1042136508887302e-14	0.0006393341903696821	5.006053073847511e6
19.0	15.005709467576892	12.944541526798524	-276.002509050192	0.7384783017484157	17.160437104805766	0.0011385335729993012	-1.9486912621511468e-14	0.0012567722834139485	2.5466354813474035e6
20.0	14.94602168266341	12.874177537665298	-275.9425391536104	0.7406452576492908	17.08359209579042	0.001139105814082513	-1.812329695293349e-14	0.0023038158210828227	1.38923470341117e6
21.0	14.887187113413114	12.804403533742752	-275.8849658408459	0.7428559511077101	17.00558209060065	0.001139826628272904	-1.6919783382499547e-14	0.0039781026805120875	804539.5370498485
22.0	14.829454334046135	12.735450654042754	-275.82970332222885	0.7451088560541396	16.926303891930456	0.0011407242943469792	-1.585120917680655e-14	0.0065241324117843455	490569.5787435146
23.0	14.773101124733097	12.667578588905515	-275.77667660634876	0.747401809347984	16.845651626394332	0.0011418301579714902	-1.489725643859505e-14	0.010231630821085613	312808.48037638323
24.0	14.718429438677127	12.601071001649915	-275.725820036022	0.7497319886716202	16.76352073803134	0.0011431780786838198	-1.404135532734002e-14	0.015431351866836102	207405.08780661775
25.0	14.665758748754856	12.536229392085765	-275.6770759645588	0.7520959162507411	16.679812391516634	0.001144803711794719	-1.3269869845808936e-14	0.022488767819339926	142317.30767230166
26.0	14.615418221765967	12.473365818519333	-275.63039355238806	0.7544894886130882	16.59443798569463	0.001146743672885276	-1.256919623719415e-14	0.03179622849275853	100657.87801357846
27.0	14.567738235454248	12.412794960757312	-275.5857276741387	0.7569080308680208	16.507323477799517	0.0011490346387939931	-1.1936743285759975e-14	0.04376420423255281	73131.4768551263
28.0	14.523041768924754	12.354826023470828	-275.54303793175	0.7593463724976669	16.418413243203357	0.001151712439984004	-1.1386154373306304e-14	0.058812161565547263	54419.71190514555
29.0	14.481636168492	12.299754954224168	-275.5022877715161	0.7617989404562276	16.327673239374004	0.001154811195800482	-2.4874992266366148e-14	0.07735980910295821	41372.14046968956
30.0	14.443805726988908	12.247857391668608	-275.46344370329206	0.7642598645276018	16.23509330078289	0.0011583625372834259	2.564524804967569e-14	0.0998181631756618	32063.71252578137
31.0	14.409805424471399	12.199382675692007	-275.42647461929243	0.7667230894313878	16.140688458472876	0.0011623949528356459	-3.656248712630568e-15	0.12658405991738034	25283.917193088175
32.0	14.379856071423264	12.154549151564305	-275.3913512086078	0.7691824881168076	16.044499248548174	0.0011669332810761016	-4.1699639836331215e-15	0.15802952919077773	20252.80278505527
33.0	14.354140981954368	12.113540893728876	-275.35804546219424	0.7716319710334301	15.946591042263828	0.0011719983636072381	-3.812851312718518e-15	0.1945052854814223	16454.775925467835
34.0	14.33280419378627	12.076505870991987	-275.3265302618879	0.7740655868706906	15.847052491193601	0.0011776068591382606	-5.901011253987581e-15	0.23632630098780233	13542.889113646086
35.0	14.315950153065433	12.04355548195231	-275.2967790461079	0.7764776112296478	15.745993229329747	0.0011837712103287233	-3.671620165013332e-15	0.2837615524200095	11278.980050752887
36.0	14.303644702428173	12.014765314353118	-275.26876554437644	0.7788626208180729	15.643541006557635	0.0011904997465710134	-2.474502601506809e-14	0.3370571763838199	9495.542932073275
37.0	14.29591715496216	11.990176929068426	-275.2424635725841	0.7812155519190993	15.539838443294268	0.0011977969001984877	-2.3907024802236612e-14	0.396419155843967	8073.628233484532
38.0	14.292763206112348	11.969800439949246	-275.2178468810229	0.7835317429628673	15.435039594897562	0.0012056635104356157	-2.286087861722817e-14	0.46202431718068904	6927.213070614818
39.0	14.29414842887435	11.95361765360163	-275.1948890475386	0.7858069619389255	15.329306499149766	0.0012140971886815469	-2.2275382224157725e-14	0.5340052043705613	5993.46385151522
40.0	14.300012110729316	11.941585544578208	-275.1735634086448	0.7880374200741633	15.222805854519413	0.0012230927200310505	-2.1520613474692695e-14	0.6124532478355594	5225.771763357985
41.0	14.310271218619794	11.933639866729967	-275.153843022048	0.790219773647092	15.115705945151614	0.001232642478778499	-1.0022476531928317e-14	0.6974153927010843	4589.145755043184
42.0	14.324824314933402	11.929698735088161	-275.1357006546901	0.7923511160304721	15.008173894794213	0.001242736839414746	-9.15689509771755e-15	0.7889415740822228	4056.752735637175
43.0	14.343555287812432	11.92966604984116	-275.1191087910976	0.794428962083996	14.900373299438687	0.0012533645687890823	-8.874125842749955e-15	0.8870272845628008	3608.165097755075
44.0	14.366336798739106	11.93343467062696	-275.1040396574937	0.7964512269043658	14.792462259821093	0.0012645131892105403	-8.657188688128824e-15	0.9916363393703878	3227.5348954517453
45.0	14.393033386281404	11.94088928268982	-275.0904652577659	0.7984162007291222	14.684591811461075	0.0012761693059957677	-8.401220045664904e-15	1.1027096801148861	2902.432931016355
46.0	14.423504195286885	11.951908924718152	-275.0783574179703	0.8003225215270034	14.5769047321476	0.0012883188961399063	-1.382829992094304e-14	1.2201793896419895	2623.0084822650715
47.0	14.457605324954542	11.966369170693191	-275.06768783659345	0.8021691465266474	14.469534694534776	0.0013009475573129152	-1.343569462217231e-14	1.343954114033507	2381.436133492993
48.0	14.495191807159829	11.984143974870806	-275.05842813827127	0.8039553236629654	14.36260572415974	0.0013140407182696634	-1.3061528348458035e-14	1.4739025709117761	2171.4738491405565
49.0	14.536119238792608	12.005107200668329	-275.05054992909066	0.8056805636724506	14.256231919852942	0.001327583813072276	-1.2704517929786124e-14	1.6098924847050653	1988.046356712014
50.0	14.580245099456349	12.029133861430582	-275.0440248519688	0.8073446133555746	14.150517393289379	0.0013415624223323726	-1.2363499106873468e-14	1.7517678115955448	1827.0348774138279
51.0	14.62743619626998	12.056107047413263	-275.0388246409269	0.8089473414712085	14.045553503573062	0.001355963257277821	-1.2037411142863473e-14	1.899364406766863	1685.0588952353712
52.0	14.67753742665731	12.085888973776017	-275.03492117334645	0.8104891595957094	13.941433528598253	0.001370769885202895	-1.1725295067934586e-14	2.0525287336666826	1559.3159971010195
53.0	14.730436430720726	12.118380975953295	-275.03228651952725	0.8119701116431052	13.838224200535446	0.001385971515572341	-1.1426263652426071e-14	2.210983812479835	1447.5641435503032
54.0	14.785999939174712	12.153464492110908	-275.0308929890636	0.8133907427213626	13.735994974530216	0.0014015543242240486	-1.1139512331651043e-14	2.3747384534778755	1347.744583926145
55.0	14.844106074127179	12.191031050672548	-275.0307131737088	0.8147516366196943	13.634804107647428	0.001417505844826239	-1.0719657821933685e-14	2.5435059264962403	1258.31862846288
56.0	14.904638093051318	12.23097649298228	-275.03171998653767	0.816053488245218	13.534702066663732	0.0014338141147700698	-1.0458827313926254e-14	2.71713010298896	1177.912270522204
57.0	14.967484444711305	12.273201050561159	-275.03388669731504	0.8172970887727851	13.435732068510472	0.0014504676831489985	-1.0208095845871068e-14	2.8952842469655926	1105.4323568645423
58.0	15.032538750476522	12.317609352638888	-275.03718696407	0.8184833122689271	13.337930623112538	0.0014674556107472697	-9.966894198021827e-15	3.0779624953423803	1039.8245247494287
59.0	15.099699727876343	12.364110379428208	-275.04159486093744	0.8196131036700911	13.241328068521046	0.0014847674638132937	-9.73469652052608e-15	3.2648427242409537	980.3047678690411
60.0	15.168871070447327	12.412617374055916	-275.04708490238147	0.8206874679962652	13.145949090758801	0.001502393303101501	-9.511016207825595e-15	3.455733282327054	926.1539092972898
61.0	15.239961295469058	12.46304772382195	-275.05363206395185	0.8217074606854097	13.051813222883588	0.0015203236694102808	-9.295402234361091e-15	3.650463750433992	876.7491222274031
62.0	15.312883569033687	12.515322819491166	-275.0612117997552	0.822674178940926	12.958935319488434	0.001538549566618051	-9.087435893223475e-15	3.8488544254268127	831.5567530359472
63.0	15.38755551607068	12.56936789965455	-275.0698000568348	0.8235887539921184	12.867326004231748	0.001557062443028219	-8.886727887518559e-15	4.0505043289211144	790.15861458626
64.0	15.463899021401051	12.625111885778901	-275.07937328667134	0.824452344176092	12.776992089075229	0.0015758541716714657	-8.692915731127329e-15	4.255730218841055	752.0544593608064
65.0	15.541840026593352	12.682487212371266	-275.0899084540146	0.8252661287580323	12.687936964758048	0.0015949170300759855	-8.505661421432358e-15	4.464029110423229	716.9623695873518
66.0	15.62130832634636	12.741429655724346	-275.1013830432649	0.8260313024145645	12.600160962672076	0.001614243679906483	-8.324649351597571e-15	4.675152771027229	684.5853056931721
67.0	15.702237367218775	12.80187816387778	-275.11377506261044	0.8267490703130435	12.513661688788524	0.0016338271467763094	-8.149584434287678e-15	4.889034286557091	654.6366217386075
68.0	15.784564050828322	12.863774689789798	-275.12706304613226	0.8274206437263468	12.428434330627452	0.0016536608004634064	-7.980190412381057e-15	5.105528443557806	626.8774964821562
69.0	15.868228543080031	12.927064029197112	-275.1412260540684	0.8280472361289206	12.344471938496842	0.0016737383357012948	-7.816208335375839e-15	5.32434412198236	601.1145815504372
70.0	15.953174090468803	12.991693664164584	-275.15624367143147	0.8286300597266574	12.261765682392415	0.0016940537536601677	-7.657395182909675e-15	5.545403613803281	577.1520184661338
71.0	16.03934684500054	13.05761361380835	-275.1720960051542	0.8291703223637387	12.180305085801612	0.0017146013443192663	-7.50352261894267e-15	5.768452114027361	554.8353051476463
72.0	16.12669569468634	13.124776289344869	-275.18876367993204	0.8296692248258185	12.10007823890355	0.0017353756692739446	-7.354375863144721e-15	5.993394836080713	534.0113535735115
73.0	16.21517210525399	13.193136358827383	-275.206227832919	0.8301279584153258	12.021071991101074	0.0017563715457946235	-7.209752665713453e-15	6.220163230400355	514.5429099470684
74.0	16.304729970156448	13.262650618856453	-275.2244701074218	0.8305477028165457	11.943272125263826	0.0017775840317180017	-7.069462375315468e-15	6.44807714376138	496.3558619971741
75.0	16.395325467750766	13.333277872233579	-275.2434726457255	0.830929624240611	11.866663515362447	0.0017990084110106439	-6.933325090655293e-15	6.67793792581521	479.27083546905686
76.0	16.486916927180296	13.404978813046705	-275.26321808117524	0.8312748737969776	11.791230268383057	0.001820640180239671	-6.8011708867076345e-15	6.9092623210312984	463.22468886059505
77.0	16.579464702187284	13.477715918497454	-275.2836895296256	0.8315845860776883	11.716955851964832	0.0018424750358511423	-6.672839108144309e-15	7.141809181960973	448.1414733118315
78.0	16.672931052557033	13.551453347227504	-275.30487058036067	0.8318598779342334	11.643823208979075	0.0018645088622272767	-6.548177723229087e-15	7.375477800871311	433.9435322465287
79.0	16.767280032838684	13.626156843847532	-275.3267452865786	0.8321018474291904	11.571814860194564	0.0018867377204864714	-6.427042732213515e-15	7.610113450192919	420.56414925520215
80.0	16.86247738799686	13.701793649379926	-275.3492981555245	0.8323115729460687	11.500912996087761	0.0019091578379920003	-6.309297624921825e-15	7.845605383471338	407.94058998412896
81.0	16.958490455620627	13.778332417299012	-275.3725141383471	0.8324901124426293	11.431099558783849	0.0019317655985311936	-6.194812882796838e-15	8.08193320733899	396.0117965352189
82.0	17.055288074326405	13.855743134860525	-275.3963786197499	0.8326385028341525	11.362356315035099	0.001954557533128466	-6.0834655211871625e-15	8.318859793419554	384.7331206913322
83.0	17.152840497991193	13.933997049410786	-275.42087740749446	0.8327577594943679	11.294664921074014	0.001977530311454818	-5.975138668105669e-15	8.556386144090217	374.0528810900531
84.0	17.25111931545261	14.013066599363457	-275.44599672181295	0.8328488758631273	11.228006980108189	0.002000680733796517	-5.8697211760888e-15	8.794367357371277	363.9307705554648
85.0	17.350097375352362	14.092925349570198	-275.4717231847766	0.8329128231501768	11.162364093159368	0.0020240057235500018	-5.767107264129066e-15	9.032793119010718	354.32460887208754
86.0	17.449748715785862	14.173547930794392	-275.49804380966344	0.8329505501260064	11.097717903887853	0.002047502320208473	-5.667196186971618e-15	9.271521010167007	345.201276619693
87.0	17.55004849843401	14.254909983009581	-275.52494599036305	0.8329629829914028	11.034050137992082	0.002071167672805919	-5.569891929339075e-15	9.510479552541115	336.52781347506294
88.0	17.650972946913864	14.33698810230046	-275.552417490849	0.8329510253173088	10.971342637711901	0.0020949990337929035	-5.4751029228856055e-15	9.749774769038632	328.2681871872146
89.0	17.752499289034677	14.419759791093703	-275.58044643475114	0.8329155580484903	10.909577391926467	0.0021189937533103676	-5.382741783911281e-15	9.988967396723735	320.40758186533844
90.0	17.854605702704443	14.503203411501127	-275.60902129504797	0.8328574395642931	10.848736562287176	0.002143149273835412	-5.292725070052982e-15	10.228403458325909	312.90718067155626
91.0	17.95727126526474	14.587298141587548	-275.63813088390464	0.8327775057900284	10.788802505782915	0.0021674631251771916	-5.204973054337872e-15	10.46747596447565	305.7605195156788
92.0	18.06047590599017	14.672023934333787	-275.6677643426701	0.8326765703540672	10.729757794106412	0.002191932919794221	-5.11940951515016e-15	10.706420285024167	298.93660100311774
93.0	18.16420036154802	14.757361479121064	-275.69791113205235	0.8325554247853824	10.671585230149088	0.0022165563484125004	-5.035961540791553e-15	10.945173908844675	292.4157181577201
94.0	18.26842613422675	14.843292165574287	-275.7285610224815	0.8324148387467089	10.614267861921679	0.0022413311759251447	-4.954559347439763e-15	11.183520399709547	286.1836679798142
95.0	18.37313545272743	14.929798049585983	-275.75970408467265	0.8322555602994021	10.557788994173224	0.00226625523755141	-4.875136109424798e-15	11.422069592420772	280.2067403826454
96.0	18.478311235356337	15.016861821384268	-275.79133068039584	0.8320783161958585	10.502132197950706	0.002291326435239049	-4.797627800836973e-15	11.659759771230215	274.49458236807817
97.0	18.583937055449777	15.104466775499898	-275.82343145345953	0.831883812196033	10.447281318321375	0.002316542734292171	-4.72197304757281e-15	11.896952982600217	269.021899439031
98.0	18.68999710888068	15.192596782504069	-275.85599732091305	0.8316727334047864	10.393220480456673	0.002341902160209231	-4.648112989004575e-15	12.13416648600917	263.76273084815637
99.0	18.79647618350503	15.281236262396	-275.8890194644702	0.8314457446270772	10.33993409425845	0.002367402795716311	-4.5759911485314126e-15	12.370614751566519	258.72124815063574
100.0	18.903359630418667	15.370370159529775	-275.92248932215784	0.8312034907382926	10.287406857688874	0.0023930427779826277	-4.505553312335453e-15	12.60655317310939	253.87914086960114
101.0	19.0106376366424	15.459988083738997	-275.95639858018774	0.8309465252496991	10.235623166470441	0.002418820981915203	-4.4367468405324456e-15	12.841918636208788	249.22606812752903
102.0	19.118283700949434	15.550063464236386	-275.9907391650549	0.8306756697890086	10.184570077658522	0.002444733588153134	-4.369523436496927e-15	13.07676847161502	244.75013806837555
103.0	19.226297607257887	15.640595176186208	-276.0255032358588	0.8303912963272613	10.134231385089358	0.002470780939856754	-4.303833294811658e-15	13.310845881037169	240.44609317244783
104.0	19.33466240457144	15.731565873183497	-276.0606831768477	0.8300940457619852	10.084593543677876	0.002496960681431381	-4.239630759095978e-15	13.544246832350373	236.30261088209636
105.0	19.44336588437001	15.822962792317213	-276.0962715901824	0.8297844692418959	10.03564270578479	0.00252327118603829	-4.176871357542439e-15	13.777061242676174	232.30940420021358
106.0	19.552396260688024	15.914773571613074	-276.13226128891887	0.8294631004008279	9.987365311876506	0.002549710867753978	-4.1155122948173875e-15	14.008970523629523	228.46367500862883
107.0	19.661742151100864	16.006986233238266	-276.16864529020324	0.8291304557751958	9.939748088168166	0.002576278179757887	-4.055512373599537e-15	14.24018998175833	224.7540863581066
108.0	19.771392558736736	16.099589167576212	-276.20541680867933	0.828787035222415	9.892778043809855	0.0026029716126202323	0.0	14.470899677987937	221.17082974352886
109.0	19.88133685528534	16.19257111815253	-276.2425692501013	0.828433322338473	9.846442467675008	0.002629789692688999	0.0	14.700393618135086	217.71804021408113
110.0	19.99156476491517	16.285921167333896	-276.28009620515036	0.8280697848741069	9.800728924809576	0.0026567309805658594	0.0	14.929191506432746	214.3813941657119
111.0	20.102066349067478	16.379628722776726	-276.31799144344797	0.8276968751482134	9.755625252590367	0.002683794069669037	0.0	15.156941797884551	211.16006986070596
112.0	20.212831992036207	16.4736835045438	-276.3562489077643	0.8273150304583344	9.71111955664096	0.0027109775848719766	0.0	15.383842116458041	208.04561465772798
113.0	20.32385238733132	16.56807553289358	-276.39486270841434	0.8269246734866617	9.667200206541779	0.0027382801812200434	0.0	15.609865642329586	205.0332118322009
114.0	20.43511852473147	16.66279511665586	-276.4338271178383	0.8265262127017899	9.623855831373707	0.0027657005427133645	0.0	15.83558075048548	202.11073653347606
115.0	20.546621678019715	16.757832842194425	-276.47313656536187	0.8261200427549519	9.58107531512598	0.00279323738115679	0.0	16.05969892269317	199.29021735229605
116.0	20.658353393336988	16.853179562897235	-276.51278563213003	0.8257065448707758	9.538847791996922	0.002820889435069614	0.0	16.282588610143648	196.56216622227373
117.0	20.770305478128883	16.948826389176595	-276.55276904621064	0.8252860872318063	9.497162641614644	0.0028486554686526023	0.0	16.504716387903873	193.91674559531344
118.0	20.882469990647802	17.04476467894588	-276.59308167786253	0.824859025356587	9.456009484198109	0.002876534270809076	0.0	16.725963480603074	191.35166070568016
119.0	20.99483922997197	17.140986028540485	-276.6337185349633	0.8244257024710063	9.41537817568122	0.0029045246542152704	0.0	16.946028190453177	188.86672752728182
120.0	21.107405726523954	17.23748226406978	-276.6746747585916	0.8239864498724859	9.375258802815438	0.002932625454439372	0.0	17.16848323407505	186.41954826642464
121.0	21.220162233042405	17.334245433158955	-276.71594561876014	0.8235415872870527	9.335641678269074	0.0029608355291032683	0.0	17.386693269701233	184.07990750566412
122.0	21.33310171599149	17.431267797068628	-276.7575265102933	0.8230914232190084	9.296517335734476	0.002989153757086623	0.0	17.603989366633343	181.80770405271159
123.0	21.446217347389037	17.52854182317834	-276.79941294884605	0.8226362552928494	9.257876525057803	0.0030175790377709017	0.0	17.81996477169304	179.60422087926938
124.0	21.55950249701376	17.62606017779685	-276.8416005670587	0.8221763705877366	9.219710207400047	0.003046110290319359	0.0	18.03501381781945	177.46262471690872
125.0	21.672950724979376	17.723815719291416	-276.88408511084407	0.8217120459641887	9.182009550440208	0.0030747464529916483	0.0	18.249347651984817	175.3783724191293
126.0	21.78655577465805	17.821801491520958	-276.9268624358007	0.821243548382979	9.144765923626927	0.0031034864824919847	0.0	18.462279969151815	173.35566865325757
127.0	21.90031156592456	17.92001071754849	-276.96992850375074	0.8207711352162996	9.107970893487895	0.0031323293533468814	0.0	18.674255400733795	171.38787171081492
128.0	22.01421218871574	18.01843679362898	-277.01327937939607	0.820295054551094	9.071616218999933	0.0031612740573134517	0.0	18.885277735929087	169.47279958858923
129.0	22.128251896880975	18.11707328345207	-277.05691122708924	0.8198155454846172	9.035693847027314	0.0031903196028147548	0.0	19.094967486664025	167.61174854847079
130.0	22.242425102291286	18.215913912609302	-277.10082030771594	0.8193328384125776	9.000195907832493	0.003219465014398252	0.0	19.30422668900067	165.79482516849993
131.0	22.356726369243532	18.314952563324436	-277.14500297568424	0.8188471553090959	8.965114710660036	0.003248709332224227	0.0	19.51185510823935	164.03057890504994
132.0	22.47115040907828	18.414183269368085	-277.1894556760176	0.8183587099996174	8.930442739400807	0.0032780516115717227	0.0	19.718675841666375	162.31013251676268
133.0	22.585692075057903	18.51360021120473	-277.2341749415476	0.8178677084259383	8.896172648334995	0.0033074909223705607	0.0	19.924417643880524	160.63409963196352
134.0	22.700346357440154	18.613197711309553	-277.27915739020307	0.8173743489042642	8.862297257958716	0.0033370263487496705	0.0	20.12895179083073	159.0018656795575
135.0	22.81510837879695	18.712970229706652	-277.3243997223925	0.8168788223754175	8.828809550893183	0.003366656988610358	0.0	20.332621012124093	157.40916466241674
136.0	22.929973389494734	18.8129123596462	-277.3698987184758	0.8163813126485121	8.795702667879564	0.003396381953212087	0.0	20.535237739047105	155.85604265151647
137.0	23.04493676340807	18.91301882349437	-277.41565123632233	0.8158819966368646	8.762969903857934	0.003426200366782581	0.0	20.736919537318947	154.3402279762981
138.0	23.159993993757777	19.013284468728322	-277.4616542089537	0.8153810445878629	8.73060470413397	0.0034561113661355164	0.0	20.945807605300374	152.8010258294387
139.0	23.275140689187268	19.113704264151416	-277.5079046422652	0.8148786203050045	8.69860066062853	0.003486114100314869	0.0	21.138207243998274	151.4102332318025
140.0	23.39037256993712	19.214273296189873	-277.5543996128264	0.8143748813642785	8.666951508215263	0.0035162077302436498	0.0	21.34353787541187	149.95362566404864
141.0	23.505685464224854	19.314986765379242	-277.60113626575594	0.8138699793232413	8.635651121141612	0.0035463914283949093	0.0	21.541218578976125	148.57752253809966
142.0	23.621075304741506	19.415839982952985	-277.64811181266805	0.8133640599242065	8.604693509534941	0.0035766643784713795	0.0	21.73747640103716	147.23608342885876
143.0	23.736538125297578	19.516828367567335	-277.69532352969	0.8128572632910304	8.57407281599268	0.003607025775099117	0.0	21.9328675814755	145.92441581232785
144.0	23.852070057608604	19.61794744215307	-277.7427687555448	0.8123497241197433	8.543783312254465	0.003637474823534483	0.0	22.12692607032751	144.64462342141246
145.0	23.967667328201383	19.719192830876363	-277.7904448897001	0.811841571863339	8.51381939595625	0.0036680107393816286	0.0	22.32024480789102	143.39183626626033
146.0	24.083326255435786	19.82056025620477	-277.8383493905787	0.8113329309108256	8.48417558746575	0.0036986327483197593	0.0	22.512386603836926	142.16799601204733
147.0	24.19904324666455	19.922045536101063	-277.88647977382954	0.81082392076032	8.454846526795952	0.003729340085844824	0.0	22.703517778270626	140.971144655793
148.0	24.314814795464148	20.02364458127904	-277.93483361065574	0.8103146561871961	8.425826970598408	0.0037601319970144396	0.0	22.869767084394677	139.94637011847246
149.0	24.4306374790201	20.125353392605223	-277.98340852619975	0.80980524740617	8.39711178923117	0.003791007736210711	0.0	23.059135224535733	138.7970909468655
150.0	24.546507955566042	20.227168058546514	-278.03220219798146	0.8092958002288303	8.368695963903976	0.003821966566904105	0.0	23.269900333527996	137.5399483041411
151.0	24.662426547308932	20.329088304146545	-278.08121235438864	0.8087863687907689	8.340574400565266	0.003853008402800712	0.0	23.43477518320616	136.57228899765715
152.0	24.778379311281206	20.431099731623526	-278.13043677321696	0.8082771928231989	8.312742843846715	0.003884130600779077	0.0	23.621104182554923	135.49497365494355
153.0	24.894373890670984	20.533209332186807	-278.17987328025896	0.8077682235465371	8.2851960411164	0.00391533437437805	0.0	23.806463870536287	134.43999521814987
154.0	25.01040365902017	20.6354099697199	-278.22951974793864	0.8072595980573712	8.25792957321851	0.003946618379896299	0.0	23.990859852257895	133.40667690219274
155.0	25.126465644955648	20.737698135738352	-278.2793740939921	0.8067514023367839	8.230938935316756	0.0039779819230528176	0.0	24.174280012226742	132.39446582471962
156.0	25.24255694479082	20.84007039591417	-278.32943428018984	0.8062437188043007	8.204219717790094	0.004009424317428645	0.0	24.356726538293305	131.40275167453683
157.0	25.358674720557246	20.942523388075887	-278.37969831110246	0.805736626442705	8.177767603862652	0.00404094488428406	0.0	24.538206121886166	130.43092363876278
158.0	25.474816198150055	21.045053820318753	-278.43016423290493	0.8052302009181	8.15157836729598	0.004072542952389317	0.0	24.71871808975135	129.478433197672
159.0	25.590978665488482	21.147658469125613	-278.4808301322216	0.8047245146967253	8.125647870143274	0.0041042178578529764	0.0	24.898259096983335	128.5447659793906
160.0	25.707159470781527	21.250334177590236	-278.5316941350059	0.8042196371572801	8.099972060563573	0.004135968943962496	0.0	25.076825172172793	127.62942944099346
161.0	25.8233560208227	21.353077853666683	-278.58275440545924	0.8037156346999157	8.074546970695506	0.004167795561024636	0.0	25.254429117433393	126.73186449922918
162.0	25.93956577937508	21.45588646850571	-278.6340091449819	0.8032125708512002	8.049368714586318	0.004199697066217026	0.0	25.4310921409598	125.85149199161226
163.0	26.055786265578053	21.55875705481103	-278.6854565911596	0.8027105063659528	8.024433486178767	0.004231672823438067	0.0	25.606833148695117	124.98776675471291
164.0	26.17201505244903	21.66168670528788	-278.7370950167808	0.8022094993251524	7.9997375573501905	0.0042637222031691804	0.0	25.781651721251226	124.14025771195348
165.0	26.288249765395935	21.764672571100395	-278.7889227288866	0.8017096052310612	7.97527727600578	0.004295844582334355	0.0	25.955554330779364	123.30851609362851
166.0	26.404488080812026	21.867711860410044	-278.8409380678497	0.8012108770986744	7.951049064223088	0.004328039344169378	0.0	26.128544808087508	122.49212164028746
167.0	26.52072772468551	21.970801836926224	-278.89313940648333	0.8007133655445616	7.927049416445852	0.004360305878090327	0.0	26.300639166038845	121.69061248704215
168.0	26.636966471310892	22.07393981855855	-278.94552514917734	0.8002171188718916	7.903274897727077	0.004392643579574906	0.0	26.471843658376105	120.90358836428285
169.0	26.753202141965147	22.177123176031294	-278.99809373106206	0.7997221831536482	7.879722142019558	0.0044250518500347	0.0	26.64216349174506	120.13066768799116
170.0	26.869432603702517	22.280349331616783	-279.0508436171981	0.7992286023119696	7.856387850512392	0.00445753009670366	0.0	26.811576531298044	119.37160372422929
171.0	26.985655768140887	22.383615757858344	-279.1037733017914	0.7987364181954553	7.833268790012123	0.004490077732522263	0.0	26.98008578337745	118.62604569210907
172.0	27.101869590304144	22.486919976348936	-279.1568813074324	0.7982456706535918	7.810361791367648	0.0045226941760277695	0.0	27.144854856926802	117.9059864488185
173.0	27.21807206750537	22.59025955655016	-279.21016618435874	0.7977563976085743	7.78766374793775	0.004555378851248184	0.0	27.314439136605092	117.17395597652207
174.0	27.334261238265825	22.69363211464606	-279.2636265097413	0.7972686351247024	7.765171614099213	0.004588131187599727	0.0	27.480324464073096	116.4666339038406
175.0	27.45043518125169	22.797035312414632	-279.3172608869913	0.7967824174755709	7.742882403795906	0.004620950619783993	0.0	27.645367758975222	115.771326206246
176.0	27.566592014271414	22.90046685615934	-279.3710679450889	0.7962977772086466	7.720793189125762	0.004653836587693177	0.0	27.809571674546767	115.08774483734
177.0	27.682729893285188	23.003924495652864	-279.42504633793254	0.7958147452078382	7.698901098966581	0.004686788536314237	0.0	27.972939847798006	114.41560688044373
178.0	27.798847011451947	23.10740602311794	-279.4791947437075	0.7953333507538541	7.677203317638024	0.004719805915637207	0.0	28.13548549981397	113.75459964737831
179.0	27.914941598203875	23.210909272235842	-279.53351186427403	0.7948536215824911	7.655697083599706	0.004752888180565529	0.0	28.29718066314657	113.10458547145117
180.0	28.03101191835929	23.31443211719314	-279.58799642457336	0.794375583940812	7.634379688183556	0.004786034790830846	0.0	28.45804498408529	112.4652410489128
181.0	28.14705627124824	23.417972471741397	-279.642647172052	0.793899262641543	7.613248474360583	0.00481924521090729	0.0	28.61809062991055	111.83628322047703
182.0	28.26307298987753	23.52152828829634	-279.69746287610326	0.7934246811154522	7.592300835539905	0.004852518909930615	0.0	28.777330825284533	111.21743390126632
183.0	28.37906044010994	23.625097557051497	-279.75244232752453	0.7929518614620438	7.571534214400041	0.004885855361617388	0.0	28.9357653551985	110.608475346271
184.0	28.495017019880073	23.72867830512864	-279.807584337992	0.7924808244983682	7.550946101750775	0.004919254044188629	0.0	29.09339643516985	110.00918700048886
185.0	28.610941158428464	23.832268595747074	-279.86288773954993	0.7920115898061875	7.530534035425566	0.004952714440294304	0.0	29.250229241741216	109.41934377555782
186.0	28.726831315556254	23.93586652741338	-279.918351384115	0.7915441757775648	7.510295599202615	0.0049862360369397965	0.0	29.40626792846878	108.8387311406304
187.0	28.842685980905205	24.039470233137465	-279.9739741429955	0.7910785996588	7.490228421755032	0.005019818325414413	0.0	29.56152639769662	108.2671052184009
188.0	28.958503673264616	24.1430778796755	-280.0297549064245	0.7906148775928098	7.470330175627854	0.005053460801223204	0.0	29.71602197053046	107.70421734409639
189.0	29.07428293987679	24.246687666772214	-280.08569258310644	0.7901530246602573	7.450598576242819	0.005087162964016168	0.0	29.869766340482286	107.14984685294594
190.0	29.190022355803446	24.35029782646426	-280.1417860997768	0.7896930549188329	7.4310313809276565	0.005120924317527304	0.0	30.02276300839709	106.60380885066422
191.0	29.305720523259332	24.453906622351912	-280.1980344007747	0.7892349814416918	7.411626387972815	0.005154744369504939	0.0	30.17501531756121	106.06592425003046
192.0	29.42137607101761	24.557512348942304	-280.2544364476275	0.7887788163540365	7.3923814357103215	0.005188622631654562	0.0	30.326526047779595	105.53602096967809
193.0	29.536987653787136	24.661113330965907	-280.31099121864753	0.7883245708688668	7.373294401618773	0.005222558619573726	0.0	30.47728851149584	105.01396433966664
194.0	29.65255395163845	24.764707922741866	-280.3676977085404	0.7878722553211868	7.354363201450015	0.005256551852694958	0.0	30.628509153061632	104.49548402508614
195.0	29.768073669435626	24.868294507550132	-280.42455492802327	0.7874218792011105	7.335585788379185	0.005290601854227715	0.0	30.785646217257217	103.96211488722493
196.0	29.883545536280202	24.97187149701571	-280.4815619034564	0.786973451185898	7.316960152175888	0.005324708151101605	0.0	30.92561776553778	103.49157495189978
197.0	29.998968304971037	25.075437330510304	-280.5387176764819	0.7865269791708197	7.298484318397731	0.005358870273910231	0.0	31.072951929438766	103.00086377965712
198.0	30.11434075149458	25.17899047458457	-280.59602130367557	0.7860824702988196	7.2801563476035485	0.005393087756859838	0.0	31.220077902541707	102.5154677354406
199.0	30.2296616745125	25.28252942239823	-280.653471856206	0.7856399309893252	7.261974334586963	0.005427360137716021	0.0	31.366511338834567	102.03687794100959
200.0	30.344929894861956	25.386052693164174	-280.7110684195052	0.7851993669660331	7.2439364076303026	0.005461686957750808	0.0	31.512258141254165	101.56494893414127
201.0	30.460147381463702	25.48956196170782	-280.76881009294664	0.7847607516414065	7.226040659309194	0.005496068372182154	0.0	31.65731926623079	101.0995549560006
202.0	30.57530361899227	25.593046407544477	-280.8266959895333	0.7843241843532509	7.208285488117211	0.005530502097693827	0.0	31.801690348098884	100.6405902919964
203.0	30.690406871129415	25.696514015154044	-280.88472523559415	0.7838895739683542	7.190668913107636	0.005564989517245796	0.0	31.945366407880954	100.18795364721124
204.0	30.805452916418673	25.799960272705988	-280.94289697048805	0.7834569553278262	7.17318925788619	0.005599529575170074	0.0	32.0883533465753	99.74151226608643
205.0	30.920440679695567	25.903383821974202	-281.00121034631684	0.783026331059626	7.15584480762021	0.005634121829555563	0.0	32.23066384679441	99.30111598474802
206.0	31.035369105302443	26.00678332779224	-281.0596645276458	0.7825977032430569	7.138633876865115	0.0056687658417180365	0.0	32.37978870118019	98.84378550003639
207.0	31.150237156667437	26.110157477580263	-281.1182586912312	0.7821710734305606	7.121554808939686	0.005703461176154098	0.0	32.52070787457464	98.41547426518981
208.0	31.265043815927264	26.21350498091724	-281.17699202575596	0.781746442668392	7.104605975317033	0.005738207400501952	0.0	32.66097062397767	97.99282837498762
209.0	31.379788083541108	26.3168245691042	-281.2358637315716	0.7813238115167985	7.087785775030179	0.005773004085500063	0.0	32.800589588984046	97.57571217533375
210.0	31.494468977900375	26.420114994724816	-281.29487302044816	0.7809031800695856	7.071092634093633	0.00580785080494304	0.0	32.939578128591045	97.16399148834078
211.0	31.60908553499284	26.52337503126058	-281.3540191153292	0.7804845479726042	7.054525004937608	0.005842747135647891	0.0	33.07794134758202	96.75755982770416
212.0	31.723636808023695	26.626603472663724	-281.41330125009506	0.7800679144420791	7.038081365857462	0.005877692657410442	0.0	33.21568252753857	96.35631862336237
213.0	31.83812186708159	26.72979913297588	-281.4727186693307	0.7796532782819545	7.021760220475971	0.00591268695296968	0.0	33.35280912885366	95.96015965405309
214.0	31.95253979881054	26.83296084595318	-281.5322706281009	0.7792406379006706	7.005560097218591	0.005947729607972489	0.0	33.48230266267175	95.58903164937121
215.0	32.06688970606507	26.936087464675623	-281.5919563917308	0.7788299913275635	6.989479548802555	0.005982820210933624	0.0	33.61826094274069	95.20245245187377
216.0	32.181170707601645	27.039177861192794	-281.651775235592	0.7784213362284719	6.973517151736933	0.0060179583532027695	0.0	33.76134653920263	94.79897033133994
217.0	32.295381937783965	27.14223092618489	-281.7117264448945	0.7780146699206975	6.957671505835675	0.006053143628932712	0.0	33.89631192110283	94.42150804977092
218.0	32.409522546235905	27.245245568571168	-281.771809314484	0.7776099893880382	6.941941233742561	0.006088375635036908	0.0	34.030620808265105	94.04885402909349
219.0	32.52359169760886	27.348220715234426	-281.8320231486441	0.7772072912942762	6.9263249804664975	0.006123653971168493	0.0	34.164271966649956	93.6809334628942
220.0	32.63758857123794	27.451155310634544	-281.8923672609042	0.7768065719972788	6.910821412929902	0.006158978239676276	0.0	34.29565891394844	93.32204104742421
221.0	32.75151236089742	27.554048316521378	-281.9528409738513	0.7764078275618139	6.895429219525286	0.006194348045580769	0.0	34.42796541928587	92.9634048930198
222.0	32.86536227451103	27.656898711604228	-282.01344361894763	0.7760110537723156	6.880147109684808	0.00622976299653905	0.0	34.55969800637094	92.60905255381425
223.0	32.979137533897024	27.75970549125628	-282.07417453635236	0.7756162461449791	6.8649738134588745	0.006265222702816502	0.0	34.69085884076336	92.25891188243436
224.0	33.09283737449928	27.862467667204978	-282.13503307474764	0.775223399939645	6.849908081104374	0.006300726777255646	0.0	34.821448491547386	91.91291653742839
225.0	33.206461045136805	27.96518426724259	-282.19601859116955	0.7748325101711006	6.834948682683657	0.006336274835246884	0.0	34.95146947322336	91.57099650324915
226.0	33.32000780776593	28.06785433494969	-282.25713045084274	0.7744435716199443	6.820094407672373	0.006371866494701545	0.0	35.080924758210415	91.23308210872906
227.0	33.43347693723559	28.17047692941177	-282.31836802701923	0.7740565788432054	6.805344064576177	0.006407501376023403	0.0	35.20981746095018	90.8991048438564
228.0	33.546867721029614	28.27305112492376	-282.3797307008218	0.7736715261847406	6.790696480556958	0.006443179102076621	0.0	35.33815160591797	90.56899536250705
229.0	33.66017945908538	28.375576010772885	-282.44121786109065	0.7732884077845757	6.776150501068134	0.006478899298167254	0.0	35.465935243193016	90.2426755975718
230.0	33.77341146351932	28.478050690926025	-282.5028289042338	0.772907217588918	6.761704989496837	0.006514661592008111	0.0	35.593174341657196	89.92007451187453
231.0	33.88656305845304	28.580474283821136	-282.5645632340814	0.7725279493588505	6.747358826815872	0.006550465613700739	0.0	35.71987395272494	89.60112494103016
232.0	33.99963357977072	28.682845922089122	-282.6264202617437	0.7721505966794147	6.733110911243543	0.006586310995704024	0.0	35.846042705143695	89.28575227236166
233.0	34.11262237491616	28.785164752315968	-282.6883994054722	0.7717751529680783	6.718960157910609	0.006622197372810497	0.0	35.971691840975595	88.97387709938621
234.0	34.225528802708155	28.88742993482408	-282.75050009052416	0.7714016114827719	6.704905498535067	0.006658124382125522	0.0	36.096828155286246	88.66543273961452
235.0	34.338352233115785	28.989640643413612	-282.81272174903063	0.771029965330034	6.690945881104619	0.006694091663038066	0.0	36.221452211535045	88.36036915981836
236.0	34.451092047092416	29.091796065164374	-282.8750638198672	0.7706602074723505	6.677080269566886	0.00673009885720178	0.0	36.345568276193205	88.0586283476093
237.0	34.563747636367644	29.193895400194123	-282.93752574852857	0.7702923307357232	6.663307643525111	0.006766145608509119	0.0	36.469183224680265	87.76014722342377
238.0	34.676318403261654	29.295937861441306	-283.00010698700487	0.7699263278167394	6.649626997942146	0.006802231563067903	0.0	36.59230115717272	87.46487068875129
239.0	34.788803760524296	29.397922674472643	-283.0628069936626	0.7695621912892434	6.6360373428502655	0.0068383563691831305	0.0	36.71493183270922	87.17273134263603
240.0	34.90120313114144	29.49984907725893	-283.12562523312687	0.7691999136110425	6.622537703068679	0.00687451967733084	0.0	36.83705691898626	86.88372949974621
241.0	35.013515948178615	29.601716319987233	-283.18856117616673	0.7688394871301747	6.609127117925193	0.00691072114014106	0.0	36.95749067285661	86.60060059939596
242.0	35.12574165458454	29.703523664835064	-283.25161429958433	0.7684809040912233	6.595804640986632	0.006946960412369934	0.0	37.07867197892288	86.3175706706886
243.0	35.237879703069424	29.8052703858193	-283.31478408610474	0.7681241566408625	6.582569339793431	0.006983237150887919	0.0	37.19940002403218	86.03743304591713
244.0	35.349929555903145	29.90695576856458	-283.37807002427024	0.7677692368339089	6.5694202956006755	0.007019551014651451	0.0	37.319672635269924	85.76015444174078
245.0	35.46189068478759	30.008579110147778	-283.4414716083354	0.7674161366385279	6.556356603125103	0.007055901664688442	0.0	37.43949023059489	85.48569623152963
246.0	35.573762570688125	30.11013971890096	-283.50498833816596	0.767064847941652	6.543377370297323	0.0070922887640758525	0.0	37.55957110954729	85.21239179172653
247.0	35.685544703692614	30.211636914243005	-283.5686197191388	0.7667153625539797	6.530481718019731	0.0071287119779220405	0.0	37.678310583830545	84.94385335550189
248.0	35.79723658286419	30.31307002650503	-283.63236526204537	0.7663676722148867	6.517668779929481	0.007165170973347821	0.0	37.7965746393244	84.67806724438044
249.0	35.9088377160762	30.414438396737932	-283.6962244829962	0.7660217685973453	6.504937702166392	0.007201665419463949	0.0	37.91436442905863	84.41499513738313
250.0	36.02034761992679	30.515741376602527	-283.7601969033284	0.7656776433119479	6.492287643147391	0.00723819498736237	0.0	38.03168171544896	84.15459807594716
251.0	36.13176861542661	30.616981144972815	-283.8242820495149	0.7653352655305092	6.479717747570201	0.007274759934174319	0.0	38.14852960459689	83.89683487382152
252.0	36.24309184842696	30.71814862361941	-283.8884794530758	0.7649946938971891	6.467227275061202	0.007311358182618675	0.0	38.264913988885965	83.64165903641003
253.0	36.35432524847366	30.819251645480605	-283.95278865049136	0.7646558527176996	6.454815342235619	0.0073479911618716445	0.0	38.38084266677928	83.38902083789316
254.0	36.465465569648316	30.920286786035504	-284.01720918311764	0.7643187557784727	6.442481180216672	0.007384657966654192	0.0	38.49632830181931	83.13886103170782
255.0	36.57651236997968	31.021253447413127	-284.0817405971034	0.7639833944426128	6.430224005568695	0.007421358277667335	0.0	38.611381750138605	82.89112546210464
256.0	36.68746521540734	31.122151041387454	-284.1463824433089	0.7636497600351445	6.418043045870514	0.007458091777484348	0.0	38.72601177827202	82.64576551907372
257.0	36.798323679660406	31.222978989233024	-284.21113427722685	0.763317843846487	6.405937539521114	0.007494858150533758	0.0	38.84022627751958	82.4027354024043
258.0	36.90908734412909	31.323736721572942	-284.2759956589048	0.7629876371359098	6.3939067355486285	0.007531657083081558	0.0	38.954028824701574	82.16199929714138
259.0	37.01975579778768	31.424423678279513	-284.3409661528691	0.7626591311344563	6.381949893423506	0.00756848826322335	0.0	39.06834771656945	81.92158296877655
260.0	37.13032863702522	31.52503930828179	-284.40604532805105	0.762332317048506	6.370066282875895	0.007605351380857375	0.0	39.18130137571403	81.68541565849485
261.0	37.240805465591386	31.625583069490514	-284.4712327577137	0.7620071860622922	6.35825518371695	0.007642246127680328	0.0	39.29381773123603	81.45151257144796
262.0	37.35118589443445	31.726054428612724	-284.53652801938136	0.7616837293412526	6.346515885662757	0.007679172197162578	0.0	39.40589746847582	81.2198451126851
263.0	37.46146954164838	31.826452861079236	-284.60193069476986	0.7613619380343213	6.334847688163748	0.007716129284542983	0.0	39.51754538944713	80.99037673960987
264.0	37.57165603233647	31.926777850886214	-284.66744036971835	0.7610418032768775	6.32324990023609	0.0077531170868085485	0.0	39.628768381215416	80.76306732845771
265.0	37.68174499850494	32.02702889046799	-284.73305663412305	0.7607233161933367	6.311721840297175	0.0077901353026791345	0.0	39.739574337336535	80.53787546257009
266.0	37.79173607898582	32.127205480599756	-284.7987790818716	0.7604064678994376	6.300262836004231	0.00782718363259828	0.0	39.84997136664103	80.31476006517721
267.0	37.90162891932628	32.22730713026752	-284.8646073107798	0.7600912495046657	6.288872224097399	0.007864261778715586	0.0	39.95996593084324	80.09368412513103
268.0	38.011423171693274	32.32733335655177	-284.93054092252856	0.7597776521145791	6.277549350243794	0.007901369444874783	0.0	40.06956362174877	79.87461303868011
269.0	38.12111849479549	32.42728368453107	-284.99657952260327	0.7594656668328266	6.266293568886892	0.007938506336602478	0.0	40.17876813955502	79.65751657192052
270.0	38.23071455375001	32.52715764712869	-285.0627227202333	0.7591552847635747	6.2551042430978585	0.007975672161086824	0.0	40.287582180573615	79.44236699464267
271.0	38.34021102004402	32.62695478505627	-285.12897012833423	0.7588464970131192	6.243980744430103	0.00801286662717518	0.0	40.39600811915099	79.2291376780529
272.0	38.44960757141916	32.72667464667914	-285.1953213634493	0.7585392946920277	6.2329224527767755	0.008050089445355782	0.0	40.50405221914553	79.01779485172396
273.0	38.55890389176194	32.82631678788824	-285.2617760456942	0.7582336689171663	6.221928756231202	0.008087340327740356	0.0	40.61172229914109	78.80830232564762
274.0	38.668099671088	32.925880772067494	-285.3283337987012	0.7579296108129424	6.21099905095021	0.008124618988065787	0.0	40.71902449743773	78.6006278003382
275.0	38.77719460537815	33.02536616991078	-285.3949942495655	0.7576271115136365	6.200132741019788	0.008161925141665614	0.0	40.82596049581387	78.39474809769943
276.0	38.88618839655787	33.12477255938506	-285.4617570287926	0.757326162164566	6.189329238323852	0.008199258505470383	0.0	40.932531157337664	78.19064197651554
277.0	38.995080752386535	33.22409952560194	-285.5286217702457	0.7570267539238856	6.1785879624154365	0.008236618797989488	0.0	41.03873601327188	77.98829105947377
278.0	39.10387138636944	33.32334666071256	-285.595588111096	0.756728877964166	6.167908340390273	0.008274005739297733	0.0	41.144978293001365	77.78691402202922
279.0	39.21256001771773	33.422513563851645	-285.6626556917719	0.7564325254735469	6.157289806763273	0.00831141905103119	0.0	41.25044695724935	77.58802934263706
280.0	39.321146371235265	33.521599841007315	-285.7298241559111	0.7561376876574013	6.146731803347053	0.008348858456368268	0.0	41.355553213298826	77.39083726938873
281.0	39.42963017727359	33.62060510496019	-285.79709315031226	0.7558443557394462	6.13623377913285	0.008386323680024772	0.0	41.46030477756737	77.19530539118588
282.0	39.53801117163793	33.71952897517372	-285.8644623248884	0.7555525209631394	6.125795190174376	0.008423814448237836	0.0	41.564710268654544	77.00140018369383
283.0	39.64628909552805	33.81837107771894	-285.93193133262105	0.755262174592825	6.115415499472881	0.008461330488758408	0.0	41.668776309786686	76.8090923794239
284.0	39.754463695448244	33.917131045168986	-285.99949982951483	0.7549733079150247	6.105094176865189	0.008498871530836179	0.0	41.7725377549798	76.61830142303032
285.0	39.862534723162895	34.01580851654007	-286.0671674745542	0.7546859122393528	6.0948306989139995	0.00853643730521373	0.0	41.87593551554852	76.42911972026505
286.0	39.970501935626814	34.11440313720677	-286.13493392965927	0.7543999788995928	6.08462454879992	0.008574027544115901	0.0	41.97897482569849	76.24152095674009
287.0	40.0783650948889	34.2129145587899	-286.2027988596436	0.7541154992549474	6.074475216215117	0.008611641981234035	0.0	42.0817155941571	76.05538043606616
288.0	40.18612396806281	34.311342439114306	-286.27076193217323	0.7538324646906923	6.064382197260654	0.008649280351721859	0.0	42.183806284432094	75.87131581573551
289.0	40.2937783272435	34.40968644210991	-286.33882281772503	0.7535508666192787	6.054344994343751	0.008686942392182796	0.0	42.285896476032015	75.68814086110363
290.0	40.401327949443164	34.507946237733904	-286.40698118954714	0.7532706964811956	6.044363116078395	0.00872462784065925	0.0	42.38765504332755	75.50643897720806
291.0	40.5087726165442	34.60612150191008	-286.47523672361996	0.7529919457457035	6.0344360771873236	0.008762336436626144	0.0	42.4890786586165	75.32620122528613
292.0	40.61611211520227	34.70421191641767	-286.5435890986168	0.7527146059118808	6.024563398405983	0.008800067920973577	0.0	42.59016674274858	75.14741391475961
293.0	40.72334623684414	34.80221716887651	-286.6120379958671	0.7524386685089809	6.0147446063881755	0.008837822036009713	0.0	42.69166041514405	74.96876105996161
294.0	40.830474777558045	34.900136952623505	-286.6805830993188	0.7521641250975031	6.004979233613651	0.00887559852544048	0.0	42.79134459565181	74.79411827692779
295.0	40.93749753803559	34.99797096664117	-286.7492240955021	0.7518909672698884	5.995266818297104	0.00891339713436058	0.0	42.891440700103146	74.61957063401368
296.0	41.04441432356691	35.09571891554097	-286.8179606734938	0.7516191866507971	5.9856069042993765	0.0089512176092551	0.0	42.99121053614093	74.44640076430028
297.0	41.15122494391268	35.19338050942156	-286.8867925248822	0.7513487748982243	5.9759990410400095	0.008989059697975104	0.0	43.09065481991271	74.27459392974804
298.0	41.25792921332789	35.29095546388115	-286.95571934373294	0.7510797237035461	5.966442783411412	0.009026923149745686	0.0	43.18977460053402	74.10413503006295
299.0	41.36452695041851	35.38844349986023	-287.0247408265553	0.7508120247926947	5.956937691694413	0.009064807715138403	0.0	43.28857032233701	73.93501021364223
300.0	41.47101797817736	35.48584434366707	-287.0938566722687	0.7505456699260584	5.947483331475984	0.009102713146081165	0.0	43.38704404137802	73.76720308172217
301.0	41.577404672380965	35.583160305885464	-287.16306658217064	0.7502806341178592	5.938079266805465	0.009140639756712789	0.0	43.48519931220108	73.60069493847182
302.0	41.683679218936746	35.68038338608908	-287.23237025990477	0.7500169595446667	5.9287250939271265	0.009178585618983982	0.0	43.58304166111176	73.4354640459097
303.0	41.78984909915504	35.77752106334595	-287.30176741142924	0.7497545877289281	5.919420373577735	0.009216552171455724	0.0	43.68003064153252	73.27240484746292
304.0	41.89591160431428	35.87457050552707	-287.3712577449863	0.7494935273567138	5.9101646985339995	0.009254538610470875	0.0	43.77720601207677	73.10975689113248
305.0	42.00186657833118	35.97153146458816	-287.4408409710719	0.7492337703692653	5.900957659725028	0.009292544694561972	0.0	43.874094582499154	72.94830626983727
306.0	42.10771386915955	36.06840369743262	-287.5105168024063	0.7489753087451899	5.8917988529207745	0.009330570183557997	0.0	43.9706990231737	72.7880374889921
307.0	42.213453328753786	36.165186965864315	-287.58028495390465	0.7487181345007256	5.88268787865946	0.00936861483857868	0.0	44.06702174248759	72.62893570658821
308.0	42.31908481301257	36.2618810365203	-287.6501451426487	0.7484622396901228	5.873624342176272	0.00940667842202446	0.0	44.16306212276265	72.47099125552538
309.0	42.424608181717524	36.35848568079836	-287.7200970878583	0.7482076164060533	5.86460785333305	0.009444760697565767	0.0	44.25881925495129	72.31419506425057
310.0	42.53002329851978	36.455000674833606	-287.7901405108643	0.7479542567796739	5.855638026549572	0.009482861430142106	0.0	44.35481894575558	72.15768128441934
311.0	42.635330030866186	36.551425799413735	-287.8602751350814	0.7477021529810808	5.84671448073584	0.009520980385948308	0.0	44.44993090418013	72.00328153074751
312.0	42.740528249964484	36.64776083993448	-287.93050068598086	0.7474512972194709	5.8378368392260365	0.009559117332428448	0.0	44.54474099231719	71.85002803064826
313.0	42.845617830758385	36.744005586364615	-288.0008168910655	0.7472016817432551	5.829004729713083	0.00959727203827283	0.0	44.63864742668366	71.69887694676805
314.0	42.950598651850115	36.84015983315756	-288.0712234798427	0.7469532988405023	5.820217784184172	0.00963544427340369	0.0	44.73287232714003	71.54785110845978
315.0	43.05547059548431	36.936223379226966	-288.1417201838003	0.7467061408389113	5.81147563885885	0.009673633808971956	0.0	44.82681295214677	71.39791294849752
316.0	43.160233547482015	37.03219602786935	-288.21230673638127	0.7464602001061897	5.8027779341259915	0.009711840417346648	0.0	44.920474434760045	71.24904465477631
317.0	43.26488739723562	37.128077586750784	-288.282982872959	0.746215469049946	5.794124314483811	0.009750063872114419	0.0	45.01747698600387	71.09551896724507
318.0	43.36943203763779	37.223867867825845	-288.35374833081426	0.7459719401180278	5.7855144284800275	0.009788303948065995	0.0	45.11057276050816	70.94879743397661
319.0	43.47386736504182	37.31956668728853	-288.42460284911056	0.7457296057986472	5.77694792865316	0.009826560421189333	0.0	45.203399764325425	70.80310121810409
320.0	43.578193279241205	37.41517386554301	-288.49554616887184	0.7454884586203694	5.7684244714749155	0.009864833068666867	0.0	45.29239999247645	70.66397208908339
321.0	43.68240968341492	37.51068922713946	-288.5665780329593	0.7452484911523143	5.759943717293464	0.009903121668865299	0.0	45.38471529111049	70.5202372293574
322.0	43.78651648407978	37.60611260071737	-288.6376981860492	0.7450096960042947	5.7515053302777925	0.009941426001326737	0.0	45.47676932271311	70.3774902347222
323.0	43.89051359109618	37.7014438190036	-288.70890637461076	0.7447720658265982	5.743108978363455	0.009979745846770896	0.0	45.56856391895722	70.23571983984517
324.0	43.994400917575085	37.796682718708965	-288.78020234688455	0.7445355933104274	5.734754333197991	0.010018080987077483	0.0	45.66010059438739	70.0949154130723
325.0	44.0981783798766	37.89182914051949	-288.8515858528613	0.7443002711876943	5.726441070088819	0.010056431205286235	0.0	45.75195009266185	69.95419610385723
326.0	44.20184589756774	37.98688292904536	-288.923056644261	0.7440660922311059	5.718168867951003	0.010094796285589605	0.0	45.84296969382598	69.81530451215507
327.0	44.30540339335647	38.081843932745905	-288.99461447451205	0.74383304925438	5.709937409256036	0.010133176013319853	0.0	45.93373223225826	69.67735329523879
328.0	44.40885079312387	38.17671200395527	-289.06625909873156	0.7436011351118206	5.701746379982258	0.010171570174956726	0.0	46.024239925104766	69.54033122815707
329.0	44.512188025801194	38.271486998748614	-289.13799027370504	0.7433703426989098	5.693595469564341	0.010209978558103518	0.0	46.11449652817828	69.40422491570008
330.0	44.61541502340816	38.36616877697537	-289.20980775786694	0.7431406649517872	5.685484370846409	0.010248400951494187	0.0	46.2048802194546	69.26845981884757
331.0	44.718531720981424	38.46075720217741	-289.2817113112815	0.742912094847533	5.677412780032802	0.010286837144981536	0.0	46.29460707414742	69.13420571406586
332.0	44.82153805656376	38.55525214157191	-289.35370069562384	0.7426846254039613	5.669380396642191	0.010325286929534395	0.0	46.383788461837355	69.00128245344227
333.0	44.924433971131506	38.6496534659703	-289.4257756741611	0.7424582496798319	5.66138692346128	0.01036375009722298	0.0	46.473067935051304	68.86872399706621
334.0	45.02721940860667	38.743961049782705	-289.4979360117343	0.7422329607745674	5.653432066498907	0.010402226441224023	0.0	46.56214350534944	68.73697488923061
335.0	45.12989431579973	38.838174770953714	-289.5701814747405	0.7420087518283209	5.645515534942191	0.010440715755807871	0.0	46.65094272972264	68.60613530274493
336.0	45.23245864237698	38.93229451092193	-289.64251183111463	0.7417856160219389	5.637637041112345	0.010479217836333016	0.0	46.73893696734449	68.47697223306783
337.0	45.334912340855205	39.026320154607674	-289.7149268503123	0.741563546576742	5.629796300421607	0.010517732479246115	0.0	46.827267076949916	68.34780436057903
338.0	45.437255366519054	39.120251590322454	-289.7874263032928	0.7413425367547567	5.62199303133082	0.010556259482064524	0.0	46.91536107095725	68.21946620159845
339.0	45.539487677433456	39.21408870977459	-289.860009962502	0.741122579858394	5.614226955307568	0.010594798643380641	0.0	47.00322055218159	68.0919488349274
340.0	45.64160923440633	39.30783140802531	-289.93267760185523	0.7409036692303862	5.606497796785564	0.010633349762853869	0.0	47.094066599467595	67.96059716261875
341.0	45.743620000953435	39.40147958344617	-290.00542899672195	0.7406857982537431	5.5988052831239825	0.010671912641204408	0.0	47.18144166592509	67.83474128615741
342.0	45.84551994324121	39.495033137654566	-290.0782639239089	0.7404689603518173	5.591149144567713	0.010710487080201484	0.0	47.268582080723476	67.70968681586841
343.0	45.947309030117104	39.588491975538226	-290.15118216164416	0.7402531489878563	5.583529114208376	0.010749072882671299	0.0	47.35548662186633	67.5854292127179
344.0	46.04898723302487	39.68185600516335	-290.2241834895621	0.7400383576652023	5.575944927946231	0.010787669852478168	0.0	47.442154468729164	67.46196341115892
345.0	46.150554525999695	39.77512513776303	-290.29726768868767	0.7398245799270629	5.5683963244519665	0.010826277794525328	0.0	47.528584744127976	67.33928447788199
346.0	46.25201088562538	39.86829928768723	-290.370434541421	0.739611809356491	5.560883045129216	0.01086489651474676	0.0	47.61477708603933	67.21738680268558
347.0	46.353356291055235	39.9613783724197	-290.44368383152295	0.7394000395759246	5.553404834079357	0.010903525820110399	0.0	47.700731878964106	67.09626378557488
348.0	46.45459072390716	40.054362312463404	-290.51701534410034	0.7391892642475785	5.545961438063747	0.010942165518598484	0.0	47.78645050601654	66.97590750149968
349.0	46.55571416828155	40.14725103135386	-290.59042886559126	0.7389794770730157	5.538552606469235	0.010980815419210895	0.0	47.87193443332365	66.85631000296617
350.0	46.65672661074058	40.2400444556326	-290.663924183751	0.7387706717929712	5.5311780912734685	0.011019475331961051	0.0	47.957185141978904	66.73746341534942
351.0	46.75763040012815	40.33274491149493	-290.73750108763824	0.7385628289626031	5.523837649812428	0.011058145608425756	0.0	48.04220374479195	66.61936046726235
352.0	46.85841844822245	40.42534514126232	-290.81115936760057	0.7383559820750021	5.516531030735248	0.01109682443894922	0.0	48.126991921532415	66.50199318781874
353.0	46.95909782834675	40.51785227033589	-290.88489881526186	0.7381500853137547	5.509258001994223	0.011135513258217716	0.0	48.21154991913598	66.38535567274113
354.0	47.05966617672328	40.61026384019593	-290.95871922350796	0.7379451457999947	5.502018322788868	0.01117421133967867	0.0	48.29587942391425	66.26944010737223
355.0	47.16012349175105	40.70257979184826	-291.03262038647415	0.7377411574686783	5.494811757545576	0.011212918498321553	0.0	48.37998205095016	66.15423886568183
356.0	47.2604697741264	40.79480006910357	-291.10660209953176	0.737538114293135	5.487638073083041	0.01125163455011836	0.0	48.463859236669755	66.03974465356433
357.0	47.360705026787016	40.886924618516	-291.18066415927547	0.7373360102850525	5.480497038581614	0.011290359312010364	0.0	48.547511779518906	65.9259511270399
358.0	47.46082925493669	40.978953389402825	-291.2548063635108	0.7371348394940506	5.4733884255525345	0.011329092601914888	0.0	48.63094108661099	65.81285118903703
359.0	47.56084246597756	41.070886333769806	-291.32902851124163	0.7369345960077819	5.46631200780712	0.011367834238711634	0.0	48.714149500221865	65.70043656209947
360.0	47.660744669510045	41.16272340630745	-291.4033304026578	0.7367352739515812	5.459267561428179	0.011406584042241076	0.0	48.79713989394168	65.58869835142353
361.0	47.76053587729967	41.25446456435074	-291.47771183912323	0.7365368674884032	5.452254864739557	0.01144534183329999	0.0	48.87991546435668	65.47762733447844
362.0	47.860216103261266	41.34610976785898	-291.5521726231639	0.736339370818579	5.445273698277944	0.011484107433637213	0.0	48.96248048693094	65.36721295748576
363.0	47.95978536340466	41.43765897935551	-291.6267125584564	0.7361427781798177	5.4383238447643505	0.011522880665942009	0.0	49.04483925265159	65.25744477270194
364.0	48.059243675863634	41.52911216395203	-291.70133144981577	0.7359470838467577	5.431405089076035	0.011561661353851909	0.0	49.12699559651453	65.14831306197419
365.0	48.158591060822175	41.62046928926915	-291.77602910318484	0.7357522821310573	5.424517218219112	0.01160044932193588	0.0	49.20895209113483	65.03980989045579
366.0	48.257827540524936	41.71173032544243	-291.8508053256226	0.7355583673810323	5.417660021301635	0.011639244395697156	0.0	49.290710964667085	64.9319278679139
367.0	48.35695313924457	41.80289524508384	-291.925659925293	0.7353653339815548	5.410833289506389	0.011678046401567383	0.0	49.37227454713051	64.82465955382989
368.0	48.4559678832389	41.89396402323424	-292.00059271145454	0.7351731763539615	5.404036816065043	0.011716855166896351	0.0	49.45364449871895	64.71799846821932
369.0	48.554871800751904	41.984936637359446	-292.07560349444896	0.73498188895576	5.397270396232049	0.011755670519953377	0.0	49.53482265827641	64.61193796928232
370.0	48.65366492201147	42.07581306734393	-292.1506920856912	0.7347914662803263	5.3905338272595476	0.011794492289926635	0.0	49.61581010912402	64.50647247070542
371.0	48.7523472791417	42.16659329539626	-292.2258582976584	0.7346019028571045	5.38382690837143	0.011833320306904944	0.0	49.696607852349565	64.40159655212042
372.0	48.85091890620752	42.25727730609128	-292.3011019438801	0.7344131932510275	5.377149440739655	0.011872154401886674	0.0	49.77721665484516	64.29730515284697
373.0	48.949379839157864	42.3478650863071	-292.3764228389275	0.734225332062553	5.370501227459138	0.011910994406768636	0.0	49.85763746457355	64.19359303156126
374.0	49.04773011582219	42.43835662521743	-292.45182079840424	0.7340383139273752	5.363882073523969	0.011949840154345446	0.0	49.937871038120285	64.09045524733743
375.0	49.14596977585336	42.52875191422949	-292.5272956389356	0.7338521335164212	5.35729178580383	0.01198869147829647	0.0	50.01791761999867	63.98788756524089
376.0	49.24409886077786	42.61905094703084	-292.60284717815944	0.7336667855352923	5.350730173020873	0.01202754821319804	0.0	50.0977769091271	63.88588648796636
377.0	49.342117413898535	42.709253719486156	-292.67847523471636	0.7334822647244833	5.344197045726465	0.01206641019450167	0.0	50.177448145964306	63.78444913351718
378.0	49.440025480300136	42.799360229638836	-292.75417962824025	0.7332985658590545	5.337692216278714	0.012105277258535668	0.0	50.25693086821978	63.683572268035846
379.0	49.53782310685215	42.88937047770986	-292.8299601793489	0.7331156837483221	5.331215498820266	0.012144149242506298	0.0	50.321668674339705	63.60164464395024
380.0	49.63551034218941	42.97928446607444	-292.90581670963473	0.7329336132356532	5.324766709256684	0.012183025984493051	0.0	50.400836280293035	63.50174173930092
381.0	49.733087236624414	43.06910219916797	-292.98174904165586	0.7327523491986568	5.318345665233951	0.012221907323430224	0.0	50.47981429083836	63.40239031934842
382.0	49.83055384222398	43.15882368356123	-293.0577569989269	0.7325718865484583	5.311952186118292	0.012260793099123353	0.0	50.57297271616214	63.285599343325245
383.0	49.92791021271858	43.248448927863606	-293.13384040591046	0.7323922202298978	5.305586092974484	0.012299683152229603	0.0	50.651512622383166	63.18746910436039
384.0	50.02515640350712	43.33797794272412	-293.209999088008	0.7322133452212161	5.299247208545242	0.01233857732425936	0.0	50.72986563398137	63.08987514392461
385.0	50.122292471646126	43.427410740817066	-293.28623287155153	0.7320352565338075	5.29293535723115	0.012377475457573455	0.0	50.808032817509165	62.99281258165549
386.0	50.21931847582577	43.51674733681371	-293.362541583795	0.7318579492120604	5.286650365070466	0.012416377395378207	0.0	50.886016281146816	62.89627529954141
387.0	50.316234476343276	43.60598774735153	-293.43892505290574	0.7316814183332059	5.2803920597192775	0.012455282981719669	0.0	50.96381885938652	62.800256349441135
388.0	50.41304053506747	43.69513199099435	-293.51538310795655	0.7315056590072176	5.27416027043184	0.012494192061475961	0.0	51.04144308169829	62.7047492327575
389.0	50.509736715489886	43.784180088281616	-293.59191557891717	0.7313306663762381	5.267954828042203	0.012533104480368122	0.0	51.11889086721028	62.60974826761964
390.0	50.60632308261872	43.873132061615564	-293.6685222966465	0.731156435614879	5.261775564944004	0.012572020084937989	0.0	51.19618828860046	62.5152183376238
391.0	50.7027997029933	43.96198793527346	-293.7452030928843	0.7309829619298273	5.255622315072674	0.01261093872255005	0.0	51.273285249994345	62.421217468531715
392.0	50.79916664469599	44.05074773541614	-293.82195780024387	0.7308102405595104	5.249494913887009	0.012649860241394884	0.0	51.350209057884435	62.327709032462785
393.0	50.895423977303246	44.13941149003451	-293.8987862522037	0.7306382667740692	5.243393198350785	0.012688784490478378	0.0	51.42694275063954	62.234710401410254
394.0	50.991571771879364	44.22797922894003	-293.9756882831004	0.7304670358751033	5.237317006915064	0.012727711319620146	0.0	51.503523109339575	62.14217388820872
395.0	51.08761010094656	44.31645098373069	-294.0526637281204	0.7302965431955487	5.231266179500399	0.012766640579447184	0.0	51.57993094765074	62.050119690238326
396.0	51.18353903846343	44.40482678776587	-294.1297124232935	0.7301267840995055	5.225240557479507	0.012805572121388886	0.0	51.65616655525019	61.95854439745804
397.0	51.27935865985843	44.493106676197755	-294.20683420548454	0.7299577539817782	5.219239983660704	0.01284450579768429	0.0	51.73223040192239	61.867444416180106
398.0	51.37506904194218	44.58129068587795	-294.28402891238665	0.729789448268063	5.213264302270226	0.012883441461363011	0.0	51.80812233121163	61.776816933351796
399.0	51.47067026291149	44.66937885535845	-294.3612963825141	0.7296218624146547	5.207313358935665	0.012922378966246465	0.0	51.883841599797115	61.68665985844178
400.0	51.56616240238166	44.7573712249223	-294.4386364551951	0.7294549919079838	5.201387000670382	0.012961318166954061	0.0	51.946062371512085	61.6127718406463
