α|N|w(ω₀)	N=1|w₁	N=2|w₁	N=2|w₂	N=3|w₁	N=3|w₂	N=3|w₃	N=4|w₁	N=4|w₂	N=4|w₃	N=4|w₄	N=5|w₁	N=5|w₂	N=5|w₃	N=5|w₄	N=5|w₅	N=6|w₁	N=6|w₂	N=6|w₃	N=6|w₄	N=6|w₅	N=6|w₆
0.1	2.987672207001033	1.9949058626604361	12.894185718347085	1.6739351193141987	6.250585274650787	45.28374812940658	1.5128067275867538	4.323901982584628	18.45040552353398	135.43564404951186	1.4152368175266212	3.4245259199114075	11.287758358630205	49.19531245054458	361.66941174640164	1.349642097984518	2.9081224832738872	8.147888464233024	27.63135016436912	120.86783200529554	889.0876476784881
0.19999999999999965	2.9752198642700516	1.9897583853763108	12.860143530531676	1.6710030231576105	6.2347057600683495	45.194091098844225	1.5108673211563624	4.313470828152126	18.41495948798155	135.20001719012404	1.4138251688661871	3.4167870795615434	11.266322675898389	49.112606148838005	361.0764154582537	1.3485200077486912	2.9018577285087326	8.131673482012161	27.581140840999517	120.64866846526856	887.411351511714
0.3000000000000006	2.9626342951969353	1.9845568168527725	12.826093604662283	1.6680411678087124	6.218764789361057	45.10451368625279	1.5089101046776572	4.302975736303377	18.379606197691007	134.9659681803739	1.4124062731305709	3.4090248342322482	11.245152556159523	49.031662580546595	360.49928176500987	1.3474197431470785	2.8957547469425435	8.116545317667843	27.53631703486512	120.46009069149156	886.0140074973059
0.40000000000000024	2.949916764482886	1.979299750497638	12.792040270865693	1.6650483362605553	6.202757275616597	45.014954305138836	1.5069324242847335	4.292395621139481	18.34420111398271	134.73189585941876	1.4109730641770506	3.4011865782034474	11.223972243019436	48.95089724425694	359.9240383850613	1.3463133828133163	2.8896211669393392	8.101583753517728	27.4924909360877	120.27750476284783	884.6746645983961
0.4999999999999999	2.937064541218878	1.9739858115460955	12.7579901018777	1.6620236995398805	6.186683234954288	44.92541813452906	1.5049334338073295	4.281725991628582	18.308724545890342	134.49758610045848	1.409524081761785	3.3932621722593215	11.202739337564564	48.870071327500895	359.34872127570367	1.3451975561600935	2.8834331640289923	8.086680636816673	27.44914706175307	120.09809513173775	883.3668488877325
0.5999999999999995	2.9240744390849223	1.9686135845704626	12.723950450468559	1.6589664501743846	6.170543431868022	44.8359194195077	1.5029124887612444	4.270964338114199	18.273171925517318	134.26298944314192	1.408058612611752	3.38524719477386	11.181443566847866	48.78912800791272	358.77280289824273	1.3440677650444428	2.877162760523425	8.071727437857293	27.40577777882772	119.91882401485839	882.06503960512
0.7000000000000005	2.91094314284836	1.9631816555321304	12.689930493538753	1.6558760409440247	6.15434237507327	44.74652137196181	1.5008702376002818	4.260120374951558	18.237632010373527	134.02909965899107	1.4065800782351632	3.3771691636352124	11.16025341374814	48.70905878441578	358.2052365795473	1.3429251133324243	2.870814651766584	8.05674017979649	27.362410851663334	119.73966333854828	880.7621095660154
0.8000000000000002	2.8976672329328275	1.9576883452334082	12.65593541160213	1.6527507935440722	6.138071225823925	44.65710902133793	1.498802269760258	4.2491567968438115	18.20183636178239	133.79290907916274	1.4050759637585093	3.3689326334850955	11.138651966052482	48.62683888650447	357.61884599667127	1.3417683707566905	2.8643817952062767	8.041704979840633	27.318996739496654	119.5604001118682	879.4583973283441
0.8999999999999998	2.884241070775385	1.9521322310371232	12.621978112718732	1.649590653223388	6.121741744978563	44.56783986281831	1.4967117501286282	4.238107176382625	18.1660561679465	133.5574565577578	1.4035576370347134	3.360626485623015	11.117150589528404	48.54545767317233	357.0403734100503	1.340596974242731	2.857860666551976	8.026619008739209	27.275521061879083	119.38095638708572	878.1534177482532
0.9999999999999994	2.8706673348428096	1.9465239432213928	12.588346878756685	1.6463944282026732	6.105352357650456	44.47869313620611	1.4945967558716997	4.226957820235901	18.130203464112412	133.32175451119716	1.402020599887661	3.3522172833854422	11.095580159533629	48.46393243538253	356.4610679528378	1.3394103963393222	2.8512479968976043	8.011481364517131	27.231977348134905	119.20127487470434	876.8462133440858
1.1000000000000005	2.856935924025888	1.9408357994852081	12.554465761043534	1.6431611663463657	6.088905144406343	44.38969527420894	1.4924566084792426	4.215706874178808	18.094280869552954	133.0858314506964	1.4004642691711704	3.3437018276397046	11.073940498337286	48.382262890681154	355.8809044007277	1.3382083503930746	2.8445423450084233	7.996302186775684	27.188421873852683	119.02176013231755	875.5417130764127
1.2000000000000002	2.8430450392224844	1.935079913091153	12.520659485651953	1.6398898773832302	6.072402472370615	44.30087499819023	1.4902905977304997	4.204352423292153	18.0582909473137	132.84971353510733	1.3988880501388186	3.3350769007561185	11.052232300359908	48.30045534937592	355.2999334159699	1.336990075165235	2.837738743966618	7.981072908845052	27.144802357515548	118.84202072825511	874.2351228611169
1.2999999999999998	2.828990632050971	1.9292543804514302	12.48693974442507	1.636579562596743	6.0558474871909835	44.21227106318876	1.4880979883881063	4.192892580338624	18.022237018650245	132.61343588745513	1.397319659087313	3.326583149049683	11.032114181150924	48.23179818674719	354.8978732853337	1.3357551625878084	2.830834899866488	7.965800830907142	27.10115673859894	118.66231695248476	872.9294753970445
1.3999999999999995	2.8147685069727952	1.9233490336955317	12.453128572907268	1.6332291562626902	6.039243205373195	44.12391448432785	1.4858783390350894	4.181328558849273	17.98614658299112	132.37730370606707	1.3957032117143866	3.3177413746156303	11.010347692917463	48.150245672040434	354.3208564333492	1.3345029626403888	2.8238267566395514	7.950484668382986	27.057473292197354	118.48254475665297	871.6233589825547
1.5000000000000002	2.8003743145457407	1.9173864638120826	12.419813887108699	1.629837360361036	6.022590791469465	44.0358134175792	1.4836298658059366	4.16964900295126	17.94995149233742	132.14054905642635	1.3940628085768978	3.3087629933480946	10.988422062968203	48.06802772778968	353.7382191026351	1.3332379008121626	2.816746150371379	7.935302430710056	27.01460268487703	118.3075104716842	870.360951124276
1.5999999999999999	2.7858035445787914	1.9113399470061503	12.386438375187153	1.6264032214820419	6.005896793109393	43.948044062050315	1.4813527135923146	4.157861379189665	17.913728033178216	131.9040226071786	1.3924008812948285	3.2996689083604407	10.966477711552525	47.985970422017154	353.1573959321783	1.3319443845478407	2.8094836018712765	7.9197328741700375	26.97004094908133	118.12303055425028	869.0115787933245
1.6999999999999995	2.7710504667142914	1.9052155039437237	12.353210700372436	1.6229254543660778	5.989164624488752	43.860638026753094	1.4790456804336658	4.145960590282046	17.877456895389443	131.66750236067918	1.390715649774926	3.290447001632495	10.944470613315895	47.903818759567784	352.57609320753073	1.3306367273575848	2.8021408324671953	7.9043028621544575	26.926310587520412	117.94336580408623	867.7063675639953
1.8000000000000005	2.756113385757768	1.899010860905937	12.320150032574718	1.6194027917894485	5.97239912510458	43.77364282737038	1.476707853218297	4.13394468774282	17.841143337695872	131.43104106169167	1.3890063172428861	3.2810929712784302	10.922401754444182	47.8215792775831	351.9943350952443	1.3293093105773057	2.794678882337439	7.888843557085759	26.88259856180984	117.76392024037891	866.4031870964211
1.9000000000000001	2.740984109669814	1.8927236506208978	12.287277284159856	1.615833911199921	5.9556057179034925	43.687110268241305	1.47433827537099	4.12181171176632	17.804792973647157	131.1946940081905	1.38727206917064	3.2716024973259117	10.900273539607898	47.739268927163586	351.41226785926943	1.3279613780092843	2.7870931174501337	7.8733572766017375	26.838908301229537	117.58467814630211	865.1015149363961
1.9999999999999998	2.7256584671056427	1.8863514066651663	12.254615255142506	1.6122174315627988	5.938790471044899	43.60109682087179	1.471935947278698	4.109559730047238	17.76841209109497	130.95852312784976	1.3855120424008434	3.2619709872518867	10.878088218227346	47.65690311306214	350.8300129088625	1.3265921941847594	2.779379132405512	7.857849450667113	26.795260356802583	117.40574629381378	863.8022870623691
2.0999999999999996	2.710131037649727	1.8798866363548397	12.222067472368678	1.6085520106184727	5.921961519185169	43.51568217912228	1.4695002958513774	4.09719153736426	17.732043744903084	130.72300174788276	1.3837268700364618	3.2522060236259693	10.855918646456635	47.57491266100093	350.2514504688805	1.3252009646040266	2.7715321309375183	7.842325083445682	26.75167084974484	117.22719184856307	862.5059333202614
2.2000000000000006	2.694396196948112	1.8733414221346487	12.19002501421865	1.6048358398060012	5.905122417931846	43.430879628204046	1.4670288046183846	4.084691153517675	17.695587058100006	130.48698619693386	1.3819109720793363	3.242265307856056	10.833556272220356	47.492071797284964	349.66544605266	1.3237868778413024	2.7635472584857412	7.826790885260943	26.708164391025853	117.04913911601842	861.2135237519814
2.3000000000000003	2.6784481094061925	1.8666982015318783	12.158153453138974	1.6010676437247355	5.888285685724169	43.34681691757722	1.4645217448636871	4.072070861022445	17.659158748882536	130.2517732531258	1.380067967200807	3.232180754457654	10.811215505422213	47.409645371746784	349.08344168313573	1.3223490349091658	2.755419088765342	7.811252639944872	26.66475910262789	116.87166138872846	859.9254824912839
2.4	2.6622807210537243	1.8599589752710965	12.12660636362298	1.597245673308513	5.871459457358886	43.26355665539234	1.4619774397875096	4.059324213546629	17.62273191911927	130.017046537022	1.3781952552098686	3.221934364560722	10.788829327258572	47.327240825065694	348.5018468090846	1.3208865077538483	2.747142031826659	7.795717345822664	26.621477202440218	116.69485049024688	858.6423823594578
2.4999999999999996	2.6458871120003424	1.853120694033617	12.095418954097324	1.5933682032561858	5.854654324491261	43.18118718548139	1.4593946262212685	4.0464495412725325	17.58631658217484	129.78290124165417	1.3762917180331162	3.21152024523707	10.766401442336136	47.24488217943875	347.9208473030613	1.3193983381750627	2.7387103928676106	7.780194242336659	26.57835304370752	116.51888483614968	857.3658307398644
2.6000000000000005	2.629262693277349	1.8461801735302201	12.064629691570882	1.5894334276298883	5.837882123861759	43.09980542705162	1.4567719793459688	4.033445292210871	17.549923860467604	129.54944315744882	1.3743561796893031	3.2009322241690996	10.74393616603631	47.16259743371557	347.3406652362988	1.3178834701717814	2.730117794089808	7.764691159235356	26.53540921138082	116.34384194446856	856.0960933954265
2.7	2.6123987943491698	1.8391340880605478	12.034280634342228	1.5854394551761373	5.821156081665736	43.019517775046495	1.4541081084461085	4.020310049879343	17.51356598282893	129.31678775946378	1.3723873942154852	3.190163757898084	10.721437961932546	47.080414903397134	346.7615123847431	1.3163408214806251	2.721357790078396	7.749218778376851	26.49268348689912	116.16990845018152	854.8347577769015
2.8	2.5952890646511695	1.8319756418689292	12.004329760277427	1.58138439175419	5.80449222376878	42.9404578582189	1.451401971453529	4.007046913200783	17.477289940496647	129.08543797420387	1.3703854372814719	3.17921949412837	10.698977861681765	46.998756638672106	346.1871922122295	1.3147692335428485	2.7124234519819703	7.7337881105139425	26.450211754574536	115.99723992017454	853.5828982186173
2.900000000000001	2.5779262663064366	1.824711173067956	11.97509159823288	1.5772659011322092	5.787903367702996	42.86270443933442	1.44865077995651	3.9936418011291144	17.441010193031506	128.854406030728	1.368344756229804	3.168057653556736	10.676363920228235	46.91649110651307	345.60734250282013	1.3131674608245387	2.7033073168336745	7.7184107227430845	26.408030557702375	115.82598934310428	852.341503053654
3.0000000000000004	2.5603029122161822	1.817326926153317	11.946357260123767	1.5730820683109425	5.771411727949248	42.78644931941117	1.4458541765540578	3.9801069538565894	17.404843631079206	128.62497221028823	1.3662680508271834	3.1567051494248384	10.65380011446819	46.83482576670753	345.0329104911546	1.311539667897167	2.694041493801522	7.703304429551494	26.367170556336035	115.6619782750082	851.1644130307242
3.1	2.542411265324777	1.8098222665927202	11.91827539232939	1.5688305259997133	5.755036770386066	42.71183232421942	1.443010048917978	3.966437523688052	17.368774981736966	128.39692959130846	1.3641523792205548	3.1451423921915467	10.631227387040605	46.75341390425065	344.4606731964678	1.3098681400561447	2.6844986594712243	7.687874856078627	26.324741243549575	115.48868567816056	849.8976033352693
3.1999999999999997	2.5242433402184217	1.8021930641338277	11.890912537141023	1.5645088833838707	5.738801683970377	42.63902631142975	1.4401166163897663	3.952633365565106	17.33282443653384	128.17046463200447	1.3619960990200657	3.133360871787499	10.608653436330457	46.67230363358646	343.8910019850749	1.3081677639966163	2.674789337956991	7.672749100988121	26.283741741579327	115.32312192783384	848.6987554016924
3.3000000000000007	2.5057904858511213	1.7944350098257542	11.864341842610536	1.560114633830146	5.7227324560385195	42.56822246202958	1.4371718553777217	3.9386929448852683	17.2969967635354	127.94548942109331	1.3597974738576069	3.1213516221090316	10.5860869193219	46.59154860824397	343.3243088767663	1.3064314981096894	2.6648643034581037	7.6577413078411585	26.24324603313895	115.15992853352132	847.517414099642
3.4000000000000004	2.4870455027981118	1.7865436102015542	11.838643767789257	1.5556451494345696	5.706858232679703	42.49963253043263	1.434174065754801	3.924620225049326	17.261348008531932	127.72276302550469	1.3575546617744556	3.1091051413481754	10.563537226174466	46.51120658871138	342.76103206354543	1.304657733913296	2.6547140830449836	7.642873996954833	26.20333080921045	114.99946272497945	846.3563909381995
3.5	2.467998438022237	1.7785118169199883	11.813837983001205	1.5510977453033297	5.691212808733726	42.43350591217448	1.4311214067222504	3.91041900064243	17.22592150093717	127.5026270022303	1.3552668871421534	3.0966215158903108	10.541073053884677	46.43168665943264	342.20481822415945	1.3028447073467804	2.6443282326036566	7.628170145735039	26.164070545818742	114.84204786273223	845.2179852662026
3.5999999999999996	2.448640821407812	1.7703418585204764	11.790228945230837	1.5464693255465387	5.675829686915758	42.37005979814383	1.4280106678650868	3.8960799001289783	17.190660125242143	127.28437554988537	1.3529285713743757	3.083859901957998	10.518532219048808	46.352030786818375	341.64679230286697	1.3009905540095525	2.633695755702669	7.613655847265403	26.12555079134338	114.6880614790899	844.1049550157803
3.7000000000000006	2.4289635822396014	1.7620215701803306	11.767717596329742	1.5417570756963486	5.660753426668938	42.309627909168235	1.4248405971980662	3.881617226453832	17.1556859727638	127.06930186253318	1.3505410419357313	3.0708393805745384	10.496101887209187	46.273348885981	341.096984456536	1.299093315447689	2.6228051572050903	7.599361105051981	26.08787172961763	114.53795667079018	843.020755324629
3.8000000000000003	2.408957505066416	1.7535480641980499	11.746491839478095	1.536957760840849	5.646029438959458	42.25251879593383	1.4216084482066802	3.8670310098392493	17.121008008809685	126.85742117025052	1.3481008137097035	3.0575380792968323	10.473738977882794	46.19538789179926	340.5529472343125	1.2971508839301733	2.611644055151639	7.5853183493417795	26.05113946742912	114.39219903787776	841.9687732258765
3.9	2.3886132743029838	1.7449158995658793	11.726683161613362	1.5320680704384186	5.631710090144679	42.19909282417759	1.4183116998789722	3.8523262219946495	17.086669026189462	126.64911615542572	1.3456054353799367	3.043943536791922	10.451460062858654	46.11824695561181	340.01542930130654	1.2955926083746891	2.6036520351697527	7.592360454418048	26.137480770399637	115.08966662014997	849.0237680942608
3.9999999999999996	2.3679215315622817	1.7361194567921097	11.708437003939583	1.5270845458262536	5.617854417891898	42.149752506069184	1.4149477083033828	3.8375091593209483	17.052716910744202	126.44481240382139	1.3430523149323055	3.0300426252471295	10.429283938101484	46.04203793944157	339.48528103352356	1.293121413560461	2.5884575590218324	7.55814059681856	25.981015465084067	114.11593067179477	839.9776492302997
4.1	2.3468726627397882	1.7271529505425474	11.691914367056379	1.5220035788618833	5.604529045375408	42.10494808769285	1.4115137044478088	3.8225876789502484	17.019205454074918	126.24498621240807	1.3404387110688973	3.0158214965980603	10.40723176507293	45.96688606408378	338.9634554360289	1.291029497463905	2.5764037357698166	7.545092568468066	25.947909855587994	113.98667795996039	839.0477345891821
4.199999999999999	2.3254583183644315	1.7180087244957487	11.677236605058514	1.5168214670227291	5.591810175596677	42.06519665372507	1.4080070719238051	3.807574819542584	16.986220649437854	126.05045511251043	1.3377627065586846	3.001274425851621	10.385378322243605	45.893232865113	338.45377514918675	1.2888826363635626	2.564022615375923	7.532472368720967	25.916330916057962	113.86432837807341	838.1688533857301
4.299999999999999	2.3036686700175864	1.708685896222395	11.664772381643084	1.5115341429277895	5.579780024166838	42.03102560869024	1.4044239477564007	3.792472284091936	16.953753727051634	125.86095832248563	1.3350183166428886	2.986359532265497	10.363598415787823	45.82033282723104	337.9491505225392	1.2866780275437193	2.551298023371287	7.520338411354948	25.8864717896729	113.74973128397312	837.3472628796623
4.4	2.2814954088550805	1.6991731547769025	11.654569927849435	1.5061377271407046	5.568537702533334	42.00310854134947	1.4007620250067614	3.7773044685326638	16.921958186937324	125.67802134099408	1.3322052620104923	2.97108730135248	10.34207557800384	45.74926845591383	337.45922141926286	1.2844127008361987	2.538212883080948	7.50875608930111	25.858548891524794	113.64383872454506	836.58999290844
4.5	2.2589304896996723	1.6894660450297418	11.6469294024486	1.5006279917947487	5.558191253317448	41.98214712970558	1.3970177568216744	3.76208519763279	16.89089504710283	125.50210966171198	1.3293191927239465	2.9554320541746604	10.320794517971157	45.679940430919395	336.982749145598	1.282087225921994	2.524777572268257	7.497949625110155	25.83353856295598	113.55189656051397	835.9438375647419
4.6	2.235966627413491	1.6795584093737363	11.642120570589618	1.4950006491591505	5.5488641747285214	41.96894565112851	1.3931877662559078	3.746835050610209	16.860662315700203	125.33406844776006	1.3263565779868196	2.9393762238283143	10.299795946467334	45.612577343086386	336.52145532639224	1.2796872212667956	2.5108885464125006	7.4875499052038865	25.809515814889533	113.46256330178085	835.3006817317879
4.699999999999999	2.2125975516967205	1.6694441888599758	11.640442672661822	1.4892513189507817	5.540696473885706	41.9644104478665	1.3892685791829593	3.7315785430916986	16.83137103055709	125.17484984067231	1.3233137377015152	2.922901560776063	10.279126827693808	45.54743980639122	336.0773034121089	1.2772203493284287	2.496611254257786	7.478102614902534	25.788990958241985	113.38974456269965	834.7875166501283
4.800000000000001	2.1888183130477645	1.6591175208894862	11.642227512527684	1.4833755584649777	5.533846930745224	41.9695637411498	1.385256642820797	3.7163447548772193	16.803147122421734	125.02552744634768	1.32018685402043	2.9059891840375798	10.258841355101517	45.484824087453276	335.6525187577396	1.2746793256450315	2.4818972823019374	7.46956231378161	25.771579770032325	113.33078417233988	834.3765688592105
4.9	2.1646254541152605	1.6485716065797165	11.647793228029448	1.4773689448550171	5.528496509791587	41.9855707146018	1.3811485818329425	3.7011711826535354	16.776156683967947	124.88756810698362	1.3169728157753333	2.888627694221297	10.23904760228515	45.425337151116764	335.25210489169217	1.2720604491444314	2.466726057011458	7.462048157699025	25.757678436318205	113.28741735764244	834.0806548925217
5.0	2.140018405324949	1.6378051327699814	11.657695195385934	1.471226916434823	5.524846840906276	42.01369917620596	1.3769400903763511	3.686088998312602	16.75049344117855	124.76157977822884	1.3136357713823275	2.8704585333600177	10.217496128353215	45.350799931817214	334.6369623221349	1.269359904604959	2.451076561597872	7.4556939235325945	25.747730438618778	113.26157380430425	833.9138883192667
5.1	2.1149980565082265	1.6268099112667571	11.67223447578207	1.4649452618842511	5.523132056273162	42.05545431157994	1.37262826212127	3.671155081180437	16.72641144586106	124.64987376862872	1.3102331394833833	2.852114637709994	10.198783680212818	45.297977913861274	334.28691460532974	1.266573819121053	2.4349277593273335	7.450650987996531	25.74223963297846	113.25545825231391	833.8925781622297
5.2	2.08956926743468	1.6155836428513217	11.691956195628768	1.4585197826286656	5.5236134985078165	42.11248440637416	1.3682093657705339	3.656421959154587	16.704098438350886	124.55394807298899	1.3067303650435977	2.833253851426451	10.180776215694058	45.24936262612332	333.96885687760357	1.2636982944613349	2.418258790255937	7.4470894342428835	25.741770504219794	113.27152575816972	834.0347173394088
5.3	2.0637405610762425	1.6041239071897895	11.717405175866912	1.451946609071993	5.526587746737907	42.18666156802204	1.3636800605939725	3.6419544976284124	16.68379430200416	124.47578385282772	1.303123444389618	2.813856612098914	10.163590055939805	45.20553970753124	333.68715196203175	1.2607294768131558	2.4010494611881907	7.445200770211898	25.74695949322957	113.3125500102332	834.3607308428712
5.3999999999999995	2.037525051340013	1.5924297235760576	11.749178084513762	1.4452222864858166	5.53238959961285	42.28009457005784	1.3590372594924305	3.6278280282865514	16.665771969255026	124.4176196189145	1.2994085336717764	2.793904178329316	10.147361473347862	45.16718290385365	333.4468123422682	1.257663636159312	2.383280762656219	7.445199983344533	25.75852039966582	113.38163588078412	834.8934405999587
5.5	2.0109412432670744	1.5805019032392078	11.787925306824583	1.4383439292679217	5.54139601559515	42.39515423082771	1.3542782409864902	3.6141296827980773	16.650341727161454	124.38198219659893	1.2955820585823177	2.773379155238108	10.132250082047667	45.13506675770858	333.253590865986	1.2544972644130885	2.3649355024792342	7.447327696116569	25.777251667345528	113.48225516772072	835.6583748058902
5.6	1.9840138782170784	1.5683425528575552	11.834306191058017	1.4313094349606403	5.554030827266189	42.534510013785585	1.3494009705422516	3.600962888363598	16.63787744772274	124.37195413321281	1.2916415660239284	2.7522738364960313	10.118484194230334	45.110326992258486	333.1163340279543	1.2512272099063595	2.3459991754958978	7.451852627350169	25.804044346506302	113.61828098822724	836.684028919502
5.699999999999999	1.9567746631862035	1.5559599752044788	11.889215449601336	1.424117534169872	5.570764004180301	42.70109870273566	1.3444033084480305	3.5884331162916965	16.62871245432816	124.39002555960612	1.2876091846141497	2.730872571078291	10.108308167094846	45.11096347001534	333.27055288575883	1.2478508134083852	2.326460799634375	7.4590729509828115	25.83988537952788	113.79399670937882	838.001869331247
5.799999999999999	1.929263722530486	1.5433601993801738	11.953325478801242	1.4167683484865647	5.592123137326938	42.89825728491643	1.339285081394142	3.57668050911195	16.623361860048572	124.44048600440671	1.2834310604753396	2.7085506702982065	10.097790345465008	45.10342146129657	333.26210477590865	1.2443660896067492	2.306314047166906	7.469317960553854	25.88586345756747	114.01412872761884	839.646668846617
5.9	1.9015290378516947	1.5305563804402904	12.027535232101092	1.4092633294638117	5.618686770541738	43.12962815949834	1.3340463831741338	3.5658498123214493	16.62230935719073	124.52709196585933	1.2791328614488888	2.6856153363289605	10.089342275676536	45.10651651543078	333.33330125510236	1.240771917989129	2.2855583865820908	7.482948330578826	25.943167745623235	114.28382937604691	841.6562475155359
6.0	1.873628231714206	1.517564780552858	12.112733915116804	1.401605692926696	5.6510890609318665	43.39922359272536	1.3286887307402349	3.556107014052416	16.626119896922987	124.654269808547	1.274714905851388	2.662068422829681	10.08330283074188	45.12174621910096	333.4951784409869	1.2370707973497987	2.264221310679182	7.500471154411378	26.013675896612348	114.61206544282497	844.103332298646
6.1	1.8456281505611505	1.5044060491566378	12.20983377347463	1.3938006622062589	5.690017221736666	43.71141237992752	1.323215089319803	3.5476369368974967	16.63542105026242	124.82689567103334	1.2701789536309462	2.6379189994105006	10.080058851361464	45.15078966890829	333.7600893689972	1.233256402885416	2.242255147696091	7.5219628227883	26.09701095259419	114.99472003422797	846.9372964371385
6.199999999999999	1.817604803855639	1.4911055034693395	12.31975349767311	1.3858557269592129	5.736207147134935	44.07090314807379	1.3176300761252633	3.540643520642868	16.650904612621705	125.05029899000367	1.2655284478679416	2.6131846714863953	10.08004743934754	45.19551123099817	334.14172865105104	1.229339118396641	2.219747070941626	7.5482149998736805	26.196394938642715	115.44822785027395	850.2992759114571
6.299999999999999	1.7896426696506684	1.4776932498932671	12.443397791482738	1.3777808626927548	5.790435785790144	44.482709583450266	1.3119401408919933	3.5353496868486554	16.673326757317877	125.33025442748446	1.2607687272226555	2.587892779308521	10.083756087082913	45.257955007904044	334.65508605666923	1.225320915655174	2.1967113085939505	7.5795794216460814	26.31276340619764	115.97580307285146	854.2060584640034
6.4	1.7618334187048235	1.464203516367896	12.58158848671235	1.3695887076156175	5.853510779949698	44.952106809370065	1.3061538622825133	3.5320005679261284	16.70352947619222	125.67320084735746	1.2559078507426413	2.5620897546288726	10.09176012875988	45.34056634439091	335.31847258092336	1.2212081697791772	2.173194303816612	7.6165353189850205	26.447674879874068	116.58418894490353	858.7072417315292
6.5	1.7342739501594462	1.4506771910260645	12.735264283780383	1.3612945095989282	5.926250258093682	45.48449016816015	1.3002812017846832	3.530843101003553	16.742319394145568	126.08498533443958	1.2509534397403457	2.535800672463985	10.10451921255152	45.44498706557251	336.1426698215473	1.2170091997341812	2.1492539654070955	7.659563892790779	26.602687185244974	117.28011473790427	863.8522190893931
6.6000000000000005	1.70706426757274	1.4371554193229739	12.90500262824272	1.3529163001016191	6.00947350854646	46.085396024831525	1.2943351138993149	3.5321634307417558	16.79069601516455	126.5732432620832	1.2459191962535483	2.5091120945045584	10.122764339052853	45.57437085205361	337.15193105787455	1.2127342708401938	2.124959389668093	7.709137079129656	26.779322350472242	118.0701562541758	869.6893097755731
6.7	1.6803040889931118	1.4236844606717751	13.091445867464074	1.3444744762017622	6.10396866022781	46.76025273790544	1.2883297981018131	3.5362468398478986	16.849609694102988	127.14490129618378	1.2408182791744113	2.4820894319031686	10.147089084716752	45.7309755179705	338.36230385206727	1.208395480353245	2.100389810898383	7.765704288352255	26.979022339687777	118.96053499753742	876.2641655703819
6.8	1.6540900371679783	1.4103116375381206	13.295053789923328	1.3359915877036999	6.210472784305107	47.51429979084377	1.2822812866692446	3.543396106245757	16.920070298349543	127.80732729282141	1.2356663261592373	2.454817359491594	10.178131599316023	45.91727684187665	339.791810087805	1.2040065463815697	2.0756330096774427	7.829679653516956	27.203110196914665	119.9569641499634	883.6188049657743
6.8999999999999995	1.6285124190367206	1.3970845666985885	13.516132741683279	1.3274918576610857	6.329645260514692	48.35242201678387	1.2762069530882776	3.553927399166393	17.00311571475678	128.56802681879634	1.2304804488032592	2.4273901023530713	10.216516665440267	46.13566286877869	341.4578060081023	1.1995824706421603	2.0507829304568626	7.901428748901656	27.452745533164077	121.06443948633603	891.7898638574459
6.999999999999999	1.603652364864271	1.3840497306773687	13.754826950721768	1.3190006210354392	6.462043110165949	49.27899485408511	1.2701250982789016	3.568171290102778	17.09980561089411	129.43460003429936	1.2252787766924598	2.399909325253539	10.262836291790183	46.38836213991902	343.3764646906459	1.1951391356472447	2.025937023629848	7.981258203522006	27.728893558592468	122.28711484423707	900.8077911773814
7.1	1.5795794916154235	1.3712510809217657	14.011118091375284	1.310543695956504	6.608099328154331	50.29773923088653	1.2640544788693093	3.5864754521872078	17.21121862695259	130.41472717792354	1.2200799319902766	2.3724815016754457	10.31763082029158	46.677375412926814	345.5622779655688	1.1906928418507132	2.0011933127589887	8.069407940347373	28.032302845800206	123.62821430430903	910.6962982540991
7.199999999999999	1.55635027112037	1.3587284270286162	14.284782848502752	1.302146747856419	6.768107495671854	51.41161438859783	1.2580140211740265	3.609218598804997	17.33850257720905	131.51676349581982	1.2149031382212505	2.345225354346591	10.381413349431869	47.00466594635556	348.02983532282275	1.1862598122059014	1.9766473241130673	8.166045817685422	28.363486932145435	125.08993546763334	921.471435110016
7.300000000000001	1.5340071885811943	1.3465182189962916	14.575658834146997	1.2938345807136271	6.942204551434167	52.622637473771576	1.2520213040216335	3.6367722423225546	17.48264455382469	132.74697831197906	1.2097643666814235	2.3182166876823382	10.454451414293642	47.37087737649781	350.782559857561	1.1818557358090376	1.9523894313802581	8.271267165006126	28.722726452540996	126.6734719136406	933.14191196556
7.4	1.5125786907133312	1.334649247760389	14.8831631833492	1.285630729717371	7.130381742950104	53.93200147445254	1.2460942040423364	3.669601811555644	17.644966041190024	134.11537059964135	1.2046824890098458	2.291589623677446	10.5371693689941	47.77778784476078	353.83444798303174	1.1774953580457113	1.9285025589591571	8.385097269967703	29.110078229915956	128.37904912202316	945.7093178938443
7.5	1.4920798147662844	1.323145850308287	15.20681834978031	1.2775568282360958	7.332475538163171	55.33988902982556	1.240248463308694	3.708188675757179	17.826671649869823	135.63019849654737	1.1996722511010152	2.265429792220117	10.629734296870437	48.225824800716985	357.188112458688	1.1731941243924375	1.9050786010403913	8.50759400501101	29.525983507330395	130.20948287799735	959.2013262795251
7.6	1.4725133621984754	1.3120260447362713	15.546026310590193	1.2696323243889938	7.548186406388325	56.84558910553033	1.234498460648186	3.7530921109634896	18.029125527805466	137.3011014712286	1.194747304686198	2.2398243232179373	10.732262873555689	48.71531598918394	360.84582857287955	1.1689580651530957	1.8821264823016381	8.638369423680537	29.968343866866018	132.15289301005362	973.5093937563594
7.699999999999999	1.4538714318846728	1.3013020909071167	15.900143235474134	1.2618742444066626	7.777099158886362	58.44760680947781	1.22885683143538	3.8049603808954555	18.2538533894667	139.13890244590107	1.1899383912273827	2.215226889594058	10.846687030468873	49.265027125644934	365.0750212408696	1.1648034182574902	1.8597533652640779	8.777571354945398	30.43845115582815	134.21762531839647	988.7158745875744
7.799999999999999	1.436137143017914	1.2909809047135892	16.268501812884605	1.2542969582594863	8.018689647093595	60.1435449247466	1.2233343836647526	3.864555242397115	18.50260687643826	141.15607851247935	1.1851981678385497	2.1905718662426437	10.96725657738306	49.818396842824455	369.07106786469006	1.1607368203818758	1.837983027425759	8.924920900063219	30.935120930316227	136.39761097572836	1004.7690572989972
7.9	1.4192863986607125	1.2810646186318366	16.650430459172085	1.246912292672651	8.272369973841368	61.93053079822001	1.217940089435438	3.9327814611910643	18.777445165702304	143.36734940720564	1.1805914451280373	2.1670439334513865	11.099562152520754	50.43118272664381	373.6325454240697	1.1567652081892634	1.816847133535735	9.080207837108217	31.45767037516033	138.6898741901749	1021.6469666064297
8.0	1.403289573199988	1.271550995807771	17.045208520851844	1.2397294764652935	8.537495939283762	63.80510086241639	1.212681311509352	4.010739369248349	19.080901616497723	145.79097606706776	1.1761018889134365	2.1442383826146	11.241177429783445	51.0800888543623	378.4229821907405	1.1528939280485184	1.7963678697763954	9.243202322037037	32.005357311963365	141.09118134549377	1039.3257237849182
8.1	1.3881130536128972	1.2624352479276084	17.452380406245982	1.2327553475182127	8.813406706471675	65.7636072763674	1.2075629985861247	4.099680370429195	19.41579155772529	148.44682900718038	1.1717431712483728	2.122396490859984	11.39296279606882	51.775682015337686	383.6268488470284	1.1491268632824763	1.776558950785771	9.413662887599529	32.57740657345127	143.59815902726947	1057.7804313169759
8.2	1.3737205786889048	1.2537084001489591	17.871159916097167	1.225994458031056	9.099430570995422	67.80208817720958	1.2025895606598385	4.2012274888299235	19.786010626862026	151.3631582239704	1.1675083350407274	2.101329765059928	11.553603540252249	52.50553318733955	389.045971833835	1.1453146152655673	1.7558398632735743	9.579376157826838	33.065164702710796	145.29800097923192	1063.987802757703
8.299999999999999	1.3600743714777686	1.2453601972022177	18.301040150711316	1.2194492949406248	9.394904338298993	69.91645487563977	1.1977631746911903	4.317255594666131	20.196085064729502	154.5722386183892	1.1634017816810336	2.0811206393343187	11.723191520159952	53.272394575209894	394.73620240788335	1.141914496847524	1.7389710229138102	9.775995700125108	33.791440982219534	148.91542649577926	1096.9168345130254
8.399999999999999	1.3471360604505327	1.237378508480039	18.741494542436328	1.2131205304195507	9.699190906344949	72.10264191469032	1.193084717991354	4.450029362008956	20.651712443771213	158.11469857132164	1.1594235710996048	2.061773786252688	11.901447921101893	54.07516067464563	400.6894366516645	1.138471035326065	1.721186760773405	9.967379405823262	34.43187297823451	151.71896556057496	1117.5488174679451
8.499999999999998	1.3348674071352016	1.2297500374920023	19.192038501139415	1.2070072505834473	10.011686295758949	74.35662353971115	1.1885535649474823	4.602223969097979	21.159930551932014	162.04048982424132	1.1555727914832583	2.0432872505779236	12.088087752776854	54.91270977838243	406.8974639686417	1.1351357875428791	1.7040643740835542	10.1652593982003	35.09358421303925	154.61478217893594	1138.8582407655415
8.6	1.3232308624979177	1.2224607289647922	19.65222915851567	1.2011072324598384	10.331842721350034	76.67476702543298	1.1841674644633902	4.776923836510231	21.72931607186991	166.41011832862793	1.1518477352556322	2.0256535521421983	12.282825618150419	55.78392412890864	413.3521062767582	1.1319076580884107	1.687591005176763	10.369411006715305	35.77586810668447	157.599821115847	1160.822797389746
8.7	1.312189975032469	1.2154961057106268	20.12166405614	1.1954170489671165	10.659131169634357	79.05323113085497	1.1799223064803284	4.977537837666259	22.370049768094464	171.29485276724068	1.1482460585688428	2.0088607269896173	12.485380310343553	56.68770662154577	420.045341998677	1.1287849877845682	1.6717511328826833	10.579620208132832	36.4780509515666	160.67115564551528	1183.4209530009905
8.8	1.3017096820099443	1.2088413847935593	20.599904770722762	1.189932422909792	10.993091342892173	81.48872386748683	1.1758120007719601	5.207619286814252	23.093848753138477	176.77610962060888	1.144765771897183	1.9929148123890261	12.695532171078774	57.6233232293251	426.9718588534205	1.12576568625264	1.6565274251456696	10.7956858854938	37.199507671173265	163.82610970794192	1206.6334907205578
8.9	1.2917564965086088	1.202482474297318	21.086846182117586	1.1846483057626218	11.33329206404405	83.97794094010864	1.1718272354735122	5.470148615905445	23.91228970150145	182.93231777369843	1.141401110038194	1.9777329051269439	12.912855901834012	58.58875973592122	434.11678078761713	1.1228473113058817	1.6419010682639463	11.017418427070716	37.93964621033723	167.0621258205281	1230.441773421546
9.0	1.2822986215257477	1.1964045767502116	21.581970307430243	1.1795591374674301	11.67936537411295	86.51810113499661	1.1679574496385277	5.767382605231396	24.837012025247304	189.84206297450766	1.1381511394988275	1.963359430783238	13.137261596461023	59.584031496662234	441.4803839945765	1.1200293056993256	1.6278753211960355	11.244749240202129	38.69869193806985	170.38121676840913	1254.8644763337802
9.1	1.2733060024111884	1.1905938766074542	22.085086989133988	1.1746589198454203	12.030973323099271	89.10648882968991	1.1641895877819584	6.0995340892006364	25.87571797252014	197.55412840191389	1.1350113409386111	1.9497511909333227	13.368456408300762	60.60788265124078	449.0534434584728	1.1173023938597615	1.614361343011163	11.477189571545075	39.47382432891441	173.76819012514508	1279.7801462790342
9.2	1.2647503344350588	1.1850368492947803	22.59595941685132	1.1699413816400446	12.387820332051994	91.74067563809379	1.1605106137010714	6.464479569964205	27.03078069865832	206.07939316027642	1.1319779331121422	1.9368856557674734	13.60621478130954	61.65944006864028	456.8295877367536	1.1146699789660537	1.6014074485404572	11.71491074323845	40.26688932358785	177.2341007937397	1305.2809514406565
9.3	1.2566050374141609	1.179720480006272	23.11437582994888	1.1654000791159642	12.749646821164175	94.41846387011944	1.1569093833222934	6.857761432922194	28.29787002855427	215.3821743067376	1.1290470808010344	1.9247398240741531	13.850324633449455	62.73788259599816	464.80282154100905	1.1121268548528322	1.5889703944879265	11.957662881648515	41.0766829034994	180.77277737260206	1331.31871193024
9.4	1.248845204940609	1.1746323038912243	23.64014702504271	1.16102848625279	13.116225825129238	97.13787290747705	1.1533783669119053	7.273369264941312	29.666633566505684	225.38622231894385	1.126214942686746	1.9132905905638031	14.100587322955741	63.84244157931275	472.96753976375	1.1096699202679647	1.5770301057009088	12.205314964468805	41.90280851929279	184.3825643570079	1357.8821062689863
9.5	1.2414475416797004	1.1697604286249081	24.173104041177723	1.1568200689003927	13.487359679083196	99.89712420794322	1.1499142249814953	7.704906763192253	31.1229819685947	235.99141946507595	1.1234777074233608	1.902514980611007	14.356817160788314	64.97239788776457	481.31849700477517	1.107296070066082	1.565566840631348	12.457745654727164	42.74490047565469	188.06194089785984	1384.9607090040151
9.600000000000001	1.2343902845586323	1.165093430772727	24.713005691642643	1.1527683502236463	13.862881005589017	102.69469385518518	1.146517248252999	8.14669280972055	32.65217456096334	247.09571206547025	1.120832601757395	1.8924226852607824	14.618903997896115	66.12742165080114	489.8523425959982	1.1050022262850572	1.5545613591327512	12.714842880562466	43.60262278099818	191.80952064022654	1412.5452135097673
9.700000000000001	1.227653122213055	1.1606209168717239	25.259988320203146	1.148866930834352	14.242628873970371	105.52895459815223	1.1431895417266151	8.59389805462482	34.23909334711253	258.59441649179433	1.1182730219610026	1.882894751139586	14.886497593800343	67.30586418332274	498.559884290085	1.1027853559090746	1.5439949721679915	12.976502947384446	44.475664805770236	195.62402177768362	1440.627015510942
9.8	1.2212171100047424	1.1563323888315822	25.813660665581814	1.1451095809837313	14.62648783025767	108.39884495780602	1.1399347036026866	9.043474500493119	35.8729354424191	270.4163057842047	1.1157983322828104	1.8740066687480108	15.159637115701365	68.50816753565378	507.44151640314385	1.1006424886040045	1.5338496258772318	13.242630275154683	45.36374391134064	199.50430227138628	1469.1987485242053
9.9	1.2150645850200856	1.1522183541342887	26.37400566724934	1.141490213650234	15.014343644571033	111.30316986939734	1.1367558824430204	9.493157211443851	37.5438384402051	282.4953601215524	1.1134040945968817	1.8657054838378202	15.438120262046466	69.73344932349106	516.4917497811698	1.098571133469276	1.524113190647483	13.513181373185423	46.2671146624882	203.4540251287651	1498.3203018433765
10.0	1.2091790827721323	1.1482697441501266	26.940927362891564	1.1380029327996874	15.406101967992026	114.24092928560633	1.133655740586616	9.9416195601844	39.24448050881753	294.78355837474925	1.1110869685603229	1.8579713809204441	15.72181775298792	70.98120676645898	525.7069186511762	1.0965652943037156	1.5147272664454627	13.787717585101834	47.18141136759541	207.43445348686492	1527.4520257167965
10.1	1.2035452548849233	1.1444780049026986	27.514339965476193	1.1346420423950048	15.801682162577626	117.21123679776949	1.1306361380185272	10.388141337526253	40.96933630466508	307.24505966224945	1.1088437378590155	1.8507854038913463	16.010609598005257	72.25097293178165	535.0836240008496	1.0946293158637908	1.505768766069199	14.066960950849168	48.1156538444339	211.52937674898354	1557.7844731609468
10.2	1.1981487943404427	1.1408350736387167	28.094166739715092	1.1314020558272009	16.201015530994464	120.21330784864215	1.127698108607851	10.832409335272175	42.71428286567515	319.8533689163194	1.1066713129878758	1.8441294796451557	16.304384393958152	73.54231310689441	544.6186941898753	1.0927543035241964	1.4971399132191703	14.3501335699441	49.061425210997484	215.66272135418436	1588.2495375843284
10.3	1.1929763591563114	1.137333354517061	28.680339003480448	1.1282777760264626	16.604138848005217	123.24829636479248	1.1248419348440633	11.274371970114608	44.47626023961049	332.5889647738063	1.1045667329374338	1.8379864676574087	16.603038866179492	74.85482470661222	554.309202206691	1.090939655744764	1.488851576108326	14.63739020050209	50.021085538859865	219.85711428814597	1619.172894681099
10.4	1.1880155043971445	1.1339656103825106	29.272688303765584	1.1252639277233492	17.010722813234544	126.3101401128623	1.1220673024356829	11.714210748506082	46.25345841631829	345.4415055102548	1.1025282362822189	1.832387285314581	16.90653958654575	76.18827029458272	564.1490279938547	1.089182919467178	1.4808896227199861	14.928669788581885	50.99444786045455	224.11175828737953	1650.5488698643164
10.5	1.183254616847668	1.1307253565035589	29.871480318261124	1.1223558837808914	17.420995483460583	129.40356606088125	1.119373215920356	12.151913743657621	48.042834273002256	358.38823121675495	1.1005498964245626	1.827175106998833	17.21461018848076	77.54188972489162	574.1458093891509	1.0874842405908924	1.4732737056928766	15.224001837661334	51.981666170669705	228.4238476895541	1682.29235890995
10.6	1.178682854261094	1.1276060003037607	30.476344779899247	1.119548956462257	17.83484277374284	132.52652731085277	1.1167585199452315	12.587950934419105	49.844516722930784	371.4334078647423	1.0986323455086684	1.822476970130441	17.527355403793187	78.91577095795797	584.2870136196033	1.085833836457184	1.4658913901574424	15.523073170431	52.9815721047371	232.79869676252372	1714.6356213070417
10.7	1.1742900890825372	1.1246016544865516	31.08734423558783	1.1168387253423842	18.252230590259217	135.6785145387589	1.1142215865946732	13.022527442181797	51.65713803657075	384.5671529182027	1.0967720447490241	1.818232156899835	17.844636109503192	80.30947669752565	594.573856444735	1.084237045566858	1.4588298074262354	15.826093366442187	53.9949966509052	237.22942970490016	1747.333735548056
10.8	1.170066854591244	1.1217066965501412	31.704438811854242	1.114220977970795	18.673135127081075	138.8591612738455	1.11176060117795	13.455925629676603	53.480030152794996	397.7851351571075	1.0949666436712493	1.8144279723631362	18.166381064408384	81.72272743980493	605.0043058858377	1.0826892762112013	1.452043973544018	16.132928653695227	55.021445897826624	241.7172881464832	1780.459374503364
10.9	1.1660042989778474	1.1189158310883243	32.32759266290734	1.1116916994107007	19.097536949077448	142.06814654769448	1.1093735874167874	13.88842276891936	55.3127089344071	411.0841469318901	1.093213902423219	1.8110525132191397	18.49252394371391	83.15526216440382	615.5764643887007	1.081188529481975	1.4455226058705046	16.443534900266954	56.06076654576764	246.26150734152955	1814.0056773507447
11.0	1.162094137632932	1.1162240695160353	32.95677354300103	1.1092470653330953	19.52542038328952	145.30518970207322	1.10705846051209	14.32028488250436	57.154829349274074	424.4618292794797	1.0915116892568764	1.808094744718058	18.82300324214281	84.60683968851613	626.2885852865616	1.0797328906692352	1.4392549094674119	16.75787013468331	57.112803447506565	250.8612609001598	1847.964715840578
11.1	1.158328612934528	1.1136267108717162	33.591952424008525	1.1068834347136793	19.95677298819631	148.57004580623976	1.104813069267551	14.751763339676437	59.00615108536218	437.91645376999116	1.0898579744932801	1.8055443923847474	19.15776166447901	86.07723461758529	637.1390344311191	1.0783205279127877	1.4332305765970403	17.075894843348728	58.17740672892552	255.5157333664867	1882.3285133406473
11.2	1.1547004556017717	1.1111192609309566	34.232980633407884	1.1045973453648112	20.391590864201657	151.86260493678844	1.1026352524508332	15.18316165502017	60.86706430654337	451.45201214440294	1.0882517610181643	1.8034465875053978	19.496736050280283	87.56500974223198	648.0986933340545	1.0769496868603732	1.4274397247052644	17.39757142490192	59.25442591637625	260.2240636793689	1917.0881931326833
11.299999999999999	1.151202849293315	1.1086977290124131	34.880202159318195	1.102385491081026	20.8298495093839	155.18237279971302	1.1005227492212106	15.614495000793747	62.73582730234371	465.05199375557277	1.0866884072306495	1.8016286379312076	19.83990620654451	89.0736512820614	659.2489357771058	1.075618692833074	1.4218729479160797	17.722864459764693	60.34371514334628	264.985391575382	1952.2345756059233
11.399999999999999	1.1478293982341592	1.1063579842681657	35.53322817298974	1.1002447444845629	21.271560970162195	158.5294990252403	1.0984734498252087	16.04617037187026	64.61403655592885	478.7314935038831	1.085168967937162	1.800246428620739	20.187196412441	90.59929512787966	670.5056498507403	1.074325942355423	1.4165212099786497	18.051740031971367	61.44512700314601	269.7988196180103	1987.757944882234
11.5	1.1445740957584913	1.1040963683829956	36.19216200107835	1.0981721190376714	21.716716045220267	161.9037427824692	1.0964851802022264	16.478307552252456	66.5011323795958	492.4849610646616	1.083690844200103	1.7992379533713092	20.538573356261082	92.1429982895595	681.8951968857355	1.073069908336337	1.4113759543944646	18.38416653333629	62.558522591737194	274.663481907784	2023.6485554325416
11.6	1.1414312992862041	1.1019093676787937	36.856986308360256	1.0961647769173524	22.16531280443545	165.30498624173012	1.0945558288029162	16.911079840571194	68.39713213691088	506.3122483503059	1.0822524527566133	1.798596562169784	20.893996841955037	93.70460209738494	693.4164231056058	1.0718491237522838	1.406428857567037	18.72011270302116	63.68375075819221	279.57839446224824	2059.8952030817413
11.7	1.138395702024279	1.0997936627526024	37.527685427694706	1.0942200187616795	22.61735056902509	168.73312878872022	1.0926833320718137	17.3446471232969	70.30207536892775	520.2133474262871	1.080852285135705	1.798316140613868	21.253429059940203	95.28395462202974	705.0681981347029	1.0706621959920646	1.4016721004107098	19.059549759040213	64.82067212052574	284.54262327954575	2096.486771381126
11.799999999999999	1.1354623107439266	1.0977461162141353	38.204245198512666	1.092335276752738	23.072829768250294	172.18808547683386	1.0908656805997137	17.77915694997277	72.21601930084545	534.1883688086032	1.0794889058366104	1.7983912306062462	21.6168346248564	96.88091188358867	716.8494213350314	1.0694109960288831	1.3953140844445666	19.384606312468755	65.72770445531971	287.276880758753	2101.793706483127
11.9	1.1326264237584944	1.0957637612291418	38.88665280685807	1.0905081079108119	23.531751761384058	175.66978532173124	1.0891009233623028	18.21474543522731	74.13903411891454	548.2375116032362	1.0781609440753692	1.7988166298479462	21.98417920515845	98.4953206624223	728.7587749829055	1.068384633438858	1.3926996921559676	19.74878645248918	67.12903085940124	294.6151934669527	2170.659016780459
12.0	1.1298836108581176	1.0938437443145532	39.574761622900255	1.0887361894843532	23.994123225897514	179.17824253957951	1.0873871851013406	18.65160247389715	76.07178663963212	562.366578070372	1.0768612068183971	1.7990224974273765	22.35301693494756	100.0900812891449	740.1989083306202	1.0672852340981964	1.3883452800519112	20.096819134748625	68.27555183123711	299.47599990484264	2204.5782025448534
