α|N|M(m₀)	N=1|M₁	N=2|M₁	N=2|M₂	N=3|M₁	N=3|M₂	N=3|M₃	N=4|M₁	N=4|M₂	N=4|M₃	N=4|M₄	N=5|M₁	N=5|M₂	N=5|M₃	N=5|M₄	N=5|M₅	N=6|M₁	N=6|M₂	N=6|M₃	N=6|M₄	N=6|M₅	N=6|M₆
0.1	1.0150341358148132	1.0142904816621945	1.002193969983745	1.012364605559071	1.004041490553383	1.000345397457172	1.010602417385024	1.005280527261469	1.0008627378785748	1.0000672982857708	1.0091541596091276	1.0060428441088773	1.0014129220869445	1.0002020593155792	1.000015455656698	1.0079852101412632	1.0064755164783101	1.0019306684350109	1.0003812994055343	1.0000528030646096	1.0000040137247868
0.19999999999999965	1.030519963681794	1.0289970742358323	1.0044173314189537	1.0250583190470046	1.0081573311838194	1.0006933697853126	1.0214572801170825	1.0106771536425085	1.0017337339094843	1.0001349793987375	1.0185008293990423	1.0122330337763097	1.0028426775255104	1.0004054097167827	1.0000309897628104	1.0161164614435219	1.0131189044279534	1.0038890961881053	1.0007655812174516	1.0001059159132306	1.0000080501021638
0.3000000000000006	1.046477969349531	1.0441382581279486	1.0066706781789472	1.038094919698396	1.0123497264196668	1.0010439431769584	1.0325742989100937	1.016194014332548	1.002613102469591	1.0002030432354527	1.028046891249516	1.0185762638556395	1.0042894774516207	1.0006100340344732	1.0000465999643557	1.024399948168504	1.019936541274845	1.005875084112188	1.0011525983024578	1.0001592859452095	1.0000121039434828
0.40000000000000024	1.0629298449987001	1.0597336161744648	1.0089546175474613	1.051488958672497	1.0166209829496857	1.0013971466887441	1.0439635807516736	1.0218355284703815	1.0035009942730575	1.000271493985297	1.0377991048804835	1.0250787801376604	1.0057537065104831	1.0008159508749195	1.0000622872622589	1.0328400020404267	1.0269359568357654	1.007889380348586	1.001542409782584	1.000212919244447	1.0000161756660666
0.4999999999999999	1.0798986195810094	1.0758039174588294	1.01126976837188	1.065255833086306	1.0209734987250645	1.0017530089701012	1.0556357760679582	1.0276063353122926	1.0043975616829022	1.0003403355364364	1.0477645656520094	1.0317471686215975	1.0072357527988565	1.0010231770704452	1.0000780524311177	1.0414413626966637	1.0341250248320792	1.0099326572202858	1.0019350445358732	1.0002668156033228	1.00002026510064
0.5999999999999995	1.0974087577758866	1.092371207352896	1.0136167608757913	1.0794118472987786	1.0254097680728258	1.002111558367537	1.0676021085562326	1.0335113129796698	1.0053029607551065	1.0004095717367698	1.0579507066349523	1.0385883894820198	1.0087360143971926	1.001231728932861	1.0000938961979506	1.0502085863450772	1.041512277094176	1.01200574500324	1.0023305661401951	1.0003209823929962	1.0000243727790161
0.7000000000000005	1.1154862705012063	1.1094589071177228	1.0159962346247458	1.0939742997949458	1.0299323700778444	1.0024728196033188	1.079874545562169	1.03955550704366	1.00621731480107	1.000479201626192	1.06836583263947	1.0456095321681156	1.010254715122479	1.001441582270583	1.0001098153566939	1.0591468409556757	1.049106517355986	1.0141093532706145	1.0027290082347302	1.00037542085836	1.0000284989412138
0.8000000000000002	1.1341588366025517	1.127091914746886	1.0184088465674235	1.1089614616501131	1.0345440537073671	1.0028368297629384	1.0924651771034373	1.04574458728392	1.0071408989692485	1.0005492434497105	1.0790165303512502	1.0528192263306606	1.011792842524296	1.0016528751332634	1.0001258222626181	1.0682612542367655	1.0569172461719492	1.0162442931086215	1.0031304159161547	1.0004301340303938	1.0000326437221339
0.8999999999999998	1.1534559809277056	1.145296735487481	1.0208552534717108	1.1243928478453677	1.039247581957817	1.0032036060458105	1.1053875887634226	1.052083985793624	1.008073771140756	1.0006196865358896	1.0899128934240176	1.0602249205499579	1.0133502798050888	1.0018655039843782	1.0001419061325585	1.0775572054497429	1.0649545261076454	1.0184113887501822	1.003534832837908	1.0004851245880817	1.0000368072784358
0.9999999999999994	1.1734089970309571	1.1641020830611637	1.023335526643315	1.14028911484796	1.0440458975991738	1.0035731777548678	1.1186555824992555	1.0585797978704639	1.00901614167496	1.0006905394619832	1.1010633572542925	1.0678356653416865	1.0149276690413662	1.002079525634926	1.0001580714424545	1.0870402806285238	1.073229063328083	1.0206114950125158	1.003942303160156	1.000540395202255	1.0000409898008928
1.1000000000000005	1.1940515545719974	1.1835370923800335	1.0258515488306006	1.1566722524104671	1.04894204807893	1.003945570084743	1.1322838952413359	1.0652383625328743	1.0099681885294527	1.0007618059116075	1.1124773050726495	1.0756607844592505	1.0165254851206067	1.0022949575126765	1.0001743189201662	1.0967163429721911	1.0817522407178766	1.0228454716640598	1.004352861346385	1.000595945992718	1.000045191105581
1.2000000000000002	1.215419428525835	1.2036343640848601	1.028403404611821	1.1735656702603265	1.0539392070092564	1.0043208071620875	1.146288122839547	1.0720663747051171	1.0109300947601063	1.0008334895492081	1.1241645819808455	1.0837101893131282	1.0181442200265827	1.0025118169892548	1.0001906492516763	1.1065913672105923	1.0905362291779321	1.0251142606415051	1.0047665602516223	1.0006517813537052	1.0000494116126684
1.2999999999999998	1.2375509164679157	1.2244282138216116	1.0309917873207832	1.190994319430998	1.059040675789151	1.0046989108487094	1.1606847847887967	1.0790709095258522	1.0119020482208054	1.000905593926242	1.136143953975607	1.091990572260258	1.0197813455710418	1.0027292720694725	1.0002069287338242	1.1166716517196331	1.0995939869169047	1.0274187988716774	1.005183438135147	1.0007079019606262	1.0000536512259481
1.3999999999999995	1.260487007282514	1.245954815491214	1.033618000030486	1.2089848114128074	1.0642498950750119	1.005079902632249	1.1754914767908746	1.086259395347519	1.0128842210625408	1.0009781198600487	1.1484107841964772	1.1005202065280333	1.0214430280921123	1.0029489293829137	1.0002234111758208	1.1269636698548477	1.1089393788903223	1.0297600874232575	1.0056035431916552	1.0007643106882183	1.0000579101628038
1.5000000000000002	1.2842716164828967	1.268255020790993	1.0362809282007999	1.2275655268993557	1.0695704767274476	1.0054638066534354	1.19072652051476	1.0936399190235822	1.0138768748539027	1.001051078718837	1.1609829175783637	1.1093082095637443	1.0231274263954604	1.0031701098336838	1.000239982404662	1.1374761575292156	1.1185864469479216	1.0321383550472918	1.0060266795357324	1.0008209643946235	1.0000621841258446
1.5999999999999999	1.3089518460461327	1.2913693600215976	1.0389830888467952	1.2467668735755102	1.0750061273331237	1.0058506351824024	1.2064098958587932	1.1012207067890778	1.0148801506545184	1.0011244657673206	1.173873326159352	1.1183668345885225	1.0248347864416298	1.0033927631283455	1.0002566365540064	1.1482101553859352	1.1285533822533564	1.0345570674708153	1.0064536113136864	1.0008779993738843	1.0000664862913882
1.6999999999999995	1.3345783254176986	1.3153435201495398	1.0417245769136143	1.2666213385455545	1.080560747725002	1.0062404053475045	1.2225624789588097	1.1090107110752727	1.0158942793090229	1.0011982867818758	1.1870942640728654	1.1277099214257598	1.0265658127374164	1.003616929409106	1.0002733763303904	1.1591788687668845	1.1388548706649195	1.037014947049131	1.0068836649693234	1.0009352828172122	1.000070803645384
1.8000000000000005	1.361205261066112	1.3402260095769991	1.044506088063811	1.2871637378301652	1.0862383905825168	1.0066331298122	1.2392065650847972	1.1170193728607822	1.0169194764711673	1.0012725446926893	1.2006589536110943	1.1373520916918323	1.0283211292228858	1.0038426270663332	1.0002902023828681	1.1703878612517298	1.149509930041346	1.0395139412499839	1.0073171213916365	1.0009928600937017	1.000075140475744
1.9000000000000001	1.3888913263010034	1.3660689889599134	1.0473283102746629	1.3084314123582528	1.0920432761490309	1.007028818163023	1.256365888644386	1.1252567192736398	1.0179559640473146	1.00134724226158	1.2145813088388964	1.1473090020603978	1.0301013833486885	1.0040698736750027	1.0003071152157457	1.1818449085402685	1.1605381773447028	1.042055265748176	1.0077540279562889	1.0010507330570981	1.0000794969102274
1.9999999999999998	1.4176995158404166	1.3929286131221577	1.0501919200223502	1.3304644586128203	1.0979797981820336	1.0074274764666051	1.2740657402808877	1.1337334086403075	1.0190039701104492	1.0014223820086172	1.2288759632458337	1.1575974437127947	1.0319072516663388	1.0042986869663586	1.0003241153282951	1.1935580923502724	1.1719607070870282	1.04464017438145	1.0081944271033658	1.0011089022013249	1.000083872900002
2.0999999999999996	1.447697849920229	1.4208647919490596	1.0530982070549846	1.3533060185966932	1.1040525046586955	1.0078291025262573	1.2923333285278515	1.1424606319849575	1.0200636785284765	1.0014979599593237	1.2435592307507737	1.1682349495394817	1.033739170312545	1.004529030608441	1.0003411980591959	1.205535764814614	1.1838002444684426	1.047269978116974	1.008638362330689	1.001167368187865	1.0000882684373864
2.2000000000000006	1.4789598056787472	1.4499447084267574	1.0560459233061026	1.3770023949188166	1.1102662278352362	1.0082337064131819	1.3111967440650114	1.1514509109260591	1.0211354824452927	1.0015739967863482	1.2586445603258727	1.1792423892233252	1.03559868983869	1.0047610840214132	1.0003583792065383	1.2177865786731585	1.196081294208171	1.0499460365190831	1.0090858737764177	1.0012261307514205	1.0000926834071018
2.3000000000000003	1.5115648582438943	1.4802370994539573	1.0590375689089706	1.4016037063548261	1.116625839719633	1.0086412675995333	1.3306874624188108	1.160716670791309	1.0222194779182223	1.0016504754242617	1.2741517582016897	1.190639139425312	1.037485771089778	1.0049947022954184	1.0003756437185465	1.2303194419041157	1.2088303337164759	1.0526697777399552	1.0095370034761637	1.0012851899371222	1.000097117757545
2.4	1.5455990852018162	1.5118189723153692	1.0620730934453033	1.4271639022156515	1.1231365055806084	1.0090517764245275	1.3508381627407247	1.1702717921731505	1.023315970398831	1.0017274033235417	1.2900978567186063	1.2024481855742422	1.039401493886181	1.0052299562011069	1.0003929970100742	1.2431435539013436	1.2220759929128755	1.0554426875406517	1.0099917911480776	1.001344545257407	1.0001015713966201
2.4999999999999996	1.5811559064201326	1.54477309756458	1.0651530340407354	1.4537413261735646	1.129803562504137	1.0094652121483156	1.371684086004605	1.1801309399372024	1.0244252219645875	1.0018047812945468	1.3065017486094956	1.214693804177633	1.041346706906156	1.005466862128293	1.0004104392910338	1.2562684102885722	1.2358492762369804	1.0582663068149871	1.0104502706037979	1.0014041946930865	1.000106044040987
2.6000000000000005	1.6183365245076278	1.5791892865889177	1.0682778771154222	1.4813991237286324	1.1366325462869868	1.009881546207856	1.3932630040813831	1.1903097899871737	1.0255475017903999	1.0018826096180953	1.323383321556478	1.2274022360887589	1.0433222999186476	1.0057054356906816	1.0004279706555992	1.2697037349909903	1.250183823663215	1.0611422593539483	1.0109124790230017	1.0014641371352335	1.0001105355839657
2.7	1.6572514104460874	1.615165130147433	1.071448047963828	1.510205736593762	1.1436291919599848	1.0103007411431155	1.4156154428911965	1.200825115736714	1.0266830863778682	1.0019608880053175	1.340763500167461	1.2406018906938665	1.0453292089404045	1.0059456921361163	1.0004455911463828	1.2834595345120325	1.2651161704117682	1.064072227282007	1.0113784455469266	1.0015243694959532	1.0001150456690282
2.8	1.6980206250337004	1.652806066302302	1.0746645652081703	1.540235510605686	1.150799396481006	1.0107227439061346	1.438785293858395	1.211694657839754	1.0278321924675078	1.0020396075260634	1.3586657156617008	1.2543227890952473	1.0473680484215433	1.006187575387519	1.0004632940146625	1.2975460365138147	1.2806860690588306	1.067057971873428	1.0118481976565232	1.0015848885150318	1.0001195739788324
2.900000000000001	1.7407752132163525	1.6922301221210942	1.07792569490102	1.5715690567659748	1.1581493929075934	1.0111475116770126	1.4628182609906761	1.222938353474863	1.0289953125190452	1.0021187904052204	1.3771088768095452	1.268600716568091	1.0494409616512184	1.0064313095557875	1.0004810989661919	1.311973652705034	1.2969368488334805	1.0701013398751458	1.0123217603537493	1.0016456904256583	1.000124120172237
3.0000000000000004	1.7856583550821625	1.7335613488157158	1.081233599027218	1.6042944808649915	1.1656853867004624	1.011574955837535	1.487765809835634	1.2345762008529755	1.0301725438075275	1.0021984101703612	1.3961215641003455	1.2834697125871444	1.0515479327124035	1.006676695754523	1.0004989856891593	1.3267598829475598	1.313912781348938	1.0732019077968757	1.0127985272294948	1.0017066570776056	1.000128672714051
3.1	1.8328267377186307	1.776938625549189	1.084587653120031	1.6385076509516634	1.1734139008751288	1.0120049945736278	1.5136818495672073	1.2466306354221333	1.0313642591346737	1.002278471273361	1.4157279183928027	1.2989701911591223	1.0536904840486832	1.0069238151393627	1.0005169603142965	1.3418948393787593	1.33167458308728	1.0763686903047005	1.013280372440192	1.0017681187291427	1.000133263903645
3.1999999999999997	1.8824521072577285	1.8225131930723966	1.0879877577007884	1.6743133578955023	1.1813415816618802	1.0124375235861895	1.5406249238232461	1.2591255432986486	1.0325707711228853	1.002358969076534	1.4359547554706502	1.315145405981787	1.0558698339836095	1.0071726767536104	1.0005350221149432	1.3574099653702656	1.350269849023911	1.0795967673595506	1.0137654343000024	1.0018297304898047	1.0001378601338482
3.3000000000000007	1.9347231038419512	1.8704509350207232	1.0914336479631108	1.711826279201455	1.1894752119456213	1.0128724191725043	1.5686580456380828	1.2720867533239897	1.0337924363136388	1.002439904316657	1.4568301807521788	1.3320426421858595	1.058087270894917	1.0074232875730031	1.000553170142716	1.3733091286488905	1.3697637371357596	1.0828906826054996	1.014254333348074	1.0018915963142534	1.0001424716950147
3.4000000000000004	1.9898468754335326	1.9209341005894847	1.0949248668392626	1.7511721325276315	1.197821681528066	1.013309535516928	1.5978498948869146	1.2855417855401514	1.0350295163517562	1.0025212580625584	1.4783835983154536	1.3497136893589847	1.0603441612414302	1.007675652598414	1.0005714032429174	1.3896031021201154	1.3902245021660662	1.086252701919725	1.0147470486892076	1.0019537041480189	1.0001470975306916
3.5	2.0480521093165582	1.9741622875677236	1.0984614480898975	1.7924890616507545	1.2063879023974309	1.0137486954036858	1.628274798862497	1.2995203022950212	1.0362822902105744	1.0026030173891223	1.5006477100805138	1.3682142416779886	1.062641504715466	1.0079296930540247	1.0005897123676168	1.4063023871871707	1.4117273401242385	1.089685215355079	1.0152435536186661	1.0020160413103623	1.0001517366040358
3.5999999999999996	2.1095908492460933	2.03035953600751	1.1020403096579472	1.8359287555887986	1.2151809880441002	1.0141897177384076	1.6600113121353306	1.3140555166326722	1.0375513305450275	1.0026851985193466	1.5236485571799605	1.3876101505544742	1.0649821852735952	1.008185650342193	1.0006081184779285	1.4234171699298621	1.4343552031958806	1.0931907110457533	1.015743805765867	1.0020785925839901	1.0001563876700506
3.7000000000000006	2.174741817885503	2.089767124591521	1.1056623559122225	1.8816589001017465	1.2242077308596817	1.0146323514478772	1.6931478726112281	1.3291813795145029	1.0388367390507738	1.0027677614440929	1.5474253450224493	1.4079668354683885	1.0673664944275452	1.0084432775198535	1.0006265967302943	1.4409571908387804	1.4581997597323106	1.096771769229409	1.0162477425424692	1.002141339468333	1.0001610491943778
3.8000000000000003	2.243813694991886	2.152656196703375	1.1093252892167258	1.9298643761753373	1.2334749804463547	1.015076332968627	1.727778271663156	1.344935941380169	1.0401389354972232	1.002850699792299	1.5720105073506407	1.4293613555042413	1.0697966218905979	1.0087026462327675	1.0006451521278603	1.4589314630604595	1.4833625513789346	1.1004310907040373	1.0167552855402329	1.002204261323939	1.0001657195245797
3.9	2.317148948004504	2.2193261888984126	1.1130271291686942	1.980749862010908	1.2429893135600358	1.015521349974574	1.7640049881688167	1.3613600618436072	1.0414582604333538	1.0029339953805023	1.597439514009268	1.4518776797682136	1.0722744246449945	1.008963742589339	1.000663781679042	1.4783704299216744	1.5095230033377371	1.103850460480675	1.017172082538602	1.002246158225963	1.000168075676749
3.9999999999999996	2.3951282099416424	2.290109571478228	1.1167654394385316	2.0345423123757813	1.2527569547909403	1.0159670416127882	1.8019394788311252	1.3784980140364773	1.042795051854498	1.0030176268708921	1.6237487226336498	1.475608852416355	1.0748018825478436	1.0092265465837245	1.000682481821817	1.4962140851246826	1.5381060665890924	1.1079958214235892	1.0177807496168922	1.0023305287269684	1.0001750785543724
4.1	2.478175380641017	2.3653761551728283	1.1205372613130367	2.091493891133327	1.2627836217076316	1.0164129916878828	1.8417030705525417	1.3963978022920052	1.0441496417754403	1.0031015692531648	1.6509751367207581	1.500658190465185	1.0773811098104926	1.0094910313288485	1.0007012483674942	1.5155347537355652	1.567951596995441	1.1119071466848227	1.0182983807992216	1.0023938138265656	1.0001797624951023
4.199999999999999	2.566762879866407	2.4455367138433304	1.1243398115608285	2.1518854488693275	1.2730742766541936	1.0168587141387107	1.8834286808763299	1.4151110744114757	1.0455222625581737	1.0031857836168045	1.6791588650610434	1.5271390051783233	1.0800138385300124	1.0097570730908296	1.0007200682051682	1.535313616641712	1.5996485848991218	1.1159085463563185	1.0188190258599017	1.002457151254771	1.000184445570811
4.299999999999999	2.6614191471004647	2.5310551394586396	1.1281665361384232	2.2160298683708604	1.28363318362608	1.0173036781983853	1.9272581621094342	1.4346956590982753	1.0469134915266773	1.0032702652483476	1.7083288261495204	1.555184435509231	1.0827040592451145	1.0100248934292297	1.000738960288328	1.555551794269066	1.6333712281964523	1.120003199622301	1.0193424432596347	1.002520497499174	1.0001891243999061
4.4	2.7627351853129767	2.6224418533091343	1.1320147428481497	2.2842776018876334	1.294463045143253	1.0177472305492832	1.9733509167839056	1.455211626924331	1.048323344932867	1.0033549454569741	1.73852995304027	1.5849327624101748	1.0854527708535036	1.010294170156521	1.0007578932510983	1.57624744802021	1.6693147537038289	1.1241943614294623	1.0198683429866007	1.002583802563938	1.0001937951111017
4.5	2.871373594255094	2.7202742152799106	1.135877773313252	2.3570207550331777	1.3055652378315015	1.0181886519874657	2.0218777029328985	1.4767260454247544	1.0497521701046235	1.003439788246999	1.7697947405834653	1.6165460130333238	1.0882632511391601	1.0105649227551843	1.0007768675350195	1.5974077525892123	1.707691547342964	1.1284819341897592	1.0203956032424797	1.0026468757903486	1.0001984403777466
4.6	2.988078239538735	2.8251984252561093	1.1397487536628985	2.4346995611636184	1.3169391084329929	1.018627110905971	2.0730257179005567	1.4993112463382796	1.0512001856226822	1.0035247406367882	1.802156231242424	1.6502041270199812	1.0911384356205882	1.010837066372197	1.0007958740855691	1.6189852022870936	1.7487685885894138	1.1328794477317055	1.020926134451157	1.0027100511407685	1.0002030939334077
4.699999999999999	3.1136853655166346	2.93794042630796	1.1436197008603277	2.5178091249864925	1.3285815348070542	1.0190616560416077	2.1269992978839447	1.5230457060168878	1.0526675593990054	1.003609741341292	1.8356441375656312	1.6861093869737038	1.0940814487526698	1.0111104973813423	1.000814902330599	1.6410026780430809	1.7928032714535425	1.1373799971350613	1.0214571202725724	1.0027728527779571	1.0002077112109156
4.800000000000001	3.249136203360452	3.059316821524385	1.147481393766141	2.6069073178226576	1.3404863340011421	1.0194912009530848	2.184021441449661	1.548014491378427	1.0541543940928728	1.0036947195628048	1.8702834644636017	1.7244896226700261	1.0970956082043497	1.011385090334629	1.0008339399904964	1.6634265105178927	1.8401159922652082	1.1419902258811379	1.0219887562875138	1.00283532734703	1.0002122985646384
4.9	3.3954913373335627	3.1902453942187763	1.1513240788991979	2.702624028236533	1.3526434880620635	1.019914499706071	2.244336544434897	1.574309041414892	1.0556606054020534	1.0037795831277585	1.9060968648088144	1.7655993053063517	1.1001838035866662	1.011660597559668	1.0008529639832182	1.686228412794993	1.8910611980468497	1.1467132302873084	1.022520358521971	1.0028973751980477	1.0002168484435274
5.0	3.5539460854580196	3.331768322316764	1.1551331324103276	2.805670802263671	1.3650386967646375	1.0203301653157029	2.308206322139328	1.6020307545251786	1.057186415589892	1.003864269092585	1.9429186571918589	1.809834550307585	1.10337849309475	1.0119426171538144	1.000872781458148	1.7093715729152628	1.9460401043093483	1.151551901296248	1.023051129015179	1.0029588833072576	1.0002213523686048
5.1	3.7258495684920296	3.4850493081129374	1.1588973294126637	2.9168544289781506	1.3776516822041636	1.0207365769263348	2.3759228372634213	1.6312848881726745	1.0587312956977861	1.0039486376429485	1.981075611891508	1.8573296779131048	1.106628910022661	1.0122198003371918	1.0008917705241982	1.7328094157429013	2.0055073013790228	1.1565087922112338	1.0235801324735272	1.0030197219734311	1.0002258005715623
5.2	3.912723166121178	3.6514094995690027	1.162600318177561	3.037089003381082	1.3904558476078193	1.0211319333821132	2.447798682486271	1.6621871458333322	1.060294963262284	1.0040325744020624	2.020396774430783	1.9085495276085767	1.1099655365000378	1.0124973296907205	1.0009106958314367	1.7564841139235192	2.0699783043329663	1.1615860030845508	1.02410628430189	1.0030797445414819	1.000230182111291
5.3	4.116282600426391	3.8323373942097807	1.1662247190012378	3.1674122753801264	1.403416682817319	1.0215141967270125	2.5241741477165065	1.6948604777180531	1.061876827697339	1.0041159360819736	2.0608506486169307	1.96391654034191	1.1133924336203955	1.0127748921842061	1.0009295310959125	1.780325159873498	2.1400379694482745	1.1667850019598545	1.0246283274553725	1.0031387844317678	1.0002344845606816
5.3999999999999995	4.338460833734162	4.02951151308379	1.1697512148660438	3.309003039598155	1.4164904957369202	1.0218810811408106	2.605417361197301	1.729435466662354	1.0634760464839188	1.0041985585369213	2.1023849540409594	2.023909915825969	1.1169136642353081	1.0130521148262654	1.0009482457502519	1.8042479131237452	2.2163498550748684	1.1721064214782997	1.0251448138520782	1.0031966537924797	1.0002386939675405
5.5	4.581432229287459	4.244822644312818	1.1731585321970257	3.4632007942173795	1.4296229771076763	1.0222300373621847	2.6919253039102617	1.7660497154771124	1.0650914693699491	1.0042802541937232	2.1449224866670966	2.0890732235447023	1.120533187134248	1.0133285545635131	1.0009668043122208	1.8281522447347167	2.2996665072145483	1.1775498147556454	1.0256540847682707	1.003253141645808	1.0002427947056376
5.6	4.84763718238796	4.480394247571243	1.1764244017292727	3.631527797547122	1.4427476284667693	1.0225582340924386	2.784126414264883	1.8048457073416337	1.0667214510921517	1.0043607981230018	2.1883630147810305	2.1600181277337227	1.124253962854688	1.0136035821784826	1.0009851563390688	1.8519214986149748	2.390840503212346	1.1831133482814338	1.0261542500602465	1.0033080121704474	1.0002467693538353
5.699999999999999	5.139806412120971	4.738620181668859	1.1795211473471046	3.815711542936053	1.455784837881593	1.0228625953275086	2.882470952157162	1.8459744088831593	1.0683643915408279	1.0044399819588354	2.232819891828885	2.2372675236014112	1.1280465363938263	1.0138704414580881	1.0010023599976234	1.8754217046031418	2.4908362543878217	1.1887934774142763	1.0266431753584462	1.0033610042373515	1.0002505987014538
5.799999999999999	5.460982369293302	5.022159301846555	1.1824250507155976	4.017713059155605	1.4686396346142825	1.0231397284496297	2.987450345399859	1.8895821930208723	1.070017423014212	1.004517498304578	2.277609255852596	2.321953267541504	1.1319799175632588	1.0141408702486112	1.0010201613286425	1.898501506847191	2.6007420875029816	1.1945845523567054	1.0271184689998953	1.0034118305996083	1.000254261656401
5.9	5.814539643862289	5.333984794936564	1.1851076418407234	4.239751131940529	1.481201785981791	1.0233860280538511	3.099576694897247	1.9358180112070797	1.0716775472014304	1.0045930517049197	2.322758221463828	2.4147974451605476	1.136022724315584	1.0144078059180195	1.0010376015906244	1.9209928068828097	2.7217823563415178	1.2004784091308318	1.0275774816538326	1.0034601793716411	1.0002577354290707
6.0	6.204196291227894	5.67738747638168	1.1875408075484342	4.484331137754327	1.493344964896139	1.02359767898236	3.2193913321057956	1.9848235274608517	1.073340922841531	1.004666300577517	2.3680029670471514	2.5167974151746644	1.1401752008779544	1.0146702709076436	1.0010546099949142	1.9427355547263927	2.8553087912358204	1.206459304793021	1.0280164384052854	1.0035055736130205	1.000260981933148
6.1	6.634019779779973	6.055990633704133	1.189696603957494	4.754271761820354	1.5049273436942343	1.023770731562389	3.347461389193497	2.0367282911113036	1.0750028871186692	1.0047368678354427	2.413035255099302	2.6290677828577023	1.1444358126357301	1.0149271454056628	1.0010711069128213	1.963465680558413	3.0029112322111193	1.2125265666740415	1.0284348206895162	1.0035480833158106	1.0002640162541494
6.199999999999999	7.108421621226224	6.473754505882456	1.1915481427255041	5.0527300640181965	1.515793198440152	1.0239011965897036	3.484378487626204	2.0916424241702027	1.0766578585361812	1.0048043415290326	2.4575045810667504	2.752847039276452	1.1488007725709235	1.0151771613448268	1.0010870037714201	1.9830493587244573	3.166224849611854	1.2186480989884538	1.0288266937358292	1.0035869164283338	1.0002667709541138
6.299999999999999	7.632139849446868	6.93497118572608	1.1930706153507507	5.383222838911088	1.5257758935516599	1.0239851703153502	3.630758277865891	2.149647776417808	1.0782992479132298	1.0048682769565866	2.5010234903990405	2.8895020449018194	1.153263551101769	1.015418903237429	1.0011022034595929	2.0012588232502853	3.3471363044753066	1.2248062259592107	1.0291894795080845	1.0036218416474862	1.0002692327949119
6.4	8.210207844868291	7.444243154597802	1.1942433721971386	5.749642757381251	1.5347023047169777	1.0240189798598964	3.7872462917651775	2.2107852517827964	1.079919219621011	1.0049281874658245	2.5431881364693707	3.0405187204482162	1.1578134102069497	1.0156507001981658	1.001116591249092	2.0178944485573136	3.54768466166473	1.2309744941957252	1.0295196793074297	1.003652490657615	1.0002713753358632
6.5	8.847909572484058	8.006479911166783	1.1950462172425094	6.1562629407701195	1.5423997701100256	1.0239994088812814	3.9544987345692713	2.2750549518487126	1.081509492540413	1.0049836166020032	2.583534058567777	3.2075536928508503	1.162439901332231	1.015871228207871	1.001130086437686	2.032769616238926	3.7700786367580537	1.2371224024985803	1.0298138542291468	1.0036785131021682	1.000273173621977
6.6000000000000005	9.550720991171744	8.626806190928495	1.1954701141442632	6.607739896703896	1.548702367878622	1.0239238022517023	4.133237130249355	2.3423798852596125	1.0830596426138417	1.0050340138683254	2.6216669730884714	3.392320478923836	1.167122744086511	1.0160783763976338	1.001142544839331	2.0457191991639525	4.016688785015756	1.2432157379907403	1.030068742061464	1.0036995894413738	1.0002746050438747
6.7	10.324244403783755	9.31056058113389	1.195508376579026	7.109092448233399	1.553461232874845	1.0237903565724191	4.324215511679574	2.412616268849256	1.0845588259275891	1.0050788768187853	2.6571674505149754	3.5966865617861967	1.171841547569893	1.0162704566233844	1.001153861906729	2.0566076059987006	4.290035105724103	1.249217234323114	1.030281392227484	1.00371544605709	1.0002756504866543
6.8	11.174135162458231	10.063209720593411	1.1951620601131214	7.665675588722287	1.5565531236054204	1.0235982577398346	4.528264260640387	2.485528350351573	1.0859950123811188	1.0051176960000738	2.689668088820994	3.8226051233263045	1.1765710342221891	1.01644567682702	1.0011639266359518	2.065335922898138	4.592770260497825	1.255087483183932	1.0304492939068515	1.0037258680160472	1.0002762951612534
6.8999999999999995	12.106029881178701	10.890288487533809	1.1944391844265865	8.283136555806951	1.55788939073117	1.0233478374005738	4.74631421692791	2.5607778898864466	1.0873552747658728	1.0051499797028887	2.7188612038130637	4.072107928371324	1.1812824371038702	1.0166023220397535	1.0011726358380648	2.0718469251953273	4.927659980819326	1.2607861475378983	1.0305705047561633	1.00373071239861	1.000276529654188
6.999999999999999	13.125480336163292	11.797335339182363	1.1933545103913739	8.967357905481006	1.5574232893474989	1.0230406642307848	4.979434648317261	2.637912334233261	1.088625943217139	1.0051752650088472	2.744514952527355	4.34728514617301	1.1859442007853143	1.0167388229871068	1.0011798985083498	2.0761279198016322	5.2975613989122765	1.2662732956695841	1.030643747086025	1.0037299164066367	1.0002763504335683
7.1	14.237898256561346	12.789832648708757	1.1919289162449986	9.724389136813896	1.5551547897499873	1.0226795630527816	5.228881289079301	2.716354521916828	1.0897927807727623	1.005193127329891	2.7664846522618354	4.650264129821095	1.1905229375907427	1.0168538233567788	1.0011856399750267	2.0782108132504318	5.7054012177876645	1.271510800502441	1.0306684718215466	1.0037235015104957	1.0002757600730796
7.199999999999999	15.448514534612531	13.873146682116756	1.1901893826188796	10.560371832651773	1.5511319414378393	1.0222685426944504	5.496175234902179	2.79538516045659	1.0908407683465007	1.0052031578323086	2.78473926612143	4.983156775057491	1.1949832302101033	1.0169461083172862	1.0011897947050232	2.0781692396469436	6.1541556049794375	1.2764637233426102	1.0306448924312206	1.003711575023223	1.000274767433067
7.300000000000001	16.762354522173773	15.05253692694712	1.1881630411740691	11.48145286160086	1.5454498698698078	1.0218127071770016	5.783074988587034	2.8741816202191437	1.0917562298199932	1.005205114815241	2.7992542309454707	5.348199015253453	1.199295568438918	1.017015304480233	1.0011923619270644	2.076113653790467	6.6468322916001155	1.2811014623619064	1.03057396533989	1.0036943246052716	1.0002733871538885
7.4	18.18422906334704	16.33303603040056	1.185885343354112	12.493721546745835	1.5382433235060151	1.0213179402894832	6.091860178850474	2.951722993318301	1.092523027957897	1.005198628177829	2.8102165176644527	5.747416248483667	1.2034241561678003	1.0170606004202372	1.0011933005428986	2.0721845930034837	7.186456295892261	1.2853986543445222	1.0304573367055674	1.0036720099427219	1.000271639043956
7.5	19.718739485299743	17.719533885009024	1.1833892451167076	13.60312543076554	1.5296804924238068	1.0207907518492216	6.425235662332181	3.0268782283470568	1.093126562292378	1.0051834906546253	2.8178006947206438	6.182927299947687	1.2073414128118156	1.0170820641511495	1.0011926354408263	2.066580681910231	7.77596521433624	1.2893303201469413	1.03029640923506	1.0036448171892796	1.0002695344562929
7.6	21.3702935011391	19.216730791811585	1.180708737170988	14.815420275979658	1.5199520098677488	1.0202379422296537	6.7865550277305875	3.0983606085124937	1.0935518073737465	1.0051595020977981	2.8222601101746303	6.656774998989864	1.2110221542689399	1.017079979409504	1.0011904030876233	2.059372058236564	8.418674366063495	1.2928992751268908	1.0300964769054402	1.0036135159130455	1.0002671391263658
7.699999999999999	23.143128724199276	20.829157593858532	1.177876859822975	16.136132650376833	1.5092600599656263	1.0196663056112394	7.179953683872491	3.1647389587548616	1.0937836328514046	1.0051264875070423	2.8247640759336057	7.16913438226511	1.2143868367477348	1.0170473630821255	1.0011855318459246	2.0508503394581785	9.117329594738262	1.2960816809265938	1.0298581183760207	1.003578103940965	1.0002644444814888
7.799999999999999	25.041340506198296	22.561193352174897	1.1749248887154984	17.570515835917288	1.4978100606614597	1.019082480841054	7.61053981511652	3.2244429072579455	1.0938066533539534	1.005084282528679	2.823008533873116	7.727388837336148	1.2175955342221816	1.0170078639025213	1.001181479562565	2.04116473923318	9.875050026056778	1.2988810446033103	1.0295855595750858	1.0035391339129796	1.0002614942065697
7.9	27.068911298364146	24.417087418576486	1.171881752536088	19.12357111066001	1.4857992610204567	1.0184925941219558	8.084635760758342	3.275772588017239	1.0936050074080983	1.005032716728031	2.8199482134296163	8.327965618675863	1.2204607617543644	1.016939839887041	1.0011749490711426	2.0304953083868957	10.694857530592136	1.3013005054905795	1.0292823186819275	1.0034970308895241	1.0002583196006187
8.0	29.229739428052515	26.400966552654403	1.1687745315405884	20.800033805273223	1.4734118320503584	1.0179022199239867	8.610146560247529	3.316893250029395	1.0931615169058035	1.0049715673376314	2.814866061870724	8.97494742899674	1.2230458181740373	1.0168536057596758	1.0011673998587876	2.0190131373717692	11.579773297940985	1.3033475895460422	1.0289519513397762	1.0034522153712786	1.000254951529652
8.1	31.527665701811674	28.51694416192381	1.1656239699965574	22.60441883051428	1.460812304191568	1.0173161721206887	9.196647475000175	3.345970778390829	1.09246020546095	1.0049006813773076	2.8085945993629466	9.668737930468689	1.225314689123238	1.0167463288620335	1.001158233860514	2.006877542007985	12.532820547391102	1.305033462357131	1.0285979624713948	1.0034050941415023	1.0002514197626002
8.2	33.96649717826192	30.76897344424688	1.1624530786686076	24.54102998583003	1.4481443593371846	1.0167385649596627	9.856491319142364	3.360996358763253	1.0914803946004816	1.0048196780513274	2.800918788854476	10.412385494984909	1.2273025985036365	1.0166237985585798	1.0011482608914761	1.990810589285405	13.572427659147653	1.3069633263814289	1.028331592720851	1.003379993828559	1.0002515388006126
8.299999999999999	36.55002753429345	33.16103835643191	1.1592786007237255	26.613996712235195	1.4355296140468974	1.0161727803535372	10.60481709043949	3.360070467788313	1.0902022151813673	1.004728217901949	2.7922867519146317	11.207076929455571	1.2290032019744581	1.016486152620986	1.0011373554416807	1.981214477951796	14.65543151581196	1.3073800573869738	1.02783249891366	1.003305456241901	1.0002439760810626
8.399999999999999	39.28205412165068	35.69708717032327	1.1561154941327085	28.827317741527562	1.4230676216150882	1.0156214849381568	11.46059474860161	3.341395419841163	1.0886039834159464	1.0046258610588676	2.7829494339473553	12.05439176439526	1.2304241710648245	1.0163349554594685	1.00112562466697	1.967934993802344	15.831078665736854	1.3080748577810546	1.0274272522158316	1.003253635123874	1.0002401147381124
8.499999999999998	42.166391875513774	38.38106533992055	1.1529762875011393	31.18489259687799	1.4108375443095407	1.0150867071026861	12.447383442829814	3.3034483647897366	1.0866635854393052	1.0045121141391637	2.7731312041135894	12.955851917140606	1.2315754111857395	1.0161717441716058	1.0011131724546822	1.9544982745987116	17.08702873625491	1.3084753923639698	1.0270107815709653	1.003200894714159	1.0002361904886055
8.6	45.206884399678	41.21692878743443	1.1498713231269528	33.690585346348946	1.3988989855495955	1.014569833577345	13.594098620636776	3.2451978713473286	1.0843603893339857	1.0043864842295214	2.7630300897298126	13.91292193498028	1.2324685439837244	1.0159980049032526	1.0011000980952542	1.9409934270532576	18.426354802845218	1.308600945914139	1.0265856285353212	1.0031475091657198	1.000232223106987
8.7	48.407412685915624	44.208654799245814	1.1468090068557781	36.34817775548738	1.3872975560244962	1.0140718684693217	14.93543010987478	3.1663947996751136	1.08167887102184	1.004248589067027	2.752818924615282	14.927008750439132	1.2331164344777457	1.0158151548148329	1.0010864952782565	1.9274969382702645	19.852145782838775	1.3084709299116726	1.026154097306315	1.0030937242586135	1.0002282303401202
8.8	51.7719016363291	47.36022337846808	1.1437968063333657	39.16148516705403	1.3760635111418527	1.0135933092019696	16.511652066680632	3.0678722232557334	1.0786134101680893	1.0040982963622154	2.742704935305128	15.999152322207893	1.233530693204411	1.0156243891792673	1.0010724422761572	1.9140741889753337	21.367504185597845	1.3081044951659226	1.0257182477224698	1.0030397560269886	1.0002242276208297
8.9	55.304325122625656	50.67576127427891	1.1408377105487983	42.13430149594272	1.365217046377553	1.0131343744290968	18.365034148121225	2.9521339871486103	1.0751823164678125	1.0039362433022987	2.7326422851007717	17.13156908715729	1.2337317381469997	1.0154273754228993	1.0010580475124122	1.9007800766857914	22.975549750145756	1.3075203711553443	1.0252799191047728	1.0029857955095944	1.0002202286548958
9.0	59.008709540605324	54.1592731954185	1.1379379824183335	45.2704877227938	1.3547679462220528	1.0126949474536293	20.538135918717806	2.823033013311405	1.0714254298045232	1.0037636582427703	2.7229132599208135	18.324561832549268	1.2337276649824547	1.015224844844742	1.0010433575808937	1.887712667384136	24.678863661636132	1.3067308166700378	1.024840022344639	1.0029319001792756	1.000216236495665
9.1	62.88913636152906	57.81492010730486	1.1350998079169148	48.573922237001184	1.3447195791402875	1.0122747408019153	23.06409285493046	2.686076339877174	1.0674214102910182	1.0035830828211425	2.7135514176564297	19.579607261208817	1.2335348421311199	1.0150179955347438	1.0010284491650963	1.8747536503906195	26.48225124805928	1.3057704882613677	1.0244021058599404	1.0028785371424198	1.0002122874439086
9.2	66.94974384195653	61.64688522116283	1.1323252353191557	52.04854189923841	1.3350694771554281	1.011873295685566	25.9608197636007	2.5474761132903647	1.06327901244391	1.0033980835356464	2.704633219363419	20.897809764097516	1.2331673032552233	1.014807791351689	1.0010133832777424	1.8620902424861023	28.387217068971626	1.304638410412709	1.023965278717985	1.0028255048321393	1.0002083639811588
9.3	71.19472807728167	65.6594036572174	1.1296155687179685	55.69834284844493	1.3258109149661401	1.011490035771141	29.226579574610515	2.413130398252044	1.0591236108235107	1.0032128726855891	2.696222089499566	22.280208536140666	1.2326386857190916	1.0145951052662217	1.000998214758371	1.8496951929288399	30.397488440649038	1.3033558665122589	1.0235313197571796	1.0027730154803043	1.0002044821622535
9.4	75.6283436818549	69.856764030793	1.1269714959251158	59.527385402160064	1.31693403798586	1.0111243028375967	32.84158895640635	2.287617175166695	1.0550752715366771	1.0030316063525526	2.6883702980840254	23.727775044301232	1.2319621193854646	1.0143807230381068	1.0009829925600564	1.837588205851219	32.51625043939898	1.301937386023129	1.0231011451435525	1.002721156525604	1.0002006480768908
9.5	80.25490383711765	74.24330952308541	1.1243931983487658	63.539797286560244	1.3084267751083967	1.010775385559371	36.77470891369587	2.173686876653507	1.05122934323378	1.0028577190143269	2.6811204880895962	25.241411660330975	1.231150154871921	1.0141653484783062	1.0009677601884532	1.8257843981301514	34.74669956903783	1.3003965591706736	1.0226755354111	1.0026700008654847	1.0001968668024444
9.600000000000001	85.07878044177433	78.82339825854703	1.1218810947907465	67.73978562975861	1.300275381583819	1.0104425330841338	40.99228203450252	2.072327046992548	1.0476462711779593	1.002693516855103	2.6745974692905987	26.82109655546684	1.2302123964098675	1.0139494833111458	1.0009525508762402	1.8142950907047501	37.09204071220756	1.2987460357538871	1.0222551487279554	1.0026196084470995	1.0001931424761692
9.700000000000001	90.10440380235411	83.60160513901334	1.1194326707786402	72.13158718245029	1.2924659412520814	1.0101250194959868	45.46141024373619	1.983371623416548	1.0443579502407185	1.002540403842801	2.668558139158564	28.47014353056705	1.2291670454875856	1.0137340590261101	1.0009374140227634	1.8031283176517667	39.55548667059396	1.2969975615609581	1.0218405356231064	1.0025700280846095	1.0001894784667367
9.8	95.33626230422254	88.58231905082454	1.1170490459334361	76.71956986727744	1.2849829481200201	1.0098220642553686	50.15932627991071	1.9057418560479622	1.0413654829123835	1.002398622131453	2.663295353535207	30.18667515704088	1.2280177417588911	1.0135191897675981	1.0009223635064461	1.7922893959645843	42.14025601991153	1.2951619976271056	1.0214321487849687	1.0025212981837188	1.0001858773678796
9.9	100.77890197963156	93.77014576549546	1.1147285299855838	81.5081310008699	1.2778115052337755	1.0095329357294363	55.06792133196452	1.8381577706188919	1.0386577753571244	1.0022679977968347	2.6587360994716147	31.97214542887559	1.2267767129163716	1.0133054307397042	1.0009074301720537	1.781793515928887	44.84934386472318	1.2932475221196535	1.021030095031297	1.0024733850370495	1.0001823307032953
10.0	106.4369259942717	99.16970632161728	1.1124699199921537	86.50174728045216	1.2709366459171467	1.0092569120507238	60.17606782391795	1.7792588976723207	1.0362139637661365	1.0021479487817533	2.6548938160617412	33.827074036656114	1.2254532089021375	1.0130931569708799	1.0008926361443873	1.7715452537908851	47.687865799028046	1.2912779500304128	1.0206367098764326	1.002426808568706	1.000178921965969
10.1	112.31499428556901	104.78567707904507	1.1102718895020793	91.70496367779664	1.2643437044148162	1.008993295750089	65.4777436548208	1.7277737665618855	1.0340094914750761	1.0020377105008906	2.651778770342593	35.75189715123586	1.2240558369903156	1.0128826937453457	1.0008780003716673	1.761759304953256	50.65477469668494	1.2892293009030689	1.0202476873021518	1.002380478325107	1.0001754698087801
10.2	118.41782274446514	110.62278942158898	1.1081330210573268	97.12239231886207	1.2580184471630806	1.0087414173156255	70.97076264220016	1.682578729865074	1.0320192479436272	1.0019364526156807	2.649398672925927	37.74696511012642	1.2225925866787088	1.012674321580956	1.0008635389921385	1.7522429016774796	53.75712255363026	1.287138142594336	1.0198672097270667	1.0023353836058109	1.0001721362860163
10.3	124.75018299728714	116.68582942314146	1.1060518330283744	102.75896698174215	1.251944206333301	1.00850046799741	76.65570489476067	1.6427111781791162	1.030219299343253	1.0018433488363427	2.647759317509192	39.81253862581857	1.2210708528334147	1.0124682802478482	1.0008492655580736	1.7430522408225246	56.99695144481079	1.285002699052353	1.0194941559778439	1.0022912262055281	1.000168871641454
10.4	131.31690175299488	122.97958274799753	1.1040273565030767	108.61867820299156	1.2461165544995774	1.0082703400396558	82.53567422000282	1.6073499118941104	1.0285872413155177	1.0017575855904621	2.647000418821615	41.94671694745993	1.219495271556557	1.0122646981007457	1.0008351962840174	1.7341831930318408	60.37749859690024	1.2828295403952328	1.019128608621998	1.0022480083382628	1.0001656760597455
10.5	138.12286034814719	129.5091080139917	1.1020563791908162	114.70705560000577	1.240514585531444	1.0080499725913374	88.61277045326136	1.575850241961413	1.02710487229788	1.0016785274395175	2.646718595099259	44.155788098629124	1.2178787401648905	1.0120639718227984	1.0008213257248324	1.7257081716400602	63.89936631971906	1.2806204431437604	1.018770317568308	1.0022057233391082	1.0001625585469927
10.6	145.17299428477176	136.27918897525507	1.1001390084110778	121.028756224479	1.2351288768473891	1.0078389665101548	94.89349563977768	1.547617789854054	1.0257534385929288	1.0016054292513754	2.647322600919621	46.43351982491866	1.2162204684133753	1.011866017774508	1.0008076761040896	1.7173896456560345	67.57369968567716	1.2783936413632586	1.0184201882041837	1.0021643841434191	1.0001594917937036
10.7	152.4722927467028	143.29488161883148	1.0982731346688455	127.5886956771136	1.2299483196513314	1.0076368156382862	101.38261165747758	1.52219562932962	1.0245182437882816	1.001537730347346	2.6486787629551705	48.7818627241839	1.2145279882110949	1.0116710271058915	1.0007942483858152	1.70945347052032	71.39583297146075	1.2761414435518477	1.018077319243301	1.0021239679320542	1.000156502623381
10.8	160.02579842123689	150.56124009329707	1.0964572153176433	134.39186441247534	1.224962261363521	1.007443035807789	108.08585101704259	1.4991945540774552	1.023386060773485	1.0014749037380009	2.650788642322539	51.20059471148335	1.2128061965018837	1.0114790928465827	1.0007810470607117	1.701815831047568	75.37164162296719	1.2738726921356258	1.0177419733609876	1.0020844722470226	1.0001535815503309
10.9	167.83860664914005	158.08337111985568	1.0946897273206135	141.44331218573743	1.2201606493974966	1.0072571715551766	115.00919156803917	1.4782896068924185	1.022345379854121	1.0014164803459635	2.653653616555901	53.68939163725439	1.2110595859354827	1.0112902878591747	1.000768075399837	1.6944699398849807	79.50436600733109	1.271591574055468	1.017414095413408	1.0020458870091744	1.0001507279894826
11.0	175.91586553132169	165.8664336781301	1.0929691731797537	148.74814711717192	1.2155340098122398	1.0070787948364517	122.15876055562636	1.4592084591297552	1.021386188907869	1.0013620432508021	2.657275351142654	56.24781939926938	1.2092922659623921	1.0111046666621983	1.0007553355551269	1.6874087421478172	83.79724768012227	1.2693019167408592	1.0170936153179622	1.0020082012209346	1.0001479413394667
11.1	184.26277536270592	173.91563870679403	1.0912940855374016	156.3115348159531	1.2110734227717155	1.006907503661719	129.54077033637262	1.4417219276189106	1.0204997721123747	1.0013112220461304	2.6616557102530294	58.87533561080648	1.2075079969852252	1.0109222680698875	1.0007428287470064	1.6806250338081452	88.25352856225672	1.2670072007055924	1.0167804480540978	1.001971402465034	1.000145220877605
11.2	192.88458836943383	182.23617939522356	1.0896634976009203	164.1387157501648	1.2067703670994712	1.0067429147957132	137.1620549519169	1.4256306650597268	1.0196782505077617	1.0012636669263513	2.666958136636501	61.56757572623055	1.2057097670468975	1.0107432264774432	1.000730593443453	1.6741114254261906	92.87645522869603	1.264710598171552	1.0164744975326532	1.001935477574632	1.0001425658568184
11.299999999999999	201.78660842245222	190.83357804786755	1.0880746110452841	172.2349139769708	1.2026173348290747	1.0065846917744246	145.0271674144598	1.4107868245035322	1.0189158200004098	1.0012191461201858	2.672701956831778	64.33489902492542	1.2039020526068456	1.010567225897079	1.0007185150861655	1.6678605608481116	97.66927169324319	1.2624149830853246	1.0161756567229558	1.0019004123573154	1.000139975449684
11.399999999999999	210.97419070296817	199.7129915815316	1.0865274671370366	180.6055175472466	1.1986065194276703	1.0064324846908614	153.14411496073748	1.397033241770546	1.0182058293189868	1.0011773370057804	2.6793741471986627	67.16528760103913	1.2020863677355196	1.0103945968182177	1.0007067069508018	1.6618649562621057	102.63522932589663	1.2601229727574736	1.0158838114321285	1.0018661921535004	1.0001374487865822
11.5	220.45274180622008	208.87990555102044	1.0850202786092	189.25589680211675	1.194731072483331	1.0062859876893346	161.51860095846988	1.3842550973827028	1.017543451151384	1.0011380267296865	2.6868176971761835	70.06144343856624	1.200265760215552	1.0102252223160393	1.0006951294738664	1.6561173385172858	107.77757230653965	1.2578369168093404	1.0155988383972894	1.0018328012841293	1.0001349849075956
11.6	230.2277188188119	218.33978680662258	1.0835517650054067	198.19149445366867	1.1909844342583962	1.0061449082396112	170.156895439269	1.3723487140647253	1.0169241904300916	1.00110100656818	2.695037691471645	73.02223232871569	1.198442593468229	1.0100590868641695	1.0006837807045272	1.6506101414926293	113.09956546882017	1.2555589791859814	1.0153206130851449	1.0018002245042306	1.0001325829093461
11.7	240.30462980719508	228.09815271891526	1.0821206860317714	207.4178067988606	1.1873604373069744	1.0060089718132994	179.06525975834097	1.3612244139963776	1.016344079025355	1.0010660894266425	2.7040397463807064	76.04640312436939	1.1966190202766613	1.0098961684201948	1.000672658362985	1.6453362078402092	118.60445923502665	1.25329107983798	1.015049003044578	1.0017684455600941	1.0001302417953428
11.799999999999999	250.68903327715827	238.16057099852512	1.0807258414752796	216.94038342848677	1.183853280661448	1.0058779206823638	188.24994817239278	1.3508042943556275	1.015799604176043	1.0010331072354388	2.713830492024955	79.13257512092447	1.1947969940524592	1.0097364390301997	1.0006617598702165	1.6361148250793534	124.5489653577335	1.2515811323409143	1.0148419922397283	1.0017527472554482	1.0001304696481357
11.9	261.3865380663108	248.53265951825708	1.0793660709178452	226.76482676047857	1.1804575066285008	1.005751512813874	197.71720929713905	1.3410204080287107	1.0152876480078312	1.0010019087225726	2.7244164805277316	82.27926811701084	1.1929783095275286	1.0095798675154635	1.0006510826765418	1.6354591923262911	130.17601966622732	1.2487921922196876	1.0145250880999326	1.001707215453406	1.0001257380373543
12.0	272.40280318072456	259.2200038017167	1.0780406370816937	236.89680784271465	1.1771678999158584	1.0056295180101964	207.47386103826415	1.3318098195051897	1.0148052613585814	1.0009723441569227	2.7340919153741226	85.53467867758273	1.1912121266189921	1.00943021032213	1.0006412818553956	1.6305501786366023	136.26722702608768	1.2466139704723984	1.0142778467676192	1.0016792047197647	1.0001238350929513
