T(ħω₀/kB)|N|wᵢ(ω₀)	v₁	v₂	v₃	v₄
0.0625	1.1504608864965278	3.156648932517455	16.05995062380233	122.29904184975581
0.06567228991582619	1.144903333434018	3.1421105074879545	16.03901668049727	122.17159319309941
0.06900559460461327	1.1392801289613987	3.1309634079859485	16.03107562233035	122.1417254023272
0.07250808663501017	1.133651498797903	3.1245875296277736	16.04051379521307	122.242040157919
0.0761883533877797	1.1280885185612184	3.124569468358822	16.07229799858563	122.509399685183
0.08005541811026703	1.12266950851668	3.132654196577603	16.131816789577087	122.98369083359185
0.08411876203952229	1.1174676146122045	3.1504553515367206	16.223642245596913	123.69596880988503
0.08838834764831843	1.112579454345098	3.1805217926255924	16.35659753513198	124.71890593056253
0.09287464307105929	1.1080488399957351	3.224019989584278	16.533167042744434	126.06222925424687
0.09758864776946374	1.1039320563272885	3.282960151258067	16.75995389700236	127.77610852626654
0.10254191950095475	1.1002601241968326	3.359040605728617	17.04249322698624	129.899654890377
0.10774660265587224	1.0970453934661644	3.4538517508902933	17.386391136408225	132.4719190669679
0.11321545803298834	1.0942830711417322	3.5688394676535946	17.797395123453654	135.5324185955524
0.11896189412632738	1.091954138340197	3.705240934150757	18.28138339266059	139.12113052534858
0.125	1.0900219802413305	3.863632394032499	18.842442120380376	143.25978896564234
0.13134457983165246	1.0884720443853853	4.045573971008383	19.491451558462533	148.03896772391792
0.1380111892092265	1.087244802580504	4.2499275251535025	20.22780023114701	153.4366759888636
0.14501617327002034	1.0863107574602542	4.476286317733603	21.056584133600886	159.49270971632438
0.15237670677555948	1.0856382243722162	4.723147218058234	21.979077789250155	166.21544354665585
0.16011083622053407	1.085203079748907	4.988301183497643	22.994009996112396	173.59639065818254
0.16823752407904455	1.0849904878300232	5.268968826657486	24.097320018616905	181.6086052443813
0.1767766952966368	1.0849956713695572	5.562014741554586	25.282260742253804	190.20729384763285
0.1857492861421186	1.0852188905587277	5.863753980338287	26.53673871517239	199.2987650276387
0.1951772955389275	1.0856896099512714	6.172400870272951	27.859529679009587	208.91395586911432
0.2050838390019094	1.0864161584379666	6.483831217808635	29.230069923206006	218.87551564829337
0.21549320531174432	1.0874346553454606	6.7961335658649356	30.640313892089033	229.1413958512017
0.22643091606597668	1.088784031829737	7.107464984065858	32.07995927742499	239.64074724261704
0.2379237882526549	1.090511353951647	7.416519296624435	33.540161975195936	250.3120279151839
0.2499999999999999	1.092672924090047	7.722534818671997	35.01409022585539	261.1075158328657
0.2626891596633048	1.095335772569806	8.02526153380236	36.49710740043641	271.99418474166526
0.2760223784184531	1.0985742639559128	8.324430417101288	37.98195058611498	282.89234530600316
0.2900323465400406	1.1025014533303685	8.622258833793461	39.48377000786939	293.98989026141606
0.3047534135511187	1.107216232718381	8.91839509319145	40.99053406057744	305.1200078893818
0.32022167244106803	1.1128637755282929	9.214900584017627	42.51236244208577	316.38157086834866
0.3364750481580891	1.1196120204920001	9.513705241331248	44.05658137071764	327.8271585409709
0.3535533905932737	1.1276622789269064	9.81706674889028	45.63238876721903	339.5231879791114
0.3714985722842371	1.1372543155519557	10.12752334337545	47.250527660374104	351.54754436588445
0.3903545910778549	1.1486711738315172	10.447842237205688	48.92293485826095	363.98699913880034
0.41016767800381904	1.1622266356415092	10.78008430945112	50.65280395624881	376.80638725193756
0.43098641062348875	1.1783512451078195	11.129955992947052	52.48217976869043	390.4871344473668
0.4528618321319532	1.1974267554940845	11.497944900623096	54.39582824321818	404.74326258579464
0.4758475765053096	1.2199508645518484	11.888082558515244	56.41683002352343	419.80138534182913
0.5000000000000001	1.2464493019539788	12.303495810112985	58.55847824483092	435.7584746877532
0.5253783193266097	1.2774845420493133	12.74725190185142	60.83373065867968	452.7090851378626
0.5520447568369061	1.3136448538616121	13.222330111086354	63.25512885926222	470.7447841533538
0.5800646930800811	1.3555310316837144	13.731602032137113	65.83476580597679	489.9539523616697
0.6095068271022377	1.4036816153805742	14.276018354162073	68.5651011572357	510.1620542197716
0.6404433448821363	1.458860086059295	14.86360926122545	71.51488909288543	532.2302283424937
0.6729500963161777	1.5214396709444713	15.491482693763968	74.63746780262044	555.4593859584406
0.7071067811865472	1.591996723521301	16.163839819014402	77.962587399178	580.1869169354391
0.7429971445684742	1.6710040015177763	16.882990007462592	81.50062501235625	606.4893186052101
0.7807091821557101	1.7588898074452495	17.651172837499807	85.2618550892065	634.4424834207028
0.8203353560076376	1.8560408094568939	18.470583263469237	89.25655219217131	664.1224569252787
0.8619728212469775	1.9628081262627994	19.34340006662837	93.49510497181836	695.6063088927933
0.9057236642639067	2.079346532462411	20.268008845037244	97.94833310704932	728.4316614327594
0.9516951530106194	2.206468841541826	21.258047135161217	102.74640909108926	764.3018963189361
0.9999999999999998	2.343966275016467	22.30440648348209	107.78139786962366	801.6790157141246
1.0507566386532188	2.4923071683022187	23.413280374149807	113.10487056196258	841.1916429028574
1.1040895136738125	2.6518009425110294	24.587178094663933	118.72923935540351	882.9320959554959
1.1601293861601623	2.8227744945103272	25.828748205761368	124.66758634828648	926.9976696787489
1.2190136542044752	3.0055785112697992	27.140797938098782	130.93373727724	973.4911706131891
1.2808866897642717	3.200592737725731	28.526311902264663	137.542345549382	1022.5216486035964
1.345900192632356	3.407867005051331	29.980951174659392	144.4303393027538	1073.1287335616555
1.414213562373095	3.6289389914048593	31.530617470936626	151.84974037312756	1128.6593806459814
1.4859942891369482	3.8632090538938257	33.15638376199573	159.58240193049213	1186.0184777676031
1.5614183643114197	4.111569769074702	34.86957662022287	167.7252661359364	1246.417515259479
1.640670712015276	4.374594245551981	36.67425475177383	176.29784766533044	1310.0013217225637
1.7239456424939552	4.652900354011279	38.57472454374427	185.3207849008842	1376.92299804237
1.8114473285278134	4.947152169902824	40.57555016813308	194.81588938026604	1447.344289306169
1.9033903060212396	5.2580616672253315	42.68156997264284	204.80625946067715	1521.4368163406268
2.0	5.585706239758611	44.88421562320386	215.17267859248707	1597.4086268276128
2.1015132773064384	5.932945611922215	47.229902304251766	226.3711262185593	1681.3626115908044
2.2081790273476245	6.298594922504067	49.683331489226106	237.99843766857637	1767.587958305617
2.320258772320325	6.684253691558522	52.264188991522175	250.22651829889958	1858.2662171882741
2.4380273084089503	7.09089434111876	54.97882259988043	263.0854052973627	1953.6199560815267
2.5617733795285442	7.519546709923984	57.83392130150081	276.60671882492574	2053.8834221711427
2.691800385264713	7.971300335199942	60.836532945984715	290.82375787787527	2159.30336057564
2.8284271247461907	8.447307133480125	63.99408746624438	305.77165283572185	2270.1405933171604
2.971988578273897	8.947591680923159	67.29115437300469	321.2432190727464	2383.312839888319
3.1228367286228393	9.477008085465705	70.80562355135166	338.008775013645	2509.16516292578
3.2813414240305514	10.033403595362195	74.4777821700579	355.3928479147968	2638.177191835749
3.4478912849879104	10.619269923712794	78.33744186849168	373.6527903699611	2773.5663228678604
3.622894657055627	11.236170150896603	82.39538609266087	392.8479286432192	2915.885988529001
3.8067806120424774	11.88568693211401	86.66167610903808	413.02566313120326	3065.4871812293227
4.000000000000002	12.56948667833888	91.14689150340772	434.2358312255599	3222.7389752666068
4.203026554612876	13.289324288799802	95.8621701972799	456.53097787567236	3388.0314520395573
4.416358054695249	14.045086317003342	100.78187802221956	479.57494991135195	3556.4053788573437
4.640517544640649	14.844588178770344	106.03018672327909	504.5982202681464	3744.3756697732806
4.876054616817901	15.684001836000402	111.5081666218667	530.4893411523634	3936.3106897002403
5.123546759057087	16.56743351175243	117.26667409122732	557.7029342599916	4138.043529250639
5.383600770529424	17.497143708766703	123.3199783464457	586.3061423336421	4350.070896426857
5.656854249492381	18.47550978766659	129.68307805236773	616.3695487815114	4572.915138613078
5.943977156547794	19.50503167178858	136.37173597140097	647.9673281407893	4807.1251625693385
6.2456734572456805	20.588337559959875	143.4025088328219	681.1773225825442	5053.276217002063
6.562682848061104	21.729225668348363	150.81209476535892	716.2826530125778	5314.719436533112
6.895782569975821	22.927501089380453	158.56096837835597	752.7662294965353	5583.8627304371175
7.245789314111251	24.1893182256288	166.72615293710126	791.3213883300452	5869.60013653036
7.613561224084955	25.51685531771359	175.30858418855084	831.8421698744237	6169.892491823168
8.0	26.91348830094256	184.3294902252712	874.4283824451729	6485.4774055942935
8.406053109225754	28.382765752744977	193.81117415691236	919.1848559087923	6817.129336155459
8.832716109390498	29.928417599032166	203.7770691355542	966.2217077777038	7165.6614540404735
9.281035089281303	31.554364707324915	214.25180205361227	1015.6546693804307	7531.928469810322
9.752109233635801	33.26463809687009	225.25960041990305	1067.5883203801247	7916.599787911288
10.247093518114177	35.063839181655	236.83258138862936	1122.201135937899	8321.298583501373
10.767201541058844	36.95625053223273	248.99437254433224	1179.5763685042284	8746.331347357911
11.313708498984761	38.94674633118886	261.7766169583348	1239.8717275461754	9192.962414029522
11.887954313095586	41.04035591547281	275.21084972842397	1303.2351818339414	9662.281251272077
12.491346914491357	43.24236321697806	289.33017125579704	1369.821846717435	10155.427809161418
13.12536569612221	45.55832201740911	304.16936563887845	1439.7946863534587	10673.598687661248
13.791565139951645	47.99406877426633	319.7649729198544	1513.3248278282615	11218.049598012454
14.491578628222502	50.554241281419266	336.1286736257156	1590.3272192981754	11786.742486275465
15.227122448169908	53.24976464224479	353.3807506676116	1671.782906606696	12391.097969596016
15.999999999999996	56.08292841850947	371.48350944082466	1757.0964113050543	13022.507431479586
16.81210621845151	59.06233819291615	390.50799100533663	1846.7385694340462	13685.817712710092
17.66543221878099	62.1954641930043	410.50074529966946	1940.9254075989527	14382.58603900288
18.5620701785626	65.4901528140313	431.51060570252224	2039.8830061934405	15114.434416553882
19.504218467271606	68.9546411661583	453.5887146936258	2143.846839081028	15883.033417949144
20.494187036228357	72.59757433607912	476.78859751429445	2253.061794748385	16690.097933956768
21.534403082117688	76.42671925307036	501.14542976998905	2367.670818314118	17537.864655628888
22.627416997969515	80.45547110698828	526.7795347222019	2488.2641574730733	18426.552078583878
23.775908626191175	84.6898765268906	553.6891976460918	2614.775154393578	19359.32989664042
24.982693828982715	89.14159183740686	581.9569494969552	2747.5719267155514	20337.13869781837
26.25073139224441	93.82136498049351	611.645239963459	2886.89560434415	21361.017161446405
27.58313027990328	98.74021084398163	642.814575702088	3032.938980102234	22431.09131811081
28.98315725644501	103.90910847705632	675.5176566111151	3185.7758951761743	23545.447858318727
30.454244896339816	109.33822236983785	709.7848559946891	3345.189040474226	24697.414875083283
31.999999999999993	115.07433112693728	746.314892043546	3519.116476579933	26014.525009491936
