α|N|v(ω₀)	N=1|v₁	N=2|v₁	N=2|v₂	N=3|v₁	N=3|v₂	N=3|v₃	N=4|v₁	N=4|v₂	N=4|v₃	N=4|v₄	N=5|v₁	N=5|v₂	N=5|v₃	N=5|v₄	N=5|v₅	N=6|v₁	N=6|v₂	N=6|v₃	N=6|v₄	N=6|v₅	N=6|v₆
0.1	3.010044520738218	2.009109381706774	12.908322696784309	1.6842520996830888	6.263203379188786	45.29156789996023	1.5208052866452824	4.335303192449379	18.45836273951619	135.44020126617832	1.4216997124846158	3.4348572738692114	11.29572990537901	49.20028238508359	361.6722066547354	1.3550199713531126	2.917523086920993	8.155750107041303	27.636617570998112	120.87102305914306	889.0894319532622
0.19999999999999965	3.020274230593791	2.0184008182724926	12.888515990452301	1.6918097476992702	6.260083391605534	45.20975649245842	1.5269908401625683	4.336437481684252	18.430915894788757	135.2091414907511	1.426843700535133	3.4376223893633764	11.282324573043311	49.1225605039168	361.0820102511444	1.359343259275496	2.9208303035137675	8.147470567990634	27.591696622750867	120.65505760304548	887.4149233805459
0.3000000000000006	3.030695458958714	2.0278813519606174	12.868801871134227	1.699516157389748	6.257046980302016	45.12805081965409	1.5332890085883293	4.337677037542456	18.403604427633514	134.97966944834943	1.4320761099827597	3.44054260952388	11.269244662333898	49.046615791872796	360.5076812939969	1.3637591595466616	2.924477960084034	8.14035309392659	27.552181620943017	120.46968410918552	886.0193696128161
0.40000000000000024	3.041314920046717	2.0375577439322115	12.849186539377245	1.7073761238549632	6.254092804411145	45.04638957622577	1.5397012123982041	4.339005918415081	18.37628452907641	134.75018406789508	1.4373924816587382	3.4435712897227977	11.256215650849786	48.97086393584485	359.93524755200303	1.368241276164831	2.9282799246183	8.133479206098132	27.51368511019496	120.29030877904779	884.6818196704378
0.4999999999999999	3.0521397123027163	2.0474371892282566	12.829678486551371	1.7153951299782075	6.251224772034579	44.964778222922824	1.5462308743218094	4.340425015121473	18.34893725768001	134.52047130751927	1.4427940866731381	3.4467045584059885	11.24319641138576	48.89506630377051	359.3627450227195	1.372788021104989	2.9322190646028776	8.126742515802995	27.475691887622265	120.11411608600413	883.3757996014334
0.5999999999999995	3.063177306856979	2.057527269793982	12.810287033415081	1.7235789977240306	6.248447692705471	44.88323128764355	1.5528818170457415	4.341937448615837	18.32155881868403	134.29048179129296	1.4482830563713023	3.4499445791428665	11.230177988134132	48.8191662513041	358.7896462039315	1.3773964134928016	2.9362743232676096	8.120036424794236	27.43769468240481	119.93806838625498	882.075788727768
0.7000000000000005	3.074435568507725	2.0678360282074797	12.791023373875706	1.7319341755520694	6.2457702828001125	44.801812249589574	1.5596595101552895	4.343558874608472	18.294238711006162	134.0612092939613	1.453866257811525	3.453326028613826	11.217330070482937	48.74415519815925	358.22490425752113	1.3820695003390011	2.9404577700145467	8.113378792726117	27.39972153598354	119.76213761301352	880.7746598703905
0.8000000000000002	3.085922781571818	2.07837171092898	12.771894762417574	1.7404662306408114	6.243188073496492	44.72040647010751	1.5665640044223057	4.345258020264226	18.266709491939984	133.82964647487643	1.4595327805286815	3.4567600200880806	11.204137650611711	48.667009340574104	357.64134349520106	1.3868078411821625	2.944770115763482	8.106757766345133	27.361723238799417	119.58611084578784	879.472751608976
0.8999999999999998	3.097647678510849	2.0891433624666913	12.752916225028672	1.7491829055097556	6.240717383645164	44.63917167935742	1.5736040337479154	4.347075071878157	18.239243031438754	133.5988320275934	1.4652986406968684	3.460343799171408	11.191113088458929	48.5907174472916	357.0657056206621	1.3916127608522144	2.949216011204154	8.100172598404408	27.323685739665606	119.40991019460655	878.1695788182215
0.9999999999999994	3.109619471078543	2.1001740274077023	12.734377717001866	1.758091106285149	6.238361376610973	44.55808741541968	1.5807829111559144	4.349003076865481	18.211752304118694	133.36777853353283	1.4711621730641875	3.464051754205837	11.178088958364325	48.51429726017912	356.48923999717795	1.396485672084751	2.9538008128035447	8.093624554008478	27.285602903251753	119.23347842315366	876.8641840357833
1.1000000000000005	3.121847884190627	2.1114447950304376	12.715706521705355	1.7671984467577913	6.2361270698001885	44.477180391368954	1.588105604852349	4.351047306233677	18.18424084247773	133.13651458643113	1.4771262392558449	3.467889178125196	11.165066684337692	48.43774869338555	355.91192143655394	1.4014283320043859	2.9585322310832916	8.08712603515752	27.247531335198495	119.0572201205435	875.5614962019081
1.2000000000000002	3.134343192656251	2.12298142359377	12.697229148222654	1.776512973913221	6.234021974441252	44.39647960622545	1.5955773319783553	4.353213328855655	18.156712155551745	132.90506642741877	1.4831938273919612	3.4718618106268133	11.152048630692969	48.36107825700649	355.3338006350701	1.406441984571332	2.9634148900596378	8.080670827088007	27.209419117111974	118.88074392609201	874.256721277953
1.2999999999999998	3.1471162612116843	2.134794912398066	12.678959626857175	1.7860432382432643	6.232054600336753	44.316024084554016	1.6032035848769537	4.355507124485461	18.129170544837123	132.6734692601053	1.4894037744566124	3.476224592842298	11.140694874139983	48.29757218836646	354.93459066973935	1.4115283555769598	2.968456706142062	8.074268689597275	27.171304539067176	118.70431016544164	872.9528919512276
1.3999999999999995	3.1601785879547175	2.146887315623345	12.660722906832872	1.7957982611988872	6.23023355300512	44.23584510989393	1.6109905538272544	4.357938204045848	18.101644492815282	132.44202831771565	1.4956904094830188	3.4804992080345802	11.127769161122256	48.22118924577346	354.3604338425406	1.4166889295057006	2.97366438793087	8.067920905199179	27.133176249275685	118.52781484586433	871.6485965424934
1.5000000000000002	3.1735423517475385	2.159299838105813	12.643107791846642	1.805787368223643	6.228565832848897	44.15595112399501	1.6189430826325086	4.360503857776323	18.074067007230983	132.2099758774584	1.5020875824946656	3.4849116581385435	11.11476271606702	48.14415790396918	353.7806620306194	1.4219319158760546	2.9790821955039783	8.06180783314495	27.09588458043671	118.35606363548082	870.3880120210505
1.5999999999999999	3.187220463813704	2.172016777318718	12.625561033762075	1.8160209451305043	6.2270640777960296	44.07641855420398	1.6270688207720512	4.363220796839427	18.046515369300895	131.97816255007422	1.5086027902568764	3.4894943889720706	11.101817646228547	48.06730400959532	353.20270957363755	1.427239258135903	2.9846097605742283	8.05541203274452	27.056928071298643	118.17487515030031	869.0404669916888
1.6999999999999995	3.2012266241102387	2.1850616852701314	12.608293332507621	1.8265096539739907	6.225738060997632	43.997279264159154	1.6353741131796697	4.366093580455181	18.018971440903286	131.74636645614237	1.5152383202639224	3.4942469984289817	11.088892110154568	47.99037293056824	352.6242828935481	1.4326322857268468	2.9903646519234837	8.049262310094704	27.01882749719478	117.99850811540587	867.7370854072444
1.8000000000000005	3.2155753828462066	2.198449376280771	12.591326467744102	1.8372649153674034	6.224599264794968	43.918581003798224	1.6438660916415673	4.36913047407719	17.991441664500428	131.51464041104919	1.5219978987544254	3.4991777309984773	11.075989279432756	47.91337142882438	352.04540618767527	1.4381061747627597	2.9963205777369586	8.04319323815261	26.980770922853257	117.8223672849858	866.4357374588024
1.9000000000000001	3.2302822078225817	2.2121956050749416	12.574684012808687	1.848298875671628	6.223660054195879	43.84037579802058	1.6525522836741584	4.372340305783254	17.96393288562797	131.2830397805477	1.5288854203268019	3.5042955860277356	11.063113851699038	47.836316681337856	351.46622574399527	1.443662543424396	3.002487407792772	8.037210362868874	26.94276219113747	117.64643698171719	865.1359007017544
1.9999999999999998	3.2453635580731515	2.22631714100243	12.55839147772153	1.8596244657922794	6.222933754889507	43.7627203226722	1.6614406441687182	4.375732547710504	17.936452675062586	131.05162655603993	1.53590491312811	3.5096101187668207	11.05027048620475	47.75922432340282	350.8868629951445	1.449303090703622	3.0088761928885575	8.031322504974868	26.90482226931497	117.47082400286547	863.8385111042533
2.0999999999999996	3.260836964641348	2.2408254950208106	12.542355712907465	1.8712556062725598	6.222436089666233	43.685694435683175	1.6705402738035007	4.379322100417024	17.909045340938725	130.82087402060242	1.5430628381135525	3.515144213274763	11.037534307774134	47.68252507149185	350.3111979304509	1.4550294812604443	3.0154985951787046	8.025538229495996	26.86696770403485	117.29559553857119	862.5439985057767
2.2000000000000006	3.2767211191294026	2.2557587816386353	12.526968893188648	1.883206577689306	6.222178561042102	43.6093116479914	1.6798580010432764	4.383105646540764	17.88161165252873	130.58963886753997	1.5503566507586353	3.520870813507438	11.024700234136489	47.60499442045254	349.72809685253196	1.46084340230808	3.022367321431247	8.019867992017922	26.829223536017903	117.12087590753205	861.253432929085
2.3000000000000003	3.2930359709827046	2.2711182724993852	12.511901129737986	1.8954935000653608	6.222181991779242	43.53369978208155	1.6894053177440975	4.387109132057805	17.854269532363354	130.35921761319503	1.557797686371276	3.526839672543465	11.011984692697572	47.52789643073639	349.1490010280332	1.4667464510248815	3.0294956794354837	8.014321522561497	26.79160833004915	116.94673841598961	859.9672384947538
2.4	3.3098028344060717	2.286932049157233	12.497308298269356	1.9081330180506115	6.2224632184801445	43.45892157253667	1.6991915186745823	4.391340446249126	17.82699368715603	130.12929402292008	1.5653882775634402	3.5330507403254847	10.999323904971957	47.4508391306956	348.5703201741892	1.472740212730813	3.0368981016303644	8.008909973887805	26.75414474966567	116.77327489170789	858.685988005201
2.4999999999999996	3.327044506025696	2.3032233495785	12.48322850089599	1.9211430964995286	6.2230419426043255	43.38506543275191	1.7092271897585198	4.395813186269688	17.799795720605545	129.89996332385627	1.5731331908166684	3.539517568175116	10.986724720678707	47.373846790311426	347.9922401711548	1.4788262548951014	3.0445903298432997	8.003646973775126	26.716867596347562	116.6006637377114	857.4112888034051
2.6000000000000005	3.344785394487035	2.3200170533811195	12.469703114797186	1.9345429856246832	6.2239395421667485	43.312228309867706	1.7195235650444414	4.400542032012901	17.772688419395614	129.67133133131478	1.5810373439447052	3.546254775675723	10.974194785206482	47.29694765796476	347.41498309179275	1.4850060033387167	3.052588917561062	7.998544982211112	26.679799913271218	116.4289824612427	856.1434066288207
2.7	3.3630516633367282	2.337339825880822	12.456777114554143	1.9483533367857517	6.225179238285596	43.24051657860171	1.73009257396448	4.405542842133451	17.745685755387903	129.4435135351269	1.589105788283466	3.553278075732681	10.961742093533609	47.22017030195018	346.83876071032154	1.4912808461088765	3.0609120264746164	7.993619581824748	26.642979939423387	116.25841766523374	854.88392888102
2.8	3.3818713886914358	2.3552154632000173	12.444412018863245	1.9625964727664873	6.226787521852766	43.17006376447734	1.74094761622586	4.410837148841578	17.718836431480966	129.21701273355978	1.5973461640865008	3.560616246731378	10.94944103964692	47.143936581949504	346.2673761531723	1.4976520333245613	3.0695791296951103	7.988886967773301	26.606444018032622	116.0891248743986	853.6339298448509
2.900000000000001	3.4012747333808546	2.3736891354369094	12.432923352564234	1.9772958235151759	6.228788200157253	43.10094857127241	1.752100006237709	4.416430415265843	17.69205717077865	128.9908415389912	1.6057564349845386	3.5682522855221883	10.937104828998722	47.06711655371832	345.69046817369696	1.5041206354791241	3.0786111271365604	7.984364206300376	26.570229156320746	115.92125702479112	852.3943977994606
3.0000000000000004	3.421294139413968	2.3927794436936503	12.42210696991157	1.992477497282752	6.231214962722214	43.03336250347235	1.763566257611611	4.4223559248316935	17.665466530151548	128.76627981344194	1.614349376728305	3.576241437709453	10.924940523264578	46.99091659858448	345.11898299756854	1.5106977979273424	3.088072935454222	7.9802735643187	26.535364583520767	115.76063386705275	851.2191720868459
3.1	3.441964540875112	2.4125267695889656	12.412113675912638	2.0081690433284813	6.234099321837267	42.96744511303773	1.7753609256396268	4.428631202953021	17.639051467615726	128.54312072344536	1.6231280500306022	3.584593433006339	10.912893983984192	46.914990702232025	344.5496979413286	1.517353672906433	3.097863279498097	7.976031003299138	26.498965893377108	115.59073944136655	849.9542317848596
3.1999999999999997	3.463323599525857	2.4329694426623485	12.403012717308725	2.024400353608968	6.237477075578437	42.90336885744602	1.7875002908775257	4.4352800756959185	17.612834399542127	128.32155066396632	1.6320980346128584	3.5933316438517773	10.900977751674015	46.83938723341016	343.982984329169	1.5241192894730125	3.108134961292362	7.972266072298009	26.464026995963096	115.42857882663961	848.7572542476055
3.3000000000000007	3.4854119656694245	2.4541488153347935	12.39487983184546	2.0412037387661144	6.241387411028073	42.84132440308342	1.800001406044675	4.442326656116775	17.586822457960636	128.10148170346966	1.6412649500976269	3.6024814974791726	10.88920566433454	46.764160096251324	343.41925412683185	1.5309845082086406	3.1188747304697477	7.968801328751576	26.42962419768311	115.26879512311648	847.5777855706827
3.4000000000000004	3.5082735670740437	2.476109549479907	12.387797918958913	2.058614170311123	6.245873284541049	42.78152285775798	1.8128833239957967	4.449802507439415	17.561074121995357	127.8836726886818	1.650634405720338	3.612070641775101	10.877592666891095	46.689367299157965	342.8589454611681	1.5379491646973675	3.130114489876239	7.965666771525013	26.395834588625508	115.11174537364323	846.4186371168149
3.5	3.531955929016209	2.498895993632505	12.38178961055874	2.0766696871761847	6.2509829164441575	42.724212787004525	1.82616631898315	4.457740969417461	17.53563519169273	127.66846493023849	1.660214499240435	3.6221395667581535	10.866212915916789	46.61541765763698	342.30570455965403	1.5450125447245326	3.1418885431489922	7.962893378317513	26.362733034734077	114.95775273197461	845.2821080872272
3.5999999999999996	3.5565105287281424	2.5225722440483827	12.377159240373215	2.0954110132446138	6.256764925976466	42.669610500824064	1.8398693116579232	4.466164463630583	17.510451722192688	127.45515289235632	1.6700030747460424	3.6326902988130194	10.854912152255983	46.54135489953097	341.75065737836115	1.5521734245744958	3.1542343754488535	7.960515793614076	26.330405440794042	114.80719448101424	844.1709562390333
3.7000000000000006	3.5819931878452786	2.5471831139241563	12.373811601874696	2.114883260487772	6.2632795633097205	42.61804844957163	1.854017057142436	4.475121499299696	17.48564827274977	127.2450291109876	1.6800129891422322	3.643789784616022	10.843882939929797	46.468287633616725	341.2038328490307	1.5594300092241689	3.1671930819026577	7.9585731676508775	26.298952300274884	114.66052341524704	843.0886364984314
3.8000000000000003	3.6084645065879752	2.5727939812610656	12.37193524281066	2.1351349372359936	6.270588630139825	42.56983380442802	1.8686329376890116	4.48464896616575	17.461237008265577	127.0381087025053	1.6902466860119998	3.6554672107730735	10.833090156166747	46.39596351165395	340.6627837511319	1.566779718465672	3.180809364838181	7.95710774064691	26.26847998890563	114.51820478874914	842.0385356681514
3.9	3.6359903434842247	2.599471551772511	12.371662568712871	2.156219050560845	6.278761512567311	42.52532525076046	1.8837427329273604	4.494791590435416	17.43726395081388	126.83477403619844	1.7007087423156313	3.667765884721266	10.822558428284955	46.324481874673886	340.1282585871903	1.5752884734826829	3.198915809664957	7.976859450886673	26.360943014374534	115.21884892056832	849.095115218657
3.9999999999999996	3.664642344759897	2.627288320658735	12.373139412159649	2.178193437431671	6.287874888522194	42.48492330909167	1.899374006617074	4.505598592306748	17.413780397549335	126.63545032542429	1.711403204989205	3.6807334158933447	10.812315269780338	46.25395475063495	339.60110754106273	1.5817439168760286	3.2102155280749574	7.955803128561739	26.210978704824083	114.24882851361396	840.0511770484206
4.1	3.6944985270242894	2.6563231432550953	12.376526533682519	2.201121286932086	6.298013604914966	42.44907587444897	1.9155562309436123	4.517124222294772	17.390843743731466	126.44061342580737	1.722333417232019	3.694422188828508	10.802391291640319	46.18450749840724	339.0822833925844	1.589348422169302	3.2261179836775113	7.956074353795979	26.184236027598722	114.12302785254316	839.1231458574448
4.199999999999999	3.725643916740256	2.6866584477243123	12.381945109414353	2.2250718576214465	6.309272592902898	42.41829723107457	1.9323216771826526	4.529431654672948	17.368543617377775	126.25108018994274	1.7335045187460103	3.708898876956369	10.792870892281524	46.116581194823496	338.57560812232293	1.59702576904443	3.242904389292307	7.95704563982328	26.15905433498642	114.00413348886217	838.2461480880274
4.299999999999999	3.7581716768218127	2.7183979744879703	12.389759475376295	2.2501204483960766	6.321753324100455	42.39311164230737	1.949701712337304	4.542577105390188	17.346875779312104	126.06658970148307	1.744909708072146	3.724200400379499	10.78364192368295	46.04943206196008	338.07399296425183	1.6047675085762874	3.2606459404388977	7.958789452929586	26.135626550455008	113.89299402405693	837.4264405355351
4.4	3.7921821114408276	2.751633396183195	12.400017368385829	2.276350472742954	6.3355743624616325	42.37418879587918	1.9677345914716255	4.556643695082936	17.325997450975585	125.8886662667408	1.756556944740575	3.740423996946684	10.774898133254819	45.98414092626411	337.5870762319935	1.612563367126991	3.279420898936607	7.961386324923832	26.114168709977438	113.7905606315124	836.671052506703
4.5	3.827786189232084	2.786479229874714	12.413013957554409	2.303852902737992	6.350863455494309	42.36222596928959	1.9864579112352316	4.571709159427581	17.305974281123248	125.71777470130135	1.7684416110836865	3.7576386540950453	10.766638056139962	45.92060896098589	337.1136192121925	1.6204120609256878	3.2993458176326635	7.965074160171478	26.095654109289473	113.70207613249529	836.0267759558152
4.6	3.8651045734103	2.823056626021891	12.429013384145687	2.3327278264744398	6.367763741321847	42.35802227009355	2.0059125576451073	4.587863346753399	17.28690896314088	125.55475919153	1.7805595970062622	3.7759306679656257	10.758916770613158	45.85906460692374	336.6553430450153	1.6282656940479048	3.320424483883086	7.969509250197072	26.07816434678297	113.61620395325967	835.3854996760195
4.699999999999999	3.90426902647464	2.8614976747985494	12.448307576800582	2.363085280403671	6.386434549082832	42.36247802467278	2.02614203539319	4.60520593244382	17.268917443837033	125.40057074082975	1.7929041268986257	3.7953957092628285	10.751796891472651	45.79976822420597	336.2142106151951	1.6361400448928174	3.34285271320056	7.975248302743736	26.06420122909421	113.54684226998536	834.8742095115625
4.800000000000001	3.9454233796325133	2.9019463357740722	12.471219070392115	2.395046305723551	6.4070533097237705	42.37660846579997	2.0471925399335014	4.623847546084057	17.25213077877492	125.25628163091376	1.8054651961588193	3.8161398876143267	10.745349656452586	45.743015699149176	335.7924466201105	1.6440035510134352	3.366715383189508	7.982268794233436	26.053381569050696	113.4913353848947	834.4651326329379
4.9	3.9887245222065504	2.9445562892553827	12.49805542350512	2.428744233504842	6.42981848358821	42.401570634713956	2.069113872067713	4.643913983038551	17.23672017277552	125.12335699382301	1.8182319883963813	3.838288769407259	10.739700880381868	45.68941284992141	335.39505340109235	1.6518322890167654	3.3921395716757514	7.990711649663445	26.04609971603536	113.45141672828842	834.1710845363004
5.0	4.034343388148541	2.9895073477126486	12.529355054709388	2.46432520002777	6.454947652580584	42.438623074368984	2.0919550951605026	4.665532739062476	17.222785476462885	125.00240350896772	1.8310587352189254	3.8616304897001017	10.732644369268172	45.620799818648734	334.78296294038756	1.6595984278453872	3.4192650728723235	8.000733952462658	26.042796850945148	113.42901392688572	834.0061776196313
5.1	4.0824659542990975	3.0369753938766455	12.565404803498792	2.501950857360171	6.482688303144063	42.48926002130883	2.1157731558648663	4.688864011966091	17.210585732102135	124.89572990042126	1.8441621557340209	3.886972577302861	10.728756439461154	45.57390365690527	334.4359349982699	1.6672698865664035	3.4482457101834125	8.01251193712718	26.043973973265757	113.42632935169443	833.9867195586197
5.2	4.1332938267182335	3.0871641194407955	12.606728453806303	2.5417982930299443	6.513312022503505	42.55511731661115	2.1406240838909456	4.714072616819404	17.20031457859014	124.80483193184354	1.857395189153105	3.9141476583923573	10.725946799844738	45.53123280590117	334.1208942934147	1.6748098733746797	3.4792502881992826	8.026242083131336	26.050192067570947	113.44581535105402	834.1307017523164
5.3	4.18704513912102	3.1402901706998705	12.65384670306211	2.584062089092188	6.547121298916648	42.63805272618586	2.166567118205762	4.74134428129327	17.192217569254364	124.73168798700596	1.870720122801844	3.9433332151538627	10.724357241971989	45.49337131826889	333.8422022314167	1.6821765395223887	3.512463710500935	8.042143767195705	26.06208332603804	113.49024251880374	834.4585474637964
5.3999999999999995	4.243954485167962	3.1965866091643518	12.70732796978409	2.6289554893718554	6.584451281371641	42.74015860371142	2.1936635291417814	4.77088416656005	17.186573173690665	124.67853336985573	1.884090824256492	3.9747250899467472	10.72415131924533	45.46099093665694	333.60486964322484	1.6893226687002008	3.5480878579118222	8.060461173002265	26.080356433515426	113.56271220483468	834.9930766685865
5.5	4.304274244042054	3.2563029139969775	12.76778988609718	2.676711599181691	6.625672233675125	42.863787046313355	2.221976201845888	4.802918248442112	17.18369693097454	124.64789121134088	1.8974516854426273	4.008538677438288	10.725517658925897	45.434863699428185	333.41464745219594	1.6961954685604166	3.5863422372373877	8.081465220834286	26.105803735175556	113.66669221472897	835.7598153635184
5.6	4.368272060396737	3.319701552370402	12.83585533413637	2.7275845419245437	6.671192467985465	43.01158623592286	2.251570207645211	4.837697248486231	17.183967209712783	124.64283962730018	1.9107404411083313	4.04501689282976	10.728714071477663	45.416121550071196	333.280379469356	1.702736583175359	3.6274643873976014	8.105455663261694	26.13930906049005	113.80605115808308	836.7872565401318
5.699999999999999	4.436230839290969	3.3870715508631806	12.912372998664786	2.7818493135753672	6.721455947996336	43.186469143267615	2.2825066014331683	4.875483533325969	17.18772220441279	124.66586445345588	1.9240258921326425	4.084702156242012	10.735987119207733	45.42274056064061	333.43753958634164	1.7088822364539953	3.6717096279412336	8.132761967963523	26.181850889365414	113.98506734930773	838.106863843922
5.799999999999999	4.5084463141443205	3.4586971696584623	12.997970775265204	2.839803592160659	6.776951040752548	43.391745825932254	2.3148527958449323	4.916579226630343	17.19547921129448	124.7212491172611	1.936922102680358	4.127277804377869	10.743498078816035	45.42120279419486	333.4320519993582	1.7145637626683878	3.719350331030598	8.163744317512997	26.234508084451807	114.20846155767869	839.7534070385971
5.9	4.5852238822343026	3.534884424640456	13.093493502356003	2.9017656385359563	6.8382021518610046	43.631029004172696	2.348670663397804	4.961297964861619	17.207723800768235	124.8127440239944	1.9494749509566527	4.173343788445804	10.753661577394116	45.43029741091036	333.5061900011155	1.7197084490646115	3.770674269804198	8.19879303003381	26.298458514609948	114.48137990800997	841.7647028448326
6.0	4.666874272422107	3.615942423968853	13.199772560803561	2.968073765311944	6.905771795855392	43.908298331764726	2.3840213301113646	5.009977453121366	17.225020678817554	124.94476846005865	1.9615716915550585	4.223216478131107	10.766848592383434	45.451515292619504	333.670985775378	1.7242546233214735	3.8260039571092115	8.238438116037475	26.375563975988566	114.81278020779654	844.2134729726534
6.1	4.753707975880112	3.7021811773174043	13.317658136057975	3.0390837477463704	6.980255948985503	44.22788728424164	2.420963450612183	5.062974219555992	17.24799481118634	125.12219064440401	1.9730893204905218	4.27722747127978	10.783476283894972	45.4865276089196	333.9387878999693	1.7280847444142398	3.8855837744173765	8.282793118758358	26.46544215537999	115.19854482126297	847.0490916649385
6.199999999999999	4.846028474369187	3.7939053005270056	13.448003556106675	3.1151651055474656	7.062277904310723	44.594466831762126	2.459552863413338	5.120659806672199	17.277332458458247	125.3503312297858	1.9838968148685951	4.335719147306518	10.804008955367225	45.53718946960703	334.3232859856909	1.7311650011694537	3.9497932939563225	8.332655357784597	26.571290113414367	115.65509408589654	850.4126859228958
6.299999999999999	4.94412444315188	3.8914066788392274	13.591646155874063	3.19669592221865	7.152479541907407	45.01301126412215	2.4998427362085023	5.183415581628876	17.31378070746073	125.6349552305512	1.9938584040791247	4.399038692495816	10.828956653205813	45.605534324649526	334.8394642618982	1.7334107142264599	4.018922995234697	8.388393608596374	26.694029115411553	116.18563624577791	854.3210408675412
6.4	5.0482612762399555	3.9949534263582245	13.749341414800904	3.2840563264082556	7.251510750430166	45.48875536666968	2.541886259387775	5.251629075261515	17.358167828297045	125.98249080257045	2.0028435203901394	4.467537232908138	10.858909331531326	45.69399466825479	335.50562718777127	1.7347580992408058	4.093276321372458	8.450491855736217	26.83519922167603	116.79690621545512	858.8237498107771
6.5	5.158672456697415	4.104796126765038	13.92195778995486	3.377619111213815	7.360010995538632	46.02705460083959	2.5857289891994184	5.325671381197179	17.41128364274929	126.39877448220378	2.010704459927378	4.541528879101707	10.89433958522439	45.80420126410141	336.3325513272127	1.7351536636292457	4.173139870369733	8.51942686215438	26.996338983762843	117.49562494988925	863.9702018522694
6.6000000000000005	5.275551438519963	4.221130291932558	14.110014469194619	3.4777423094771787	7.4786017394297755	46.633406722801844	2.631430440631408	5.405918013321166	17.474102775163043	126.89142905781425	2.017337857908189	4.621346165622642	10.935972076489527	45.93929081537782	337.3444816735976	1.734557339966896	4.258775298772641	8.59565582429145	27.17895078652402	118.28836017596898	869.8087121145487
6.7	5.399044777918068	4.3441184639444606	14.314096014482804	3.584756351117454	7.607859875969316	47.313204879537416	2.679049370258205	5.492710358085175	17.547546491819695	127.46736901719767	2.022635589268022	4.707265797544287	10.984389368334755	46.10150634950987	338.55745925924367	1.7329451265852764	4.3504113757629135	8.679602425980754	27.38445712618508	119.18132582892608	876.3849285706989
6.8	5.529247215774161	4.473869907723775	14.53461384252152	3.698954094028991	7.748303731297303	48.071658138963656	2.7286585017739062	5.586361862621446	17.63258874888384	128.1339494617054	2.026518425672739	4.799532143119949	11.040205009035722	46.29330747476796	339.98949894992035	1.730311115552658	4.448237117721196	8.771643906484643	27.614162347309968	120.18022828815054	883.7408663352174
6.8999999999999995	5.6661992548667435	4.610440136592002	14.771835730909979	3.8205798122175585	7.900374543027963	48.91362742751735	2.780349229585074	5.6871476993538925	17.73022484868136	128.8986630372915	2.0289354785036693	4.89834327186807	11.104006857221385	46.51706590755988	341.65795018149146	1.726668409645872	4.552396286767983	8.87209824795263	27.86920876494886	121.29005755591216	891.9131585057088
6.999999999999999	5.809887512351127	4.753830113192861	15.025878415896235	3.9498195209587905	8.064420842163022	49.84347227382184	2.8342393045941203	5.795299348504134	17.84146504060267	129.7690969934336	2.0298676005080827	5.0038455582285	11.176338044393571	46.77499420428705	343.57897966072403	1.722049069102395	4.662984164738275	8.98121483571741	28.1505462790744	122.51496293639092	900.9322518911092
7.1	5.960247796242141	4.903988170239508	15.29670782258675	4.086793278748816	8.240686137496859	50.864906855796676	2.8904814254006155	5.91100175114904	17.967331663007695	130.75291882038098	2.029328788744022	5.116130873192274	11.257679173567627	47.06907800731501	345.7670735054152	1.7165029053983738	4.780046684697624	9.099168303753386	28.45891063916195	123.85816536876521	910.8218564375924
7.199999999999999	6.1171705627862965	5.060811375737536	15.584098289559243	4.231550572719149	8.429302089760466	51.98089344973846	2.9492783787915196	6.0343988835238	18.108908220347832	131.8584708222511	2.0273742362219	5.2352431362498315	11.348471954383426	47.40126587883216	348.23681580268345	1.7100951444027253	4.903581810096597	9.22605524321581	28.79480544313367	125.32186080494509	921.5980215855878
7.300000000000001	6.280508122935819	5.224167398542036	15.887889622090492	4.384066953100106	8.630279621933003	53.19346254683536	3.01086394233159	6.1655696413102845	18.267115184259545	133.09201154206792	2.0240533710467226	5.361148136869283	11.448915844332367	47.77219240385895	350.99162743959715	1.7029034666444627	5.033543296901098	9.361896001957764	29.158504485958108	126.90724266848005	933.2694577545539
7.4	6.45008287833261	5.393871626387166	16.207521048417348	4.544249371043565	8.843522821932964	54.50382958963129	3.075571581853118	6.304588430859605	18.443193668405744	134.46352667503476	2.019493634679908	5.493804146531122	11.559347588399225	48.18362309065087	354.0455004589824	1.6950145240337273	5.169846088021759	9.506639499902741	29.550060909965705	128.61453771340697	945.8377549597926
7.5	6.625695834104542	5.569726449599931	16.542538999987517	4.711938124362654	9.068824279598338	55.91220854475254	3.143787828500968	6.451479150701263	18.638265290195857	135.98126308275766	2.013806551906963	5.633102808749735	11.679855174008841	48.63597896417164	357.4010465903883	1.6865377323093433	5.312391257994784	9.660260869169017	29.96991187637479	130.4465619277361	959.3305864740698
7.6	6.807134743870284	5.751514370945277	16.892377838021783	4.8869169527885	9.305882287856475	57.41792675016883	3.2159940764840136	6.606253041032134	18.853602390358404	137.65484842926426	2.007125729294594	5.778909529101751	11.81047448479372	49.129582858240745	361.06054068763797	1.6775147196071205	5.460980944603824	9.822320905579154	30.41597161382222	132.39144599155892	973.6394162978908
7.699999999999999	6.994181406016282	5.939008960732281	17.256431092589153	5.0689242823953915	9.554317647542032	59.019532831090615	3.292775407443957	6.768915392816886	19.090630338487287	139.49509344985265	1.9999335555617734	5.9313230017005685	11.9529646406604	49.683171991966816	365.29136117230905	1.6680905458176563	5.615509686742034	9.992877297951631	30.88952629617626	134.45753321322587	988.8465961743926
7.799999999999999	7.186617817696909	6.131981730882751	17.634072088934506	5.257661537780462	9.813677380823966	60.71467716733127	3.3748378682823024	6.939478995421638	19.350990595807097	141.5144622508782	1.9913475631472288	6.0893913894242795	12.101787622921922	50.24026290219486	369.28902846660344	1.6583369970560686	5.775786733166177	10.171595129698902	31.3894018145809	136.6387625026186	1004.9004193556664
7.9	7.384231066886988	6.330207785682115	18.024671632320256	5.452810486960919	10.083470187166135	62.500535737267654	3.463029211883061	7.117978734272644	19.636620522886332	143.72766026933408	1.98253196497556	6.253701932852099	12.262182006066437	50.85653701335988	373.8519805928022	1.6483377812692386	5.941633914289975	10.358207063921196	31.9149239308166	138.93216393841047	1021.7789138040365
8.0	7.586816981029188	6.533466908561866	18.427553816859472	5.65404092596635	10.363169145219313	64.3736938556037	3.5583769860406855	7.304494868378223	19.949915456165492	146.15293158063983	1.9732123043848406	6.423755794587668	12.431775713492424	51.50873219390037	378.6438032309112	1.6381698337371995	6.112872072070674	10.552432573497166	32.46536034554336	141.3345100931136	1039.4582041829792
8.1	7.7941826451134615	6.741563109457285	18.842299623800862	5.861024919944938	10.652241914351691	66.33055046022211	3.6620525063137244	7.499133247430207	20.293544769593428	148.81012975109843	1.9637082260256782	6.599505777124491	12.611318649596729	52.20740836090582	383.8489493576249	1.6279025888560958	6.289324945894129	10.753985969394156	33.03994668327049	143.84243388428257	1057.9133964124503
8.2	8.006147954640996	6.954293875940716	19.268169452761807	6.073442162558243	10.950151910634554	68.36718807916012	3.7755358762245814	7.702118913051873	20.67122468783048	151.72748061820818	1.9539356113913147	6.780618832806994	12.799508337694375	52.94015506914376	389.2692708880545	1.6159941110984812	6.468650284767579	10.951381996978599	33.53028768302897	145.54334701040713	1064.1216114515987
8.299999999999999	8.222546387974957	7.171484129437419	19.704693477085247	6.290987125168697	11.256372083146672	70.4795590013151	3.900520346621726	7.913743207217831	21.0872876046024	154.93723329647406	1.9440603040714008	6.966961857318047	12.996378985040822	53.709727871469084	394.9606163003446	1.6073088387478103	6.657200704136412	11.177944009093862	34.25846380324429	149.16134016222819	1097.0506370876342
8.399999999999999	8.443225178139675	7.392970249853022	20.15138180423107	6.5133748088449295	11.570397416972023	72.66363468702471	4.039009372272761	8.134424133521518	21.547209231358725	158.4799849312242	1.9341706240279188	7.158362124511855	13.201619995422424	54.515029312880635	400.91488618346386	1.5970825336893797	6.848307463899348	11.399801494891548	34.900864774148964	151.9655841993678	1117.682979385682
8.499999999999998	8.668045045560484	7.618603240461932	20.60778401481894	6.740343123523343	11.891749089371032	74.91542212213025	4.1933179495460475	8.3647219914992	22.057779700498845	162.40565096828092	1.9243431420398718	7.354656823867771	13.41492067101349	55.35494616275327	407.12387450205944	1.5869581046546055	7.04399877709572	11.627898851141202	35.56437883183468	154.86203729711832	1138.9927265671129
8.6	8.896879627973902	7.848248224175092	21.073488824212898	6.971657775983074	12.219993194157988	77.23131644561083	4.366046256797228	8.605357318220696	22.627307537309886	166.77469664168822	1.9146433160383824	7.555693705610133	13.635975365437831	56.22836936854152	413.5794077128645	1.5769685442902341	7.244141363046554	11.861994099262981	36.24831062846787	157.8476496991101	1160.9575745039456
8.7	9.129614716987877	8.081783681547332	21.548122781077566	7.207103634580783	12.554708027234387	79.6075013734972	4.559973077099265	8.85721326673033	23.26569998791469	171.658347810537	1.9051263593398664	7.761331300460711	13.86448743943072	57.134210592641416	420.27346869122294	1.5671410016009149	7.448612029022959	12.101859782581878	36.95199729054443	160.91949984266753	1183.5559915797594
8.8	9.366147385495086	8.31909704948797	22.031276066554586	7.446494534085746	12.895526433844845	82.04070509627462	4.7778570600079595	9.121323533390752	23.984420235862167	177.13797968051114	1.8958596334505842	7.971448078055605	14.100220053096905	58.07174306067918	427.2007488381229	1.5574976158106661	7.657297652834412	12.347284604736391	37.67482407220598	164.07491647562517	1206.768763416433
8.9	9.606385068617065	8.560101143856773	22.522861399656538	7.689663525989735	13.242102098818435	84.52764069779384	5.02180052454459	9.398686377997418	24.79489194964728	183.29199723016194	1.8868165751804424	8.185895765685242	14.342758081668016	59.03896540471202	434.3463781624443	1.5480559002805112	7.870094394174921	12.598071696676328	38.41620873640485	167.3113466011607	1230.5772552310566
9.0	9.850244642321687	8.804698308172545	23.022388988907547	7.936468665468979	13.594138846069047	87.06554055957847	5.293068725269981	9.690289272407863	25.708712201992398	190.1989777861244	1.8780919057494116	8.404591550068105	14.591989202390096	60.03589691573925	441.71063490445425	1.5388536935151185	8.086930646580813	12.85413455255243	39.1763818635976	170.63080432085124	1255.0001427486175
9.1	10.097651529953584	9.052814252196143	23.52968641574926	8.186784666596072	13.95136265260903	89.65170037705323	5.591030992403922	9.99668111083939	26.73377963037179	197.90773833358858	1.8696883785377088	8.627424798048796	14.847624470529846	61.061291128948355	449.2842984375777	1.5298288023804005	8.30765016905446	13.115020672742284	39.95254371074773	174.01810949855917	1279.9159796984936
9.2	10.348538855867563	9.304379682722455	24.044534809090088	8.440504122641482	14.313532597684713	92.28370060458711	5.913005973883297	10.317836165005728	27.87290341718789	206.42923371193558	1.8616247736483982	8.854302772239738	15.109438413464083	62.114282514951334	457.0610008565478	1.5210611246659915	8.532243742431968	13.38086115560371	40.74653623258855	177.48431207921817	1305.4169311254948
9.3	10.60284665729693	9.559332896618887	24.566738618061667	8.697534904254159	14.680435848315064	94.95935037003674	6.254438690034441	10.653020631244317	29.122393949758024	215.727894593005	1.8539152778770795	9.085140708071837	15.377220774102426	63.194057146826175	465.0347501948917	1.5125314436478066	8.760616242591063	13.651419449866841	41.557167012809415	181.02324670901035	1331.4548204370872
9.4	10.860521159798182	9.817618959959661	25.096123280301317	8.957798298163354	15.051885181683737	97.67667416228205	6.609732474464622	11.000877060527797	30.47263358214359	225.72760493199777	1.8465702294799702	9.31986118582792	15.650776139273317	64.2998532071049	473.19994445112684	1.5042426952647068	8.99270224940096	13.926565952776283	42.38404653117958	184.63326083588493	1358.018327652823
9.5	11.121514117591431	10.079188959901543	25.63253305886116	9.221227287574273	15.427716538552882	100.43389711340811	6.973327598847692	11.359674293713223	31.910230302936522	236.32837748729224	1.8395967136339804	9.558393487424436	15.929923182689052	65.43095801101397	481.5513411237647	1.4961960516675812	9.22844214367129	14.206181718075372	43.22681562066557	188.31283630923858	1385.0970286882864
9.600000000000001	11.385782217429064	10.343995685748306	26.175740951499876	9.4877657419237	15.807790275507237	103.22949767361466	7.340601374728357	11.727636274763345	33.42100038324014	247.42826651344416	1.8330316741881703	9.80068453396375	16.214548630146627	66.58704600379211	490.08559170289317	1.4883912757174607	9.467781625903825	14.490157811255	44.08514433409795	192.0605892426619	1412.6816181638212
9.700000000000001	11.653286542926061	10.612011236706405	26.725887395356818	9.757363244074595	16.19197078596214	106.06185046147044	7.707964301145364	12.102978038523574	34.990241874480745	258.9226752712558	1.8267797229259435	10.0466407534466	16.504333304461003	67.7664794031483	498.7935080657195	1.480826942101611	9.710671168164893	14.778394292765537	44.958727635239875	195.87524008672636	1440.7634929453839
9.8	11.923992095298402	10.883190051739481	27.2825976123638	10.029981408262543	16.580160733544258	108.92989435403905	8.073387959098298	12.484390790424413	36.60736801142923	270.74042480872754	1.8209388999631688	10.296242737281549	16.799297694258282	68.96970034378643	507.6754852326942	1.4735006837750477	9.95706562863334	15.070799792386472	45.84728805337859	199.75564885867982	1469.335287577754
9.9	12.197867365962432	11.15750485659282	27.84586115963868	10.305585242183664	16.972262836655354	111.83243448231187	8.435611144814526	12.87069697000197	38.262638146840345	282.8155281164752	1.8154756581194347	10.54942959121323	17.099254704930267	70.19583314199218	516.7260367421416	1.4664149183729227	10.206933109540952	15.367330562525394	46.75108432838955	203.70547980946992	1498.4568905147814
10.0	12.474883956306522	11.434928022721179	28.415590104759772	10.58414598394593	17.368196304785585	114.76847036508161	8.794134312997672	13.261013371245532	39.948760121890686	295.099978544859	1.8103878735482475	10.806156105841445	17.404082140333387	71.44437963917012	525.9414988126416	1.4595219203227532	10.460161418443382	15.667591751279923	47.66575983748428	207.68600281840997	1527.5886669647218
10.1	12.755016240002808	11.715434832656449	28.99170595320893	10.86563953266986	17.76789165400329	117.73711475904466	9.148917579877011	13.654672481505077	41.660184710872485	307.5579385964019	1.8056725373415334	11.066380838685822	17.713667258513752	72.71487720735509	535.3184742728762	1.4529155170084251	10.716882729003077	15.97222301807503	48.60032811254495	211.78099764171034	1557.9211392378304
10.2	13.038241063455878	11.999003146700604	29.57413860234323	11.150045747337224	18.171289316082053	120.73758196226719	9.500196496855526	14.051178795742965	43.39273438649731	320.1629095825229	1.8013259667787267	11.33006575238945	18.02790599416899	74.00689513946735	544.8537931856805	1.4465041373979806	10.976917389565214	16.28052942568447	49.54638516893978	215.9144020890283	1588.38622939051
10.3	13.324537480268885	12.285613108995987	30.162825411980478	11.437362833548692	18.578422868699523	123.77102196194429	9.848356009089077	14.450170299041455	45.1432792445624	332.89536237999675	1.7973440223415236	11.597175918055289	18.346702421892253	75.32003457311433	554.5445301103025	1.4403098489167538	11.240282301857814	16.592646860842798	50.506291702875856	220.10884137058738	1619.3096051019756
10.4	13.613886515947781	12.575243162059682	30.757605745995075	11.727532732754128	18.989000270684855	126.83137853179504	10.193885675555988	14.85142917491336	46.90992919252068	345.74494374533674	1.7937698737128618	11.867691746290909	18.670020125566538	76.65405952294026	564.384566409823	1.434327445405642	11.506950585056433	16.908519703230393	51.47986394045977	224.36351942718912	1650.6855924182255
10.5	13.906270959405598	12.867888450789831	31.358743408662345	12.020586380544884	19.403224366781302	129.9233696365927	10.537147719548196	15.25464655143244	48.689578537596596	358.6888873448119	1.7904558712249652	12.141546015588263	18.997620922658108	78.0082190816365	574.3815413574312	1.4285868554931977	11.77691969039558	17.2281658092593	52.467254294329464	228.6756288321736	1682.4290888542612
10.6	14.201675178180121	13.163523356945706	31.965879658239707	12.316501797838018	19.820993669835982	133.0449488265535	10.878712440279475	15.659824769919998	50.48227058594609	371.7314433229651	1.7875401894934364	12.418749072391739	19.329585759708642	79.38259816735936	584.5229233239752	1.4229767066370937	12.050099770359147	17.551328933809806	53.46731072729002	233.05049349389384	1714.7723510108376
10.7	14.500084954598343	13.462138586497286	32.57907896885982	12.615270382205408	20.242277699793867	136.19560508593213	11.218978233158968	16.066841767251674	52.286574383345595	384.8627196271933	1.784970393383214	12.699263197166811	19.665792834795095	80.7767642608842	594.8099292417941	1.4175973217844557	12.326536352810434	17.87817277459948	54.480853135815245	237.48122992254002	1747.4704613555461
10.8	14.80148734042627	13.763722381378646	33.198305354791366	12.916885811842837	20.66705496733042	139.37497011206585	11.558346307482397	16.475650707336843	54.10175982535641	398.0783744633916	1.7827417686657983	12.983065118210671	20.006177767347534	82.19044042752626	605.2405281870721	1.41240782472021	12.606187312674157	18.208586226661893	55.50739446636572	241.96908348907317	1780.5960921097587
10.9	15.10587052783276	14.068264108136166	33.82352654888655	13.221342986770567	21.095307790323627	142.58272110243578	11.897181773223947	16.886229596199374	55.927286406526314	411.37519021142316	1.780849680496754	13.270133279469485	20.35068094285634	83.62336803377414	615.8128235814996	1.4074026484451965	12.889034232724228	18.54253063297806	56.54678356011095	246.51329023685568	1814.1423829139287
11.0	15.413223734732423	14.3757541365879	34.45471360535413	13.528637833747842	21.527021786140914	145.8185755792089	12.235813932152348	17.298574929185836	57.76275821224198	424.75079860068035	1.779289723946009	13.560447733989879	20.699247371524862	85.07530810877024	626.5250696568462	1.4025762426244688	13.175059851362025	18.879969503834346	57.59886724795423	251.1130245107692	1848.101405972909
11.1	15.723537102817446	14.686183732548152	35.091840544496506	13.838767140471182	21.962185425954537	149.0822868195861	12.574538088639136	17.712696790777333	59.6078891818648	438.20346257201794	1.7780576798569934	13.853989962765166	21.05182610092766	86.54603731244458	637.3756330965107	1.3979231181038803	13.464248052087266	19.220868753585755	58.66349748319337	255.76747153157115	1882.465185078254
11.2	16.03680160677847	14.999541258445468	35.734763796364945	14.151729238021346	22.400794788459198	152.37374304709382	12.91364563678906	18.128661095936476	61.46302539152534	451.7371645767105	1.777204801501704	14.15074519755547	21.408355193668196	88.0341185381898	648.3353984361794	1.3934378223759225	13.75658368647502	19.565196188316413	59.74052548014789	260.4757708646564	1917.2248439228479
11.299999999999999	16.35300897340744	15.31583061208002	36.38382312009836	14.467519783952808	22.842827601263682	155.69244855138103	13.253290174443606	18.54635807742889	63.32639741474774	465.3353905732861	1.7765617192922476	14.450690129238483	21.768835228777203	89.54304519025438	659.4857334020244	1.3891150311664604	14.052052580417985	19.912921711183763	60.82980692619343	265.2370628186798	1952.3712032812648
11.399999999999999	16.67215160941883	15.635034107202909	37.03863896006528	14.78613985798447	23.288294188419027	159.03855100795255	13.593763834814025	18.96595732808526	65.19955965349315	479.01322475668576	1.7762907215296777	14.753817171267364	22.133181457289698	91.06894938883003	670.7425335079508	1.3849494686385317	14.350641333865081	20.26401671598964	61.93119585630186	270.0504504949364	1987.8945476471954
11.5	16.994222536983337	15.95714945284671	37.69931462086819	15.107587680069095	23.73718596871801	162.4118080772073	13.935226702347132	19.387449072931265	67.08192585788487	492.7651119073686	1.7763334917230704	15.06010999675319	22.501371092456456	92.61289147518706	682.1321584378711	1.380936053372092	14.652337464067983	20.618454745150785	63.04455468421563	274.9150684746819	2023.7851318303892
11.6	17.31921533607933	16.28217117230732	38.36583487262999	15.43186264089583	24.189500878911385	165.81210037839682	14.277846040970077	19.810871444364437	68.97348682871805	506.59089822806123	1.7766873101618956	15.369555646944214	22.87336933724084	94.17471419697395	693.6534549782357	1.377069666078402	14.95712892035286	20.976209804099067	64.16973349770798	279.82993324486387	2060.0317520053645
11.7	17.64712409287769	16.61009425567023	39.03818601331193	15.758964414223165	24.64523801357048	169.239325804184	14.621771302615834	20.236263854275304	70.87425823181738	520.4905705344576	1.7773496808988662	15.682141962268265	23.249143634632592	95.75426694545062	705.3052932803724	1.3733454593920624	15.265004542783574	21.33725814434331	65.30659403321145	284.79411121237735	2096.6232920366056
11.799999999999999	17.97794335347788	16.94091411386489	39.71635571933881	16.08889291275237	25.104397499211274	172.69339797254443	14.967136223532622	20.6636663173891	72.78427580039	534.464234511734	1.7783184825220255	15.997857555442968	23.62866367766928	97.35140696693075	717.0865731971376	1.367891135890266	15.57191556319546	21.686351314440046	66.21367295140742	287.5285324187425	2101.93081215391
11.9	18.311668082385822	17.274626537224343	40.40033289693046	16.421648242609386	25.566980337557876	176.17424452146528	15.314060631153588	21.09311884399263	74.70359034735507	548.5120848185874	1.7795915913452585	16.31669155595075	24.01190018193294	98.96598219186507	728.9959774864624	1.3663044695238782	15.889966210223891	22.06914464370691	67.61480079958194	294.8665720289112	2170.7954796932167
12.0	18.648293625203312	17.6112241123572	41.08997467556284	16.757231267066633	26.032992325412664	179.68187829940223	15.662673869710908	21.52470742354989	76.63284894275657	562.6399185693746	1.780599665408881	16.638252411785235	24.396678332218517	100.56090915118175	740.4362083573151	1.3628485146430442	16.20664791545095	22.4384740416776	68.76123826998227	299.72733519449616	2204.714700392494
