α|N|κ(m₀ω₀²)	N=1|κ₁	N=2|κ₁	N=2|κ₂	N=3|κ₁	N=3|κ₂	N=3|κ₃	N=4|κ₁	N=4|κ₂	N=4|κ₃	N=4|κ₄	N=5|κ₁	N=5|κ₂	N=5|κ₃	N=5|κ₄	N=5|κ₅	N=6|κ₁	N=6|κ₂	N=6|κ₃	N=6|κ₄	N=6|κ₅	N=6|κ₆
0.1	0.13419748085283345	0.05687110678519591	0.3647695050910045	0.03464635161345253	0.15790029340057998	0.7082781891735976	0.02426452485649655	0.09872541546249636	0.29369104070639196	1.2344399168141535	0.018334822795960104	0.07086671570715808	0.18002533244765573	0.4890196652600025	2.021673517447198	0.014545330113738597	0.05476458499392045	0.1281733829226539	0.2911188596201555	0.7714017035468714	3.1727565069450065
0.19999999999999965	0.27016068102126667	0.11480343102772439	0.7305528102689323	0.0699691190083942	0.31708815522598854	1.4162118567553534	0.04898096380218364	0.19865944723666829	0.587927776775075	2.46729445611345	0.036981337637289835	0.14281374479366882	0.3608211340347225	0.9778677300864729	4.04032682615798	0.029307885239197917	0.11047138541846735	0.25716303821384656	0.5823924308699588	1.5417227519355947	6.339446653495543
0.3000000000000006	0.4079465240004492	0.17383701831281284	1.0973844429490498	0.10599383172416132	0.47760140830971665	2.123815907917333	0.07416547985944355	0.2998418948074999	0.8827319466101926	3.698597519978648	0.055950504404764345	0.21588312753718242	0.5424192482400088	1.4665852230127712	6.0561188860592665	0.044299081024877784	0.16717578457699922	0.3870406000444291	0.8739562288271827	2.3113399645753816	9.50184765609447
0.40000000000000024	0.54761607234785	0.23401405753811133	1.4653004322637457	0.14274726622595546	0.6394789859726231	2.831102759364512	0.09983449209983553	0.40231219166370735	1.178118583328569	4.9283444583452365	0.07525215849589095	0.29011308765185717	0.7248378663649362	1.9551736052276283	8.069022910640342	0.05952446505893061	0.2249128284986881	0.5178246807682996	1.1658104720993379	3.080234181781634	12.659873112221248
0.4999999999999999	0.6892333067561278	0.2953790596496062	1.8343386286697125	0.1802576741207207	0.8027617008343171	3.5380860743618996	0.1260052765148676	0.5061118445044777	1.4741039889900662	6.156533946876152	0.09489663947257188	0.3655441432505704	0.9080968795811231	2.443637295089502	10.079027780739125	0.0749904857902639	0.28372183139832785	0.6495401962942822	1.457970285804663	3.848428850145865	15.813607629854232
0.5999999999999995	0.832865463919747	0.3579790205905118	2.204538812503529	0.21855487859117506	0.9674923239067397	4.24478062751723	0.15269598883676627	0.6112844302493414	1.7707053269842277	7.383165528350219	0.1148947548220689	0.44221902943296243	1.0922174065688495	2.93198169997504	12.086123681030585	0.09070272287126935	0.34364135093788306	0.7822077089269044	1.7504338223781133	4.615895119399283	18.962966132094152
0.7000000000000005	0.9785833046500549	0.4218636269350089	2.5759430201899534	0.2576705254727689	1.1337163558864987	4.951205956039075	0.17992631750351107	0.7178780881126059	2.0679486694752995	8.608281959535816	0.13525957911484943	0.5201891000931802	1.2772376510837233	3.4202583185633557	14.090517300719512	0.10666824374839168	0.40471513244122725	0.9158531095107207	2.043212634216843	5.382629209503648	22.10782262426801
0.8000000000000002	1.1264613702616924	0.4870853117271352	2.948594679624705	0.29763751444047415	1.3014789477612254	5.6573687079724095	0.20771453611314827	0.8259337785066236	2.365828721826688	9.831755725299445	0.1559974735058809	0.5994827475185254	1.463132873010096	3.9083380614633825	16.091565061506117	0.12289362760126621	0.46698796598453995	1.0505024994035068	2.3363157440272744	6.148632311042093	25.24819132394623
0.8999999999999998	1.2765767581844667	0.5536997414846567	3.322540764648835	0.33849151372558683	1.4708314703177479	6.363298181328673	0.23608359205460916	0.9355092420385773	2.664389662900078	11.053716959755548	0.1771260659496221	0.6801688325931163	1.64997492842501	4.396361344762681	18.089885593173676	0.1393858288179568	0.5305074913180352	1.1861834124880062	2.6297532029961985	6.913904788738364	28.384058834402822
0.9999999999999994	1.4290168883790741	0.6217754838637282	3.697898699370512	0.38026972478213183	1.6418252541235745	7.069011015392789	0.2650551495403586	1.0466553485319814	2.963644336458799	12.274125025542162	0.1986563769455858	0.7622938407884607	1.8377736844701502	4.884291547700286	20.085267687871237	0.15615202251613836	0.5953241019062787	1.322924767243677	2.923535504607912	7.678445129828106	31.515388878062367
1.1000000000000005	1.5838648702431666	0.691355521897739	4.074581800925699	0.42301173163440087	1.8145149731166512	7.77452902924756	0.29465268397008204	1.159428212084876	3.2636148309652526	13.49298329982048	0.22060175747297506	0.845913439596746	2.02655590499279	5.372136060590947	22.077703579867375	0.17319978068284136	0.6614918098126576	1.4607588462889893	3.217679872032818	8.442277836613357	34.642294544377364
1.2000000000000002	1.7412147964037121	0.7625158548753665	4.452714086828735	0.46675953653801106	1.9889581913636505	8.479875820715733	0.3249009566392367	1.2738869872839267	3.564324361728495	14.710295716518885	0.2429761527924288	0.9310864981318581	2.2163498402220654	5.859903223248693	24.067188371060183	0.19053659487460628	0.7290666316179362	1.5997162394507498	3.5121936620769247	9.205385646044306	37.764655684353784
1.2999999999999998	1.9011646431699685	0.8353268535096334	4.832353038571796	0.5115577841651389	2.1652157534611476	9.185078097893665	0.35582611151758714	1.39009412118493	3.865797487382679	15.926067635933578	0.26582137369371917	1.017981972340296	2.4075389727375835	6.349122963359605	26.063191442677635	0.20817044421781383	0.798108985937672	1.739831994129986	3.8070937846257493	9.967787321418655	40.88254905224312
1.3999999999999995	2.0638181750299154	0.9098536405668756	5.213493270243191	0.5574539180584077	2.343351631344504	9.89016316624975	0.3874561261069678	1.5081168732338064	4.168064439426757	17.14032842227607	0.2891023458296267	1.1064669082929282	2.5994901842906017	6.8369339988494175	28.047769411525223	0.22610936568803286	0.8686823405348276	1.8811412703570198	4.1023924162849426	10.729480123220128	43.99593046703376
1.5000000000000002	2.229285392261146	0.9862049392339882	5.5963976458351965	0.6044981980074411	2.523432492639877	10.595156316788007	0.41981912609230854	1.628021085869758	4.47113960460922	18.353016584311263	0.3128559912273605	1.196696718880089	2.7925308005471408	7.324650642759934	30.029172919443226	0.244367073224925	0.9408718519368202	2.0237208717243504	4.398202974582659	11.490765278320396	47.106228001997806
1.5999999999999999	2.397683020740553	1.0644364879325163	5.980935794942354	0.6527446343055261	2.7055307394960266	11.300095685461201	0.45294708546123896	1.7498844734151042	4.775064927738299	19.56421013873114	0.3371021645402179	1.2887561858669834	2.986721652133255	7.812357408153275	32.00774856201315	0.26293605643579654	1.014697313731351	2.1674942190756	4.694247860304699	12.250769468721046	50.20919226622209
1.6999999999999995	2.5691335095017855	1.1446484519680102	6.3672461507600815	0.7022504856308469	2.889721504927053	12.005014534549673	0.4868723652487059	1.8737839371200913	5.079866741580702	20.773896496699308	0.3618571486673381	1.3827206154776714	3.182091224913023	8.300042265498632	33.98338470366434	0.2818411659140261	1.090287506493512	2.3126200000479926	4.990837467554911	13.01038026500828	53.30907995614689
1.8000000000000005	2.7437733153545096	1.2269374102306032	6.755405392162345	0.7530769671845325	3.0760846977360927	12.709951008991766	0.5216296434923309	1.9998024181928926	5.385577570912119	21.982087887488888	0.38713905447224106	1.4786737069429332	3.3786784326239854	8.787717074319062	35.9560787021328	0.3010861267032652	1.1677069491871048	2.459104798090351	5.287894156063317	13.769322255768202	56.404534942586906
1.9000000000000001	2.921738158164376	1.3114065774931891	7.145494964155574	0.8052895052253706	3.264705003068677	13.414946522193759	0.5572557000527714	2.1280279623228004	5.692231884910825	23.18879811813531	0.4129668345868729	1.5767046537443292	3.5765248573790274	9.275395937195754	37.92583673410991	0.3206801178022787	1.247042588616254	2.606995611989305	5.585435686378901	14.527599723694948	59.495537788257934
1.9999999999999998	3.103179124000375	1.3981663828935824	7.5376014561373665	0.8589581071382724	3.4556722587695177	14.12004605739071	0.5937895812045277	2.258554154267131	5.999866325789867	24.394043156189582	0.4393602825333107	1.6769084640774086	3.7756745347511895	9.763093645319259	39.892664940678515	0.34063259905113674	1.3283875824803237	2.756343189566337	5.883483754590543	15.285229104827522	62.58213263354264
2.0999999999999996	3.2882557530718195	1.487325133589748	7.931753529970052	0.9141579731417542	3.649082655270881	14.825302813499547	0.6312736868921891	2.391483565351667	6.308529652642505	25.59789353737142	0.4663428715061484	1.7793948200100136	3.976193936806183	10.25088249158216	41.856839912899886	0.360953194749595	1.4118414247056803	2.9072011586604134	6.182060356563852	16.042224048271237	65.66434567805845
2.2000000000000006	3.4771384433131107	1.5790395970543525	8.328239803639633	0.9709689415264355	3.845035274730712	15.530757132089093	0.6697493900890663	2.5269132891119703	6.618233961054841	26.800212795700645	0.4939278097982769	1.8842469588816009	4.178073749204131	10.73861017284753	43.81756488828978	0.3816517481222237	1.4975107757714339	3.059627047789803	6.481190407555573	16.798605546488034	68.74223882926162
2.3000000000000003	3.670009405058404	1.6734160320782432	8.72697449026353	1.029478009007755	4.043640422117747	16.23647983044816	0.7092663864434563	2.6649654393969087	6.929052816043736	28.001181140636618	0.5221460375699325	1.9916056463400462	4.381426167523969	11.226464856013536	45.77566153029329	0.4027381814688833	1.585509716985836	3.2136816619467012	6.780898909582106	17.554390376299125	71.81584642536473
2.4	3.867063716875599	1.7706108077709937	9.128132803730779	1.0897778736721704	4.245012345929176	16.942529773549722	0.7498737826879922	2.8057578441775135	7.241023628755727	29.20077269344256	0.5510182980500393	2.1015864841771528	4.586288113772895	11.714410093387869	47.73087699408643	0.42422256782824297	1.6759607366574079	3.369430033879212	7.081212846018957	18.309597993302305	74.88521254295483
2.4999999999999996	4.068508969066922	1.8707814913879708	9.531834130445134	1.1519685660799515	4.449273760128385	17.648975856582183	0.791624911166291	2.9494196785177813	7.554196766809639	30.39901683824064	0.5805691429224855	2.214322329852717	4.7927200704349815	12.202467562851325	49.68323125857569	0.4461151173879545	1.7689956605742703	3.5269424323312393	7.38216364480968	19.064260614934028	77.95044725842308
2.6000000000000005	4.274574189169899	1.9740978948431382	9.938206176448915	1.216157942362368	4.656555732442158	18.355893316397214	0.8345766909355734	3.0960892502541952	7.868626144708799	31.595946830555476	0.6108241742975522	2.329955830278733	5.000786843790152	12.690661065543736	51.632749876065645	0.468425989000012	1.8647559300108156	3.6862930341468783	7.683781396752806	19.81839856087572	81.01158709148876
2.7	4.485496024325344	2.0807432677822884	10.347385695575468	1.2824624589349662	4.86699842166805	19.063364386787725	0.8787899234383199	3.245914836712437	8.18436949407453	32.79159989238178	0.6418100465544467	2.4486402812761217	5.2105577535782714	13.17901586915923	53.57945971732261	0.49116540367491934	1.9633942121965715	3.8475623437836504	7.986101715499672	20.57204870037458	84.06875555508304
2.8	4.701535600147268	2.1909051256953966	10.759457501745658	1.3510083204316876	5.080752866509073	19.771484355566372	0.9243309197033138	3.3990593890089755	8.501500821391858	33.98608279291875	0.6735585212087272	2.5705514646415963	5.42213179594772	13.667630861751604	55.523736215385725	0.514343475450344	2.0650750505980016	4.010836445531275	8.289161422870961	21.325245005180477	87.12205106939655
2.900000000000001	4.922972674983837	2.304829246572187	11.174764304669395	1.4219310508161573	5.29797704855055	20.480335889730668	0.9712653495895749	3.555682777159431	8.820050380671375	35.179247405423666	0.7060863565926534	2.695835076874909	5.635515483355945	14.15632293378485	57.46459428817616	0.5379701059057578	2.1699760228825618	4.176207693895208	8.592999482854566	22.078022898776908	90.17157214309555
3.0000000000000004	5.1501091537843	2.422716309641031	11.59328978541376	1.4953793835367057	5.5188465781430835	21.190042992719327	1.0196716451274104	3.715980561756405	9.14012590558616	36.371340896206675	0.7394355234319558	2.8247154203848854	5.8508685578260895	14.645338177270332	59.40310327889165	0.5620715361947106	2.27833488436052	4.343867027016209	8.897890433454336	22.831134813372046	93.22091827820987
3.1	5.383271307756899	2.544828777328559	12.01527757637325	1.5715136872742912	5.743546126036193	21.90071904967499	1.0696284150097273	3.8801477024485145	9.46179231098455	37.56235684682542	0.7736329530630448	2.957389412791807	6.068259350716161	15.134640888339163	61.3389724969893	0.5866076243484986	2.3902238457599037	4.5136507628630795	9.203191878523285	23.58252493292275	96.25997395615559
3.1999999999999997	5.6228122556743205	2.6714404685166637	12.44092349978439	1.6505087455050682	5.972275500425297	22.61249453127016	1.12122142108533	4.048398827286658	9.785132637989818	38.752360820966715	0.8087106208412784	3.0940819498576015	6.287788210325857	15.624269935658504	63.27226170254289	0.6116367097838133	2.5060049351594733	4.685947560799903	9.50964490502406	24.33435875572286	99.29921755276155
3.3000000000000007	5.869113244559685	2.802849403320815	12.870438687570157	1.7325550324617933	6.205250051143047	23.32551303339119	1.1745421198729638	4.2209640055566595	10.110227130074463	39.941351421271975	0.8447014665094366	3.2350369908371004	6.509563736737192	16.114267793464023	65.20303932028764	0.6371503051217258	2.625877828517498	4.860792679296068	9.817072874893483	25.085989289262216	102.33539075823501
3.4000000000000004	6.122594243679636	2.939380429873585	13.304051020347373	1.817860471246449	6.442702198639488	24.039932807061177	1.2296906955383924	4.398098444347884	10.437189246565708	41.12954547667141	0.8816392816421765	3.380519541215934	6.7337034980292	16.6046804578923	67.13138147741847	0.6631558305335536	2.7501098570158202	5.0383241816493864	10.125538133161172	25.837495932535603	105.36877675203141
3.5	6.383702470700071	3.0813769040685455	13.741946071538393	1.9066527741513601	6.684884187381876	24.755934270694297	1.2867749438097955	4.580077789837587	10.76613001968309	42.31704517366779	0.9195638481041863	3.530830228400138	6.960362006703207	17.095637356198495	69.05775825113233	0.6896594318946583	2.878991815826118	5.2186911821695645	10.43510553407964	26.588955879735295	108.39963492820971
3.5999999999999996	6.652931274991502	3.229260430413558	14.184572280597024	1.9991799395704528	6.932064704055051	25.473692993751456	1.345904616444109	4.767186428007623	11.097123973650639	43.50373968967142	0.9584945504201263	3.6862469121858314	7.189597790026767	17.586957821937176	70.9811277036788	0.7166659183332356	3.0128411616569677	5.402056339780472	10.74584652553392	27.340458769922407	111.42827533138916
3.7000000000000006	6.930817059134916	3.3834218020796034	14.632036131720184	2.0957163250316335	7.184541530629083	26.1934398377673	1.4072085207513565	4.959760140791225	11.430334322232454	44.68995762450322	0.9984825377337672	3.8471494931846593	7.421642388224242	18.07893847681771	72.90274552689516	0.7441785114280226	3.1520051253904358	5.588597659875653	11.057840711150902	28.092111538606332	114.45508467615582
3.8000000000000003	7.217945726782537	3.5443380565604365	15.084711117374951	2.1965620415968345	7.442633342841997	26.915405535881064	1.4708184758036604	5.158147518673166	11.765882621098001	45.87575674322943	1.039558055649783	4.01390142268691	7.656634154815563	18.57156770093161	74.82236309400469	0.7721982705145407	3.2968635446333767	5.778509135401869	11.371173376092315	28.844027316446955	117.48046267731115
3.9	7.514958252664183	3.712520851916785	15.542936741224793	2.302048021544613	7.706687592259154	27.639852499408562	1.5368786058430608	5.362734120781369	12.103915679810939	47.06128186300157	1.0817562384647874	4.186914329947857	7.894753488112286	19.064918698191832	76.74012660281733	0.8029735678122705	3.4540584370808114	5.986349429389001	11.731415584090769	29.7517838434851	121.15589920722414
3.9999999999999996	7.822556949450963	3.8885331516176667	16.007081837516722	2.4125394407690246	7.977082353080473	28.367072256515257	1.6055445997796012	5.573942127124376	12.444593696092227	48.246695285419264	1.125111409402298	4.366640168059373	8.136198031583461	19.559072456808735	78.65620470598515	0.8297508283657162	3.6053712018363147	6.169314139155951	12.00224006780411	30.34918364330042	123.5288539766334
4.1	8.141511057656016	4.0729953268248025	16.47754747236806	2.5284400257171824	8.254229547237426	29.097389127416136	1.6769847360629218	5.7922346763799	12.788091830870428	49.43217972335697	1.1696564619820773	4.553576009965457	8.381184605763565	20.054118441975334	80.57078959616774	0.8592712437301466	3.769981034918784	6.3706972563780795	12.32019047527831	31.102733884623376	126.55299445590936
4.199999999999999	8.472671975917926	4.266579637284902	16.95470996203153	2.650197408757971	8.53857961164912	29.831170467225775	1.7513831495225323	6.0181251079385785	13.134615437365255	50.61801505634503	1.2154288574536196	4.748282700217237	8.629979201330372	20.550238287260072	82.48450266451982	0.8892728566724657	3.9422169059321224	6.576435328685811	12.639915550150022	31.857175556569928	129.57799846562557
4.299999999999999	8.816967563047267	4.47008005575097	17.43922514213341	2.778306567053714	8.830619972683877	30.56880099876139	1.828930142059342	6.252160732809594	13.484333865367716	51.804209107611314	1.2624359835524102	4.951325366233823	8.88276101449263	21.047292830850438	84.39637988714094	0.9197384100183483	4.122690344842427	6.786839734762552	12.961553467317913	32.612720587774675	132.60465595393907
4.4	9.175426733955454	4.684296937076173	17.931430533137842	2.9133206216405028	9.130890357745898	31.31074897242752	1.9098451717729623	6.494972715942247	13.837518790757315	52.991246231478726	1.3107214399878993	5.163411924676646	9.139902520874728	21.545652475246243	86.30791797069833	0.9506446269305999	4.312076792544084	7.002254206067704	13.28525663778646	33.36960878349237	135.6338681303896
4.5	9.549183341518905	4.9101709812147405	18.431951004818842	3.055853827696331	9.43997662187854	32.05751145290674	1.9943564202339765	6.747239604146287	14.194410326656396	54.17934630678428	1.3602962156680196	5.385269627906171	9.401695549737823	22.045369575433142	88.219036618073	0.9819875923210808	4.511181034901356	7.223157796341866	13.611448707942941	34.12890435009285	138.67055260727648
4.6	9.93949011893914	5.148732263228068	18.94140232312668	3.206592171421882	9.758521435707564	32.80965156636262	2.0827130368732103	7.009717192002093	14.555287775847603	55.36884197528161	1.4111707065221966	5.617719824076136	9.668493538116152	22.546594742967955	90.13010576392116	1.0136497861397726	4.720657460664779	7.449674106057969	13.939549098789485	34.888529738072975	141.70416736323386
4.699999999999999	10.347732554309122	5.401125043159162	19.460455911104475	3.3663025514638525	10.08722883398934	33.56780015387744	2.1751843624822196	7.283243256953387	14.920458913782511	56.56010949098527	1.463345959860569	5.861675055903545	9.940688055666385	23.049496474155603	92.04155084406375	1.045662425763237	4.94159650726571	7.68256677140473	14.270531066429271	35.6512174906602	144.74775266821962
4.800000000000001	10.775444231509727	5.66862158759009	19.98984364825543	3.5358437591087455	10.426870260723987	34.332664441273664	2.2720613290802354	7.568747792324132	15.29026319020312	57.753574765347366	1.5168112450124438	6.118150504097686	10.218713290284569	23.554262986037884	93.95385870504833	1.0779402925179122	5.174958351507132	7.922253943926428	14.60436733941117	36.416566329169655	147.79891883779783
4.9	11.224322250925221	5.9526233985726025	20.530302286077074	3.7161795525609964	10.77829207311483	35.105044059808506	2.3736608104838957	7.867268958556014	15.665089229524142	58.949797727205805	1.5715501661366484	6.388290721535645	10.503079198213769	24.061191277934995	95.86801161142648	1.110412124760834	5.421873433389256	8.169309960247688	14.941311988885445	37.185026091096006	150.8594105298398
5.0	11.69625268039726	6.254748529100217	21.08288081844742	3.9083900518495907	11.142416582083527	35.885809979633905	2.4803121076823533	8.179943635782605	16.045309045295312	60.14909425942642	1.6271371519662883	6.672657847242105	10.792428024270862	24.562321637508376	97.73572295899794	1.14299237428817	5.68359732775013	8.424371896687902	15.281645079822624	37.9570997977753	153.93117594963405
5.1	12.193316026899979	6.576709055616452	21.648340218155	4.113693472328178	11.520259924688649	36.67597980500477	2.592387701104318	8.508066092633804	16.43142138580572	61.35231682390622	1.684223176841068	6.973997910064837	11.091026181503878	25.073891444219953	99.65334181598155	1.1755796353682582	5.961525284655478	8.688147397671855	15.625678998457033	38.73336625743832	157.01648609736003
5.2	12.717822354597535	6.920471793313915	22.22776262750753	4.333458606130769	11.91292742159094	37.47666695343196	2.7102745999517435	8.853059093258677	16.823916964343994	62.560092966876255	1.742372641762125	7.293224505075555	11.397730399057764	25.588342754764653	101.57463929794903	1.2080547325288238	6.257206991284685	8.961420935416463	15.973758065416064	39.5144730817392	160.1178783844225
5.3	13.272325824602124	7.288208846576385	22.82225232916315	4.569227924687825	12.321625180334436	38.28912602617788	2.8343897700288405	9.216513030956575	17.223352636991933	63.77322231192011	1.8014630665378841	7.63208781228292	11.713275428238546	26.10601365270736	103.50060619006399	1.2402790964139447	6.572362802513894	9.245061863480906	16.32626414734557	40.30115715528882	163.23826273879968
5.3999999999999995	13.859647976778007	7.682333525360328	23.43299847003857	4.822739507743119	12.74766399485221	39.114760617372895	2.96517740639808	9.600199527911895	17.63034212341705	64.99261162133007	1.8613356966684713	7.992538982966166	12.038476647286842	26.627285472635094	105.43238845323503	1.2720932572669057	6.908900253814094	9.54003152948362	16.68361851920929	41.09424831539582	166.38092763524037
5.5	14.482898938342991	8.105522401562448	24.06127553624998	5.095951726331922	13.192462746439723	39.955137696032125	3.1031086875600176	10.006090337136117	18.04556058433002	66.21928827921693	1.9217900280686708	8.37675038980946	12.374237326776282	27.15258816280698	107.37131059812964	1.3033156811449687	7.268930711706162	9.847390302209213	17.046285137838254	41.894681086250785	169.54959324083757
5.6	15.14549683036799	8.560720033706705	24.708379135163	5.391070734738375	13.657550514682857	40.81200841740292	3.2486854206551277	10.436380944639346	18.469763099043178	67.45449544288022	1.9825910982061141	8.787150392217544	12.721583238633727	27.682495302356756	109.3193430143001	1.3337423408736429	7.654785750410423	10.168303929355446	17.414773523353347	42.70350547646376	172.74845899024513
5.699999999999999	15.851182479881796	9.051242246228389	25.375932449608342	5.710574852309666	14.14455847058439	41.687286641632454	3.4024161298199824	10.893487453633739	18.903716687336043	68.6993012079729	2.0439382212940953	9.227126705740389	13.083525422838008	28.226334846207237	111.3313846137753	1.36314684554404	8.069031739680936	10.504047939470489	17.78963956582595	43.52189153210202	175.98221963003743
5.799999999999999	16.60403739537111	9.580625406372647	26.06525427248937	6.057251888775235	14.655224225729775	42.58312773942339	3.5648589371861865	11.380107827471708	19.348345775943073	69.95542435695825	2.1044719448588447	9.698175340937336	13.457381108557527	28.767035756027326	113.30282083398197	1.3912819312923874	8.514482400778025	10.856010485873355	18.17148748934028	44.35114185373277	179.25612771115266
5.9	17.40847350127334	10.152805061859205	26.77796833680577	6.434220689216558	15.191367644255727	43.50186678636692	3.7365741326454933	11.899192612107129	19.804590037375135	71.22443732556167	2.164271707169021	10.20426864183386	13.846409765368719	29.314090686938926	115.28904343531758	1.4178821973137896	8.994207310487692	11.22569143121855	18.56096756711463	45.19268878870571	182.57597351633012
6.0	18.26924131149015	10.772036750283299	27.51567275852173	6.844963357888497	15.754876521848	44.44605393988331	3.918143959229864	12.453976985391662	20.273474558833925	72.50818403563426	2.2228654099104603	10.748949133331205	14.252032634861934	29.868260534272622	117.29270492684736	1.4427098483898095	9.511608136081591	11.614795053621954	18.959041397475517	46.048953973402604	185.95235087070614
6.1	19.191405360710412	11.442907908944198	28.27997745302946	7.293349739849518	16.34767712968766	45.418441379502156	4.110165856596435	13.04798011184915	20.756091487196954	73.80870878754104	2.2797268923867433	11.336058193619529	14.67577431841471	30.430386191009575	119.31680849968689	1.465355528619353	10.070053120645966	12.024737140741465	19.365647819943206	46.91909318606122	189.37959414802026
6.199999999999999	20.180314462736497	12.170321806890357	29.07247340162897	7.7836575388749045	16.97169676287355	46.42196772223224	4.313251270414884	13.685000315397838	21.253592461468088	75.12826192769899	2.334284319682715	11.969726397028902	15.119253128158292	31.0013893596074	121.36472635745304	1.4856575932538043	10.673590006028409	12.457595627298332	19.78235050988644	47.80747424880974	192.87776304536965
6.299999999999999	21.241556022277145	12.95946859933442	29.894696629408713	8.320584713526953	17.628817008044884	47.459731178409356	4.528026772490708	14.369099683572133	21.767177229747062	76.4693009246148	2.3859335519743197	12.65435238087812	15.584165373228743	31.58226953931944	123.44020359829301	1.5033013578530516	11.326201468321681	12.915123123699743	20.20967234390605	48.71517144340032	196.4505523906555
6.4	22.3808960981789	13.815760941427206	30.748020491786548	8.90925272699387	18.320819712616945	48.53495820770513	4.7551478437088495	15.104579932301617	22.29809339330427	77.83457759950034	2.4340776376117654	13.394585016646268	16.072289373990472	32.174192312383184	125.54782065631298	1.518036268946166	12.032137560967474	13.399202338517895	20.648410715520072	49.64418956085319	200.1062368734274
6.5	23.604205761820147	14.744886929741984	31.63395232755252	9.555188118572616	19.049319732894126	49.65090937121158	4.9952632018716265	15.895922656598287	22.847539392686144	79.22666381716408	2.4780479167736464	14.195199509246011	16.585326481364376	32.778004052256165	127.69060751437792	1.5296468441683613	12.795803769851386	13.911715031853376	21.099353050236232	50.59656942904621	203.85326298233122
6.6000000000000005	24.917385954082334	15.752525242181246	32.55341548593	10.264309056047006	19.815712127080367	50.81089580870321	5.249122776808855	16.747771065280894	23.416795123298073	80.64885845181743	2.517337389356512	15.061196879726044	17.12512739375852	33.39516205934251	129.8746995744441	1.537964753962738	13.621714637697409	14.454504544863802	21.563260305792483	51.57435523427557	207.7001324571902
6.7	26.326275211763274	16.844487785224896	33.50738981109029	11.042866479718919	20.621098487340568	52.01811986028997	5.517511859603825	17.664825365481917	24.007041038964303	82.1042385501296	2.5514247250402518	15.997583340764859	17.693392902007744	34.02676586868165	132.10455199574062	1.5428791748175097	14.514441780641622	15.029335178958384	22.040845690496667	52.5795394403176	211.65516311128158
6.8	27.83657472702566	18.026533036260883	34.49654427426353	11.89738786731878	21.466238507841275	53.275631615214024	5.801331921160886	18.65178289439376	24.61940708617459	83.5960949205055	2.5799056599872503	17.009380524380287	18.2917637885421	34.67400437986498	134.38519347093825	1.5443447928754088	15.478561064609938	15.637853345471768	22.532757758109028	53.614023316376915	215.72634177759755
6.8999999999999995	29.4537765210752	19.304312966591098	35.52128657018599	12.834595469367875	22.351508796168197	54.58623322881158	6.101637651343448	19.71324899572067	25.254929175388895	85.12781272248321	2.6024970410438426	18.101544100053534	18.921755510000835	35.338032306665355	136.72163835167885	1.5423856929970554	16.51860132392568	16.281551047354533	23.039559875642112	54.67955377576618	219.9210367477499
6.999999999999999	31.183108782381037	20.683307088111153	36.581757724994475	13.861311609855255	23.276882361870136	55.952394482299496	6.419694670428173	20.853648183258716	25.9145228646816	86.70284845213246	2.6190543949794707	19.278905601164194	19.584723330473437	36.019940786814914	139.118761257836	1.5370954428407821	17.639000496885743	16.961737414023176	23.561717826558834	55.77768637761437	224.24585171218496
7.1	33.02950094331464	22.168770446919925	37.67784003912291	14.984354524215165	24.24193128597917	57.376177710610136	6.757049145036412	22.077135532945576	26.598960463759056	88.32471515691213	2.629580292379882	20.546126635838963	20.28183463114759	36.72072901940055	141.58116774618975	1.528632780606531	18.844071632857453	17.67951931228903	24.099591929146868	56.90975644423088	228.7065107030794
7.199999999999999	34.99756997158686	23.765668842378798	38.80909846976493	16.210434096526708	25.245854647470615	58.85918979118287	7.115643678136689	23.38751099151338	27.308885313096482	89.99724716703713	2.634256658436488	21.90768873298088	21.014072567664968	37.44138618726038	144.11360556095315	1.5172130608549974	20.13797992438687	18.43579105433237	24.65342955793551	58.0768403173588	233.30766675714403
7.300000000000001	37.091626750700414	25.47881369390052	39.97520619428337	17.54603512701404	26.287522318798786	60.402483025588026	7.497744333508493	24.788136659319207	28.04463655962951	91.72328535290217	2.6332622259534952	23.367780734408115	21.78211963677839	38.18234365212675	146.71823247359134	1.5030972364450073	21.524733630012648	19.231236236564285	25.223368990140784	59.279755060590105	238.05291073815897
7.4	39.315699648316375	27.31256250739716	41.175192192690304	18.99735597303622	27.365552101853027	62.00665689521611	7.906389789754588	26.28185782715631	28.806566095572578	93.50737480863972	2.6270946411857086	24.930500997096413	22.58657835856347	38.944522802932624	149.3998157945316	1.4865789184660856	23.00818645392187	20.066338354291204	25.809445230856227	60.519057758549025	242.94475614046678
7.5	41.67357040379249	29.27113778218501	42.40827224289285	20.570209438449574	28.478376296471026	63.671746518491545	8.345185659891255	27.870919976919307	29.594710915447195	95.3531653693135	2.6162033184416345	26.599675110465668	23.427765663757455	39.728272093896976	152.1604221045709	1.468025068994204	24.592176401877385	20.94148430629886	26.411915802524277	61.79608741120683	247.98980828281492
7.6	44.16881780697584	31.358505217123746	43.67349497292696	22.26999106431824	29.624327129855367	65.39731153296498	8.818631450637522	29.556878848769934	30.408955796361397	97.26483087110682	2.60113257114142	28.378982346664337	24.30584116886169	40.5338998987022	155.00204320148623	1.4475926764120868	26.27991278194493	21.856561672198495	27.02969509011291	63.10784080918529	253.1732370230602
7.699999999999999	46.80486430575747	33.57844030385909	44.969859144683795	24.101666771960748	30.801714382982148	67.18251384486621	9.332280771702315	31.340492094929296	31.249003156626372	99.2469227331494	2.5837808517451455	30.273362378121675	25.22274416393617	41.37468149282449	158.00741309692967	1.4257590658619126	28.075266462282556	22.811837800759108	27.663526036428493	64.45729167627724	258.5101042102324
7.799999999999999	49.585021821564204	35.934568251544704	46.29634720190933	26.06974398635701	32.00888007848994	69.02602741824421	9.892983622935816	33.22158150635908	32.11437581499433	101.30452513400087	2.5607704202045514	32.28208239242078	26.172546836154254	42.21135249251529	160.93341102518025	1.4027716296147126	29.98153077791326	23.807134410129166	28.31283930392567	65.84313836087676	263.99431567871943
7.9	52.51253403656538	38.43040405280013	47.65195297724506	28.17835194109281	33.24426603135602	70.92632249619373	10.509193260901412	35.19885124006947	33.004418608883896	103.44345044932925	2.5366368318403474	34.412708455449625	27.160827572228357	43.08316578310678	164.02439309144393	1.3789116942824462	32.00208006480379	24.842279213985478	28.977344077570137	67.26497372282392	269.62431843741797
8.0	55.59061338517426	41.069347910333214	49.03560615393178	30.43124961768551	34.50643781913887	72.88156455186163	11.191450811499951	37.26961499412515	33.91832020968542	105.67070702686033	2.5103511450699796	36.66688026702097	28.184977382707345	43.974014853400604	167.17627503548283	1.3544359948354217	34.14026744593663	25.917044052093146	29.656725699532444	68.72228979342253	275.3981222601142
8.1	58.82247228782174	43.854930403585335	50.44667326876743	32.831927365380814	35.7941200281911	74.88988235578927	11.952420163444316	39.42962032303065	34.85499750245617	107.9936742516984	2.4831679375937226	39.048909637884755	29.24575680905801	44.892239609017	170.4567666517396	1.3295742908869561	36.39944656942915	27.03116526855767	30.350657781410746	70.21450973322862	281.3134317987133
8.2	62.211348083767874	46.79041856034249	51.883997313625116	35.38363729081729	37.106190149607514	76.94924466114935	12.808449501250895	41.67232333789118	35.81331356847534	110.42270721403838	2.4547886610735796	41.561204974290064	30.341658921378524	45.82900345817279	173.79705758445198	1.2996913991640562	38.76046288116311	28.168320070605688	30.97507528929259	71.35677043090982	284.7595411823131
8.299999999999999	65.76052255404474	49.87926259799724	53.34687442793819	38.08946242610712	38.44168494845452	79.0575746424829	13.77942235176375	43.98863568011035	36.79184657742792	112.9693100657787	2.425866760247584	44.207494405861254	31.47264730446051	46.78684425041047	177.21893695057952	1.2794729850063	41.29430099662043	29.376340341572757	31.780858503373338	73.30115057211151	293.5584963080473
8.399999999999999	69.47333641199737	53.12490354196357	54.83457093572446	40.952389979170306	39.79979214894831	81.21283485132335	14.890145565002697	46.36609466127546	37.78899879973585	115.64771950115028	2.3967529856311884	46.99123715996714	32.63830788483659	47.76541899549375	180.7213192715426	1.2545563211392863	43.93683125463787	30.606821903301892	32.5164851941563	74.89427028421778	299.8829844526481
8.499999999999998	73.35319963662648	56.53083018086547	56.34642017220938	43.9753589198674	41.17983391986924	83.41300751063591	16.1712558492357	48.78810853333039	38.80298435315302	118.47512395102967	2.367748051899476	49.915954208490476	33.838231090751265	48.76436947645607	184.3030054565461	1.2299027697683456	46.714083380705226	31.87553305967137	33.26538877657299	76.51972757425756	306.33861320186406
8.6	77.4035984338309	60.10058995440635	57.88182032541238	47.161353561557924	42.58125964655386	85.65634151765244	17.660107332599427	51.23317323443486	39.83186943677674	121.47195777918387	2.3391058224369243	52.985235059690275	35.0720190009352	49.783330625302824	187.96272069140105	1.2056148432416696	49.62962068704846	33.18221938476127	34.0272846310138	78.17689978600174	312.92285832902417
8.7	81.62809942716406	63.837796692327046	59.44023100023759	50.51332087862628	44.00361635763285	87.94092270298097	19.401137814540284	53.67434392694446	40.87366930063041	124.66178849263088	2.3110374340326914	56.20274213506989	36.339290464217726	50.82193803385417	191.69915096685872	1.1817753702509106	52.68706930861099	34.5266464489401	34.801902535314184	79.86517314887533	319.6332025749143
8.8	86.03035207008269	67.74607822520984	61.02104855789446	54.03434167507692	45.446544732820314	90.26517514238276	21.445384224708544	56.07924436438819	41.926563817599	128.0709126956499	2.28379507724003	59.57227501169682	37.63966843885993	51.879962114262526	195.51155510771787	1.1584504429120321	55.89012423384365	35.90860337211025	35.58899789399243	81.58399444475435	326.46742914873175
8.9	90.61408920290776	71.82936749206584	62.62420371985144	57.727533534590634	46.909758986607756	92.6274773949599	23.845301438518824	58.412779751861976	42.98906802615113	131.72336256430572	2.2572802943792327	63.097462042641716	38.97286184772369	52.95666866527927	199.3968614290352	1.1356909858864566	59.24254665525723	37.327901677439826	36.38833911347206	83.33281781975893	333.4233112416696
9.0	95.38312678486236	76.09132838666763	64.24895240577081	61.596175119188054	48.39303542417494	95.02652892610058	26.652451926265048	60.63900406781723	44.06071674259363	135.64227646971267	2.2318411900989776	66.78237886903071	40.338506628819516	54.05210908203253	203.35553569733747	1.113605044419809	62.74846922124887	38.78438962009592	37.2001382047863	85.11235569700511	340.50433459784836
9.1	100.34136277468517	80.53593210575045	65.89507550587996	65.64361959924014	49.89620076348774	97.46102894127398	29.904290161721253	62.729317126492425	45.142192731879845	139.83924367628788	2.2074838887797026	70.6309289394414	41.736325677238995	55.165834867614194	207.3857406345487	1.092011525267897	66.4108887855818	40.27788678527443	38.02294180921308	86.91853408396128	347.6922775686253
9.2	105.49277553879662	85.16716894607193	67.56227221755319	69.87334700785402	51.41912284578211	99.92983074313452	33.61685476266672	64.66824701741552	46.23563972492525	144.31224558913527	2.184272756808612	74.6471515389745	43.16604849513783	56.29754276894664	211.4862722569669	1.0711377829619886	70.23467746402862	41.80831154350062	38.857839155578404	88.75455006782067	355.0018752794713
9.3	110.841421985476	89.98910501743381	69.25027632003753	74.2889560663159	52.961702632072274	102.43190310634782	37.77956400618056	66.457956698842	47.34438121195274	149.04349643278692	2.1622545468807117	78.83515829508703	44.62742628355042	57.44694604708366	215.65597634224105	1.050925226738465	74.22357003539123	43.375551405048014	39.70425177589482	90.61881006688054	362.42612956278026
9.4	116.39143541721171	95.00588099361462	70.95885233444585	78.89416320468784	54.52386762680331	104.96632241545558	42.358281726731846	68.11739563665378	48.472250262263515	154.00241713168361	2.141461515270799	83.1991316391618	46.120230909346844	58.61377564727718	219.89375837508123	1.0313787543097181	78.38166979209406	44.97952585514142	40.56203855267927	92.51096802575194	369.96371547156014
9.5	122.14702365487766	100.22171062902443	72.6877920280075	83.69280001729366	56.10556648097895	107.53226436940895	47.30499507603612	69.67661182976329	49.62279136897746	159.15194463467196	2.12191390973569	87.74332280898855	47.64425361806829	59.797778953079614	224.198579160613	1.0124980382418696	82.71314486660393	46.62017220910539	41.43107202939245	94.43070455995621	377.6133962152526
9.600000000000001	128.11246675294237	105.64080404434979	74.43676404486598	88.68882390434365	57.7067636193004	110.12904393660574	52.56992674212222	71.16884885719257	50.79876305691619	164.45614870617283	2.1037393974148353	92.47215371458661	49.199233179686814	60.99880132828366	228.56964798769332	0.9942786695369172	87.22222789649342	48.297443917684234	42.31123757622663	96.37773200500669	385.3740885981824
9.700000000000001	134.29211510579964	111.26774157530284	76.20604713249315	93.88624225205315	59.32744069179694	112.75586473244402	58.10583133941824	72.62699362769968	52.001513202380465	169.87952889259032	2.086589604447594	97.38969778494504	50.78520721451724	62.216377233435196	233.00546516405302	0.9767128912465035	91.91321406214888	50.01130912896775	43.20243066445255	98.3517825570525	393.24478421895765
9.8	140.69038752439664	117.10672110882025	77.99505552035328	99.28925109763154	60.96758370148714	115.4122957956406	63.880142009635634	74.07558236696465	53.23189546824369	175.39919163373997	2.0708125590739748	102.50071351051103	52.40180554056124	63.45054641848674	237.50573672939208	0.9597903773651169	96.79046125810771	51.761749777752726	44.10456019577623	100.35262615952524	401.2246561096981
9.9	147.31176945148582	123.16230748928842	79.80380878577375	104.90208727605447	62.62719071924187	118.09777926465722	69.86732145025023	75.53480665242952	54.48967313181993	180.99445359520905	2.0562831873590923	107.80960774754281	54.048954238670234	64.70103594651209	242.06945522647584	0.9435141775346958	101.85856248473766	53.54877779332156	45.01798668836091	102.38216331017611	409.32581520080566
10.0	154.1608113293097	129.43905547948347	81.63219382912212	110.72909553441808	64.30626503339988	120.81186590171092	76.05162297687805	77.01867615291175	55.77418486940451	186.6510490970686	2.042990000985977	113.32095213149493	55.72652168930543	65.96766800306341	246.69585557346	0.9277487912312226	107.12057820817813	55.37227507824835	45.93908224646839	104.42327329426189	417.4445727108978
10.1	161.24212693611847	135.94158341451399	83.48011034152955	116.77470988954778	66.00481466127587	123.55416012165915	82.42435480678917	78.5366001287503	57.08447289926562	192.35890680892044	2.030918877120258	119.03937825557546	57.43438804560407	67.25027769168446	251.38422395748785	0.9127501604154289	112.58423585033486	57.23251774641054	46.87574776963993	106.51373430470267	425.8112627705559
10.2	168.56039224729884	142.67457184928674	85.3474692716942	123.04344955578289	67.72285117323389	126.32431418277883	88.98203045470828	80.09453354304497	58.419436808196224	198.1110652276111	2.020053843601006	124.969576415772	59.172444068648076	68.54871107162217	256.1338877393864	0.8982622516388243	118.25128745758529	59.129304905341314	47.82083957463601	108.61964757001988	434.22008056845516
10.3	176.12034388673243	149.642762304637	87.23419147905338	129.54025784636573	69.46036940438142	129.1233206803754	95.7248467033772	81.69595835079387	59.77793605098145	203.90280479718058	2.010377867134731	131.11629501902976	60.94059016560027	69.86282623749503	260.94422423798824	0.8843431284100984	124.12726720977776	61.06273796688177	48.77650309005094	110.75134639152384	442.734305546619
10.4	183.92677809136381	156.8508625793986	89.14003069665489	136.26880509078413	71.21744065137136	131.94708494457336	102.65627013511026	83.34221507705232	61.15904137721873	209.7323962746741	2.002041848040276	137.48446422159884	62.73857069762096	71.19231086607215	265.81301519292174	0.8709757885848297	130.21687769225088	63.03285689801294	49.74267873563258	112.90864709384186	451.35320673603565
10.5	191.98454962360046	164.30401335013022	91.06545176606232	143.2348142022836	72.99403219290161	134.79906845383812	109.77848566705987	85.03523377583466	62.56113318562666	215.5936299849709	1.9945221522838337	144.07857077701104	64.56679677967156	72.53758218134408	270.7446130151511	0.8582384301543926	136.52530198214112	65.03946519821542	50.71915530688648	115.08902848941943	460.0581761752255
10.6	200.29857080953002	172.00685187693412	93.00987118177113	150.44282667023143	74.79017329555091	137.67796718603495	117.09923476642115	86.77360309725711	63.98379617015098	221.4894769587845	1.9883068984563521	150.90390621637485	66.42469819105287	73.8979859115625	275.7336066912976	0.8458275872364227	143.05606690787184	67.08334668823451	51.70633371912663	117.29930341798172	468.90193625027314
10.7	208.87381070080178	179.96444644078525	94.97341483726825	157.89771807772456	76.60588495557778	140.58353727897702	124.62398285206115	88.55718339152494	65.42595061580687	227.417855227337	1.9832103871116704	157.9653175745308	68.31236994049289	75.2735970280437	280.7811570636695	0.834012195750913	149.81531405012188	69.16383051508473	52.703695075005726	119.53224741014856	477.82992584165186
10.8	217.71529412471943	188.18182787857802	96.95603805535927	165.6044506884366	78.44118554842777	143.5156240634169	132.3593577293604	90.38513167878133	66.88679105668689	233.3784634579206	1.9792162629929777	165.2678309968049	70.22974788141528	76.66431747009756	285.8868197617703	0.822679794508141	156.80752686112137	71.28122542856067	53.71133175726527	121.789975652071	486.8589796340093
10.9	226.82810129768714	196.6640823792122	98.95770082437252	173.56805193928864	80.29609324711038	146.47409347779103	140.3122243886741	92.256462967322	68.36559513518432	239.37126276479103	1.976308948073987	172.8165260492462	72.17677302910397	78.07005568130899	291.0501781257917	0.8118135785671579	164.0376678482544	73.4356022586324	54.72918529497383	124.07226527803869	495.988023893442
11.0	236.2173668572825	205.4163508222572	100.97836726232254	181.79361258476342	82.17062583680763	149.45882959397204	148.48956414726212	94.1701354645738	69.86171834128663	245.39639663358685	1.974474153955465	180.61653614039417	74.15339069386016	79.49072772391992	296.27084827329963	0.80139700118163	171.5107473925455	75.62703701480416	55.75719061393693	126.37885852812906	505.2157672950998
11.1	245.8882794439924	214.44382817499502	103.01800514351658	190.28628503014139	84.06480058160798	152.46973248915674	156.898396224612	96.12510597219193	71.37458680888676	251.45412762110936	1.973698708331839	188.67304733552595	76.15955019071743	80.92625507622688	301.54846935911337	0.7914138832111621	179.23182572244303	77.85561094146556	56.79528325780666	128.70949583953188	514.5408964939415
11.2	255.84608114402695	223.7516519517961	105.07638053471555	199.05130513088125	85.97862918166828	155.50679199469232	165.54643913261378	98.11995528884586	72.90397298240305	257.54659057589015	1.9741650111215747	196.99117005215433	78.19495548396122	82.37509563887215	306.8725640907069	0.7818483367990972	187.206010555324	80.1214104027473	57.84339396487758	131.06388973274443	523.9619062519632
11.299999999999999	266.0960670151897	233.34545668361017	107.15408215969865	208.09387492811993	87.91214223747318	158.56970817531692	174.43855012645	100.15494380639899	74.4485822210745	263.6688239594223	1.9752798480451406	205.57657946225666	80.26030893316806	83.84158922565803	312.27323755947873	0.7726849974406655	195.43845904281622	82.42452641654319	58.90145337665081	133.4417443217826	533.4772106944583
11.399999999999999	276.6435846976221	243.23026354404433	109.25047162031387	217.4193934021111	89.8653400990238	161.65864551545383	183.58377127672682	102.22795376766396	76.00885895850206	269.8266193406889	1.9776170384186176	214.434233919422	82.35482242684174	85.32126511664865	317.719774901052	0.7639088002642838	203.93437435491757	84.76505528403004	59.969387758877474	135.84274524642387	543.0851230057888
11.5	287.4940338293829	253.41158986980955	111.36573257090663	227.0332235079438	91.83824192477573	164.77347593566446	192.98826349540542	104.33856176888304	77.58416903423768	276.01863822023734	1.9809748280139436	223.56965590145361	84.47870552991742	86.81553360500948	323.2220392729505	0.7555053553259345	212.6990110762873	87.14309695238882	61.04712647016231	138.26658073146245	552.783913533669
11.6	298.65286608921554	263.89489382973716	113.49984573925599	236.94080734932214	93.83086105238453	167.914155516959	202.6588351072785	106.4860060109608	79.17420075729478	282.2453379720682	1.9853474265926063	232.9882911910658	86.63192080620252	88.32433985249008	328.7797706707497	0.7474603211447433	221.73766340865856	89.55875813176755	62.13458653531825	140.71288973648916	562.5715911230072
11.7	310.125584485334	274.6856850816184	115.65279364993353	247.14764195929325	95.84320998336	171.08064782389556	212.60223916181238	108.66959094815769	80.77867873193645	288.507174822269	1.9907302259082262	242.6956355831428	88.81443293786651	89.84762984759618	334.39270839549135	0.739760212906245	231.05567901413337	92.01214810101504	63.23169006198714	143.18131844246818	572.4461343558505
11.799999999999999	321.9177432643949	285.78952447768336	117.82456043697835	257.659278801175	97.8753002837484	174.2729231261692	222.82517880067206	110.88868382463585	82.39736012715548	294.80460181762464	1.9971203274551175	252.6972353459222	91.02620799401706	91.38535104530092	340.0605912444298	0.7274862812196738	240.5376529130396	94.53487144391204	64.11935275008727	144.65073639704497	576.3544699149206
11.9	334.03494761103957	297.2120237801525	120.01513166167842	268.48132307057676	99.9271426216693	177.49095772589862	233.3343121933796	113.14271129666287	84.0300306998679	301.13806312467204	2.0045152106572575	262.998682064217	93.26721502258994	92.9374388071592	345.7830768576823	0.7253421784726433	250.55141372952568	97.03257895883718	65.45450304470342	148.1830785111233	592.4475261941552
12.0	346.48285341103826	308.95872059869555	122.22426132901705	279.6194532476627	101.99874003544016	180.734789628812	244.13694185860223	115.43075482513757	85.67681453763453	307.5098371725762	2.010905109703844	273.59496137202734	95.54054755168806	94.47207684459318	351.3547527155606	0.7182583029407099	260.72793403874823	99.60297798424108	66.55691056132946	150.60094378855138	601.8589908666909
